  0.00000	 76.88454	 78.37000
  0.60000	 76.94708	 78.73000
  1.20000	 76.28931	 77.38000
  1.80000	 76.31628	 76.10000
  2.40000	 76.15181	 74.47000
  3.00000	 76.29719	 73.37000
  3.60000	 76.48892	 72.89000
  4.20000	 76.86210	 73.37000
  4.80000	 77.42852	 75.06000
  5.40000	 76.02888	 74.13000
  6.00000	 76.30435	 73.86000
  6.60000	 75.06531	 71.27000
  7.20000	 77.84325	 73.47000
  7.80000	 77.90392	 75.26000
  8.40000	 77.56426	 76.80000
  9.00000	 77.22661	 77.89000
  9.60000	 76.22832	 77.47000
 10.20000	 76.54939	 77.54000
 10.80000	 76.91071	 77.83000
 11.40000	 78.84430	 80.51000
 12.00000	 75.90378	 79.01000
 12.60000	 75.66819	 78.13000
 13.20000	 74.70393	 75.89000
 13.80000	 77.48855	 77.08000
 14.40000	 78.55390	 78.63000
 15.00000	 77.85567	 79.37000
 15.60000	 80.33888	 83.21000
 16.20000	 81.80510	 87.80000
 16.80000	 73.69486	 83.55000
 17.40000	 71.85429	 80.05000
 18.00000	 75.24044	 79.79000
 18.60000	 74.44018	 77.19000
 19.20000	 74.11627	 74.76000
 19.80000	 76.56153	 74.89000
 20.40000	 77.18715	 74.86000
 21.00000	 76.74387	 74.51000
 21.60000	 76.43013	 74.25000
 22.20000	 76.44718	 74.19000
 22.80000	 74.53569	 72.44000
 23.40000	 76.91547	 73.50000
 24.00000	 78.08076	 74.54000
 24.60000	 78.60772	 75.72000
 25.20000	 78.10603	 76.42000
 25.80000	 78.00693	 77.32000
 26.40000	 79.21626	 79.23000
 27.00000	 78.46897	 80.00000
 27.60000	 78.06447	 80.77000
 28.20000	 79.14554	 82.49000
 28.80000	 77.07941	 82.04000
 29.40000	 75.30648	 81.05000
 30.00000	 74.49487	 80.01000
 30.60000	 72.18182	 77.34000
 31.20000	 72.12601	 75.47000
 31.80000	 74.58367	 75.30000
 32.40000	 76.10958	 75.17000
 33.00000	 76.35964	 74.73000
 33.60000	 75.63223	 73.85000
 34.20000	 74.37226	 72.51000
 34.80000	 74.46078	 71.84000
 35.40000	 74.96166	 71.47000
 36.00000	 77.52322	 72.72000
 36.60000	 78.63250	 73.66000
 37.20000	 79.02752	 74.54000
 37.80000	 78.90555	 75.29000
 38.40000	 78.08422	 75.60000
 39.00000	 78.13987	 76.34000
 39.60000	 80.50180	 78.63000
 40.20000	 79.58464	 79.16000
 40.80000	 78.84976	 79.67000
 41.40000	 78.02529	 79.93000
 42.00000	 79.07554	 81.21000
 42.60000	 77.37793	 80.77000
 43.20000	 75.86920	 80.10000
 43.80000	 76.31630	 80.35000
 44.40000	 75.01565	 79.42000
 45.00000	 74.76232	 78.90000
 45.60000	 71.60285	 76.37000
 46.20000	 70.83270	 74.82000
 46.80000	 72.44224	 74.58000
 47.40000	 74.24021	 74.67000
 48.00000	 75.37659	 74.67000
 48.60000	 76.07313	 74.67000
 49.20000	 75.76287	 74.24000
 49.80000	 76.90705	 74.78000
 50.40000	 77.69808	 75.31000
 51.00000	 80.20232	 77.10000
 51.60000	 80.02002	 77.60000
 52.20000	 78.76471	 77.49000
 52.80000	 77.44060	 77.20000
 53.40000	 70.78659	 73.37000
 54.00000	 74.59075	 75.15000
 54.60000	 77.05278	 76.38000
 55.20000	 78.17809	 77.08000
 55.80000	 77.62913	 76.94000
 56.40000	 77.01038	 76.75000
 57.00000	 76.79061	 76.75000
 57.60000	 75.56929	 76.10000
 58.20000	 75.71606	 76.14000
 58.80000	 77.86364	 77.39000
 59.40000	 77.47374	 77.31000
 60.00000	 77.27018	 77.34000
 60.60000	 77.24838	 77.47000
 61.20000	 73.50335	 75.33000
 61.80000	 76.04584	 76.62000
 62.40000	 77.77563	 77.60000
 63.00000	 78.68661	 78.27000
 63.60000	 78.96636	 78.69000
 64.20000	 78.69018	 78.84000
 64.80000	 78.91846	 79.29000
 65.40000	 75.67176	 77.67000
 66.00000	 79.38225	 79.93000
 66.60000	 81.27696	 81.38000
 67.20000	 80.60067	 81.49000
 67.80000	 79.25403	 81.18000
 68.40000	 77.73682	 80.65000
 69.00000	 74.05426	 78.66000
 69.60000	 74.52467	 78.78000
 70.20000	 74.44378	 78.52000
 70.80000	 74.34101	 78.20000
 71.40000	 72.23710	 76.66000
 72.00000	 70.82670	 75.35000
 72.60000	 68.53619	 73.37000
 73.20000	 70.00795	 73.41000
 73.80000	 71.32291	 73.44000
 74.40000	 72.42655	 73.47000
 75.00000	 73.35440	 73.53000
 75.60000	 73.74459	 73.40000
 76.20000	 73.99045	 73.27000
 76.80000	 71.18629	 71.40000
 77.40000	 73.69277	 72.49000
 78.00000	 76.01612	 73.65000
 78.60000	 76.06642	 73.68000
 79.20000	 78.13362	 74.96000
 79.80000	 79.90455	 76.25000
 80.40000	 81.94360	 77.87000
 81.00000	 82.52727	 78.82000
 81.60000	 82.72374	 79.62000
 82.20000	 81.83909	 79.81000
 82.80000	 80.64762	 79.75000
 83.40000	 72.48106	 75.48000
 84.00000	 75.19135	 76.99000
 84.60000	 76.71773	 77.87000
 85.20000	 76.15679	 77.60000
 85.80000	 75.17803	 77.05000
 86.40000	 73.94209	 76.28000
 87.00000	 71.25662	 74.57000
 87.60000	 70.30948	 73.69000
 88.20000	 70.73776	 73.53000
 88.80000	 73.28720	 74.63000
 89.40000	 73.90913	 74.78000
 90.00000	 73.70593	 74.53000
 90.60000	 73.55040	 74.33000
 91.20000	 74.29963	 74.67000
 91.80000	 68.73193	 71.39000
 92.40000	 74.53179	 74.42000
 93.00000	 77.82919	 76.31000
 93.60000	 77.95733	 76.59000
 94.20000	 78.75649	 77.31000
 94.80000	 74.78934	 75.32000
 95.40000	 72.47070	 74.07000
 96.00000	 67.69663	 71.24000
 96.60000	 70.83950	 72.72000
 97.20000	 72.94050	 73.74000
 97.80000	 73.61796	 74.07000
 98.40000	 75.06184	 74.91000
 99.00000	 73.55655	 74.14000
 99.60000	 73.18966	 73.97000
100.20000	 69.30259	 71.75000
100.80000	 74.28070	 74.46000
101.40000	 77.76303	 76.54000
102.00000	 79.65268	 77.89000
102.60000	 80.87551	 78.96000
103.20000	 81.16983	 79.55000
103.80000	 76.54925	 77.31000
104.40000	 73.45922	 75.72000
105.00000	 75.74732	 77.05000
105.60000	 75.95403	 77.26000
106.20000	 75.33129	 77.00000
106.80000	 72.99833	 75.73000
107.40000	 71.43186	 74.80000
108.00000	 70.59153	 74.22000
108.60000	 68.57822	 72.94000
109.20000	 69.65265	 73.36000
109.80000	 74.53097	 76.01000
110.40000	 78.02583	 78.07000
111.00000	 80.86959	 79.90000
111.60000	 83.38000	 81.64000
112.20000	 80.74722	 80.52000
112.80000	 79.40615	 80.02000
113.40000	 81.58524	 81.45000
114.00000	 81.88688	 81.86000
114.60000	 81.62751	 81.94000
115.20000	 81.24536	 81.92000
115.80000	 79.03679	 80.83000
116.40000	 76.66034	 79.56000
117.00000	 71.73155	 76.76000
117.60000	 73.25193	 77.47000
118.20000	 73.88718	 77.73000
118.80000	 73.05828	 77.19000
119.40000	 74.24991	 77.78000
120.00000	 73.47759	 77.30000
120.60000	 73.63123	 77.33000
121.20000	 70.29570	 75.40000
121.80000	 74.76625	 77.80000
122.40000	 77.74802	 79.48000
123.00000	 78.04381	 79.72000
123.60000	 80.94492	 81.43000
124.20000	 79.94128	 81.00000
124.80000	 79.42529	 80.81000
125.40000	 73.82616	 77.74000
126.00000	 76.38637	 79.13000
126.60000	 77.70686	 79.88000
127.20000	 77.62619	 79.87000
127.80000	 75.61062	 78.77000
128.40000	 74.15045	 77.94000
129.00000	 72.36183	 76.90000
129.60000	 69.48060	 75.22000
130.20000	 68.53563	 74.58000
130.80000	 73.37282	 77.17000
131.40000	 77.30533	 79.35000
132.00000	 79.02001	 80.36000
132.60000	 78.22042	 79.99000
133.20000	 78.78282	 80.36000
133.80000	 75.73434	 78.72000
134.40000	 73.74730	 77.62000
135.00000	 76.89474	 79.35000
135.60000	 77.29650	 79.60000
136.20000	 76.43339	 79.15000
136.80000	 74.30068	 77.98000
137.40000	 72.32819	 76.87000
138.00000	 69.06345	 75.02000
138.60000	 67.26748	 73.95000
139.20000	 70.16321	 75.47000
139.80000	 73.44518	 77.25000
140.40000	 72.56672	 76.77000
141.00000	 71.61303	 76.24000
141.60000	 68.05179	 74.26000
142.20000	 66.07000	 73.12000
142.80000	 66.08185	 73.07000
143.40000	 69.37108	 74.84000
144.00000	 72.87762	 76.77000
144.60000	 71.49559	 76.04000
