  0.00000	 83.30815	 78.37000
  0.60000	 83.31190	 78.73000
  1.20000	 83.27551	 77.38000
  1.80000	 83.28095	 76.10000
  2.40000	 83.27513	 74.47000
  3.00000	 83.28344	 73.37000
  3.60000	 83.29070	 72.89000
  4.20000	 83.30357	 73.37000
  4.80000	 83.32142	 75.06000
  5.40000	 83.26694	 74.13000
  6.00000	 83.28743	 73.86000
  6.60000	 83.24549	 71.27000
  7.20000	 83.34157	 73.47000
  7.80000	 83.32023	 75.26000
  8.40000	 83.31045	 76.80000
  9.00000	 83.30656	 77.89000
  9.60000	 83.28374	 77.47000
 10.20000	 83.30090	 77.54000
 10.80000	 83.30649	 77.83000
 11.40000	 83.35071	 80.51000
 12.00000	 83.26434	 79.01000
 12.60000	 83.28765	 78.13000
 13.20000	 83.26629	 75.89000
 13.80000	 83.33293	 77.08000
 14.40000	 83.32822	 78.63000
 15.00000	 83.30641	 79.37000
 15.60000	 83.36978	 83.21000
 16.20000	 83.38000	 87.80000
 16.80000	 83.21088	 83.55000
 17.40000	 83.25678	 80.05000
 18.00000	 83.32842	 79.79000
 18.60000	 83.26691	 77.19000
 19.20000	 83.26653	 74.76000
 19.80000	 83.31379	 74.89000
 20.40000	 83.29883	 74.86000
 21.00000	 83.28708	 74.51000
 21.60000	 83.28947	 74.25000
 22.20000	 83.29342	 74.19000
 22.80000	 83.25993	 72.44000
 23.40000	 83.31739	 73.50000
 24.00000	 83.30956	 74.54000
 24.60000	 83.30829	 75.72000
 25.20000	 83.30052	 76.42000
 25.80000	 83.30835	 77.32000
 26.40000	 83.33000	 79.23000
 27.00000	 83.30725	 80.00000
 27.60000	 83.31215	 80.77000
 28.20000	 83.33467	 82.49000
 28.80000	 83.29283	 82.04000
 29.40000	 83.28981	 81.05000
 30.00000	 83.29426	 80.01000
 30.60000	 83.26273	 77.34000
 31.20000	 83.27984	 75.47000
 31.80000	 83.30778	 75.30000
 32.40000	 83.29803	 75.17000
 33.00000	 83.28715	 74.73000
 33.60000	 83.27894	 73.85000
 34.20000	 83.27132	 72.51000
 34.80000	 83.28450	 71.84000
 35.40000	 83.28649	 71.47000
 36.00000	 83.31347	 72.72000
 36.60000	 83.30150	 73.66000
 37.20000	 83.30020	 74.54000
 37.80000	 83.30062	 75.29000
 38.40000	 83.29504	 75.60000
 39.00000	 83.30650	 76.34000
 39.60000	 83.33676	 78.63000
 40.20000	 83.29976	 79.16000
 40.80000	 83.30546	 79.67000
 41.40000	 83.30599	 79.93000
 42.00000	 83.32790	 81.21000
 42.60000	 83.29336	 80.77000
 43.20000	 83.29397	 80.10000
 43.80000	 83.31507	 80.35000
 44.40000	 83.28952	 79.42000
 45.00000	 83.29866	 78.90000
 45.60000	 83.25960	 76.37000
 46.20000	 83.28175	 74.82000
 46.80000	 83.30298	 74.58000
 47.40000	 83.30021	 74.67000
 48.00000	 83.29347	 74.67000
 48.60000	 83.29297	 74.67000
 49.20000	 83.28516	 74.24000
 49.80000	 83.30496	 74.78000
 50.40000	 83.30224	 75.31000
 51.00000	 83.32532	 77.10000
 51.60000	 83.29838	 77.60000
 52.20000	 83.29137	 77.49000
 52.80000	 83.29364	 77.20000
 53.40000	 83.22808	 73.37000
 54.00000	 83.34434	 75.15000
 54.60000	 83.31855	 76.38000
 55.20000	 83.30100	 77.08000
 55.80000	 83.28910	 76.94000
 56.40000	 83.29402	 76.75000
 57.00000	 83.29975	 76.75000
 57.60000	 83.28654	 76.10000
 58.20000	 83.30082	 76.14000
 58.80000	 83.32210	 77.39000
 59.40000	 83.29206	 77.31000
 60.00000	 83.29746	 77.34000
 60.60000	 83.30198	 77.47000
 61.20000	 83.25857	 75.33000
 61.80000	 83.33000	 76.62000
 62.40000	 83.31547	 77.60000
 63.00000	 83.30548	 78.27000
 63.60000	 83.30366	 78.69000
 64.20000	 83.30191	 78.84000
 64.80000	 83.31009	 79.29000
 65.40000	 83.27073	 77.67000
 66.00000	 83.35063	 79.93000
 66.60000	 83.32604	 81.38000
 67.20000	 83.29884	 81.49000
 67.80000	 83.29875	 81.18000
 68.40000	 83.29974	 80.65000
 69.00000	 83.27299	 78.66000
 69.60000	 83.31630	 78.78000
 70.20000	 83.30227	 78.52000
 70.80000	 83.29751	 78.20000
 71.40000	 83.27411	 76.66000
 72.00000	 83.28144	 75.35000
 72.60000	 83.26745	 73.37000
 73.20000	 83.30440	 73.41000
 73.80000	 83.29568	 73.44000
 74.40000	 83.29102	 73.47000
 75.00000	 83.29128	 73.53000
 75.60000	 83.28791	 73.40000
 76.20000	 83.28857	 73.27000
 76.80000	 83.25548	 71.40000
 77.40000	 83.31636	 72.49000
 78.00000	 83.30971	 73.65000
 78.60000	 83.28360	 73.68000
 79.20000	 83.31226	 74.96000
 79.80000	 83.31229	 76.25000
 80.40000	 83.31885	 77.87000
 81.00000	 83.30778	 78.82000
 81.60000	 83.30977	 79.62000
 82.20000	 83.30232	 79.81000
 82.80000	 83.30153	 79.75000
 83.40000	 83.22359	 75.48000
 84.00000	 83.34565	 76.99000
 84.60000	 83.31854	 77.87000
 85.20000	 83.28843	 77.60000
 85.80000	 83.28810	 77.05000
 86.40000	 83.28755	 76.28000
 87.00000	 83.26993	 74.57000
 87.60000	 83.28687	 73.69000
 88.20000	 83.29666	 73.53000
 88.80000	 83.31491	 74.63000
 89.40000	 83.29105	 74.78000
 90.00000	 83.28540	 74.53000
 90.60000	 83.28999	 74.33000
 91.20000	 83.30093	 74.67000
 91.80000	 83.22973	 71.39000
 92.40000	 83.35923	 74.42000
 93.00000	 83.32180	 76.31000
 93.60000	 83.28655	 76.59000
 94.20000	 83.30480	 77.31000
 94.80000	 83.25734	 75.32000
 95.40000	 83.27962	 74.07000
 96.00000	 83.24903	 71.24000
 96.60000	 83.33128	 72.72000
 97.20000	 83.30786	 73.74000
 97.80000	 83.28920	 74.07000
 98.40000	 83.30335	 74.91000
 99.00000	 83.27431	 74.14000
 99.60000	 83.29099	 73.97000
100.20000	 83.25211	 71.75000
100.80000	 83.35018	 74.46000
101.40000	 83.32460	 76.54000
102.00000	 83.30708	 77.89000
102.60000	 83.30893	 78.96000
103.20000	 83.30612	 79.55000
103.80000	 83.25672	 77.31000
104.40000	 83.27904	 75.72000
105.00000	 83.33472	 77.05000
105.60000	 83.30073	 77.26000
106.20000	 83.29022	 77.00000
106.80000	 83.27485	 75.73000
107.40000	 83.28519	 74.80000
108.00000	 83.29052	 74.22000
108.60000	 83.27328	 72.94000
109.20000	 83.30519	 73.36000
109.80000	 83.34198	 76.01000
110.40000	 83.32189	 78.07000
111.00000	 83.31947	 79.90000
111.60000	 83.32441	 81.64000
112.20000	 83.27530	 80.52000
112.80000	 83.29899	 80.02000
113.40000	 83.33847	 81.45000
114.00000	 83.31166	 81.86000
114.60000	 83.30618	 81.94000
115.20000	 83.30820	 81.92000
115.80000	 83.28948	 80.83000
116.40000	 83.28906	 79.56000
117.00000	 83.26027	 76.76000
117.60000	 83.32900	 77.47000
118.20000	 83.30820	 77.73000
118.80000	 83.28747	 77.19000
119.40000	 83.31206	 77.78000
120.00000	 83.28984	 77.30000
120.60000	 83.30128	 77.33000
121.20000	 83.26363	 75.40000
121.80000	 83.35067	 77.80000
122.40000	 83.32554	 79.48000
123.00000	 83.29541	 79.72000
123.60000	 83.33196	 81.43000
124.20000	 83.29188	 81.00000
124.80000	 83.30286	 80.81000
125.40000	 83.25087	 77.74000
126.00000	 83.34316	 79.13000
126.60000	 83.31869	 79.88000
127.20000	 83.29874	 79.87000
127.80000	 83.28207	 78.77000
128.40000	 83.29255	 77.94000
129.00000	 83.28813	 76.90000
129.60000	 83.27392	 75.22000
130.20000	 83.29333	 74.58000
130.80000	 83.34997	 77.17000
131.40000	 83.32972	 79.35000
132.00000	 83.30640	 80.36000
132.60000	 83.28877	 79.99000
133.20000	 83.31230	 80.36000
133.80000	 83.27468	 78.72000
134.40000	 83.28940	 77.62000
135.00000	 83.34270	 79.35000
135.60000	 83.30347	 79.60000
136.20000	 83.29085	 79.15000
136.80000	 83.28263	 77.98000
137.40000	 83.28700	 76.87000
138.00000	 83.27175	 75.02000
138.60000	 83.28583	 73.95000
139.20000	 83.33060	 75.47000
139.80000	 83.32447	 77.25000
140.40000	 83.27766	 76.77000
141.00000	 83.28584	 76.24000
141.60000	 83.26297	 74.26000
142.20000	 83.28227	 73.12000
142.80000	 83.29946	 73.07000
143.40000	 83.32680	 74.84000
144.00000	 83.32197	 76.77000
144.60000	 66.07000	 76.04000
