  0.00000	 74.09264	 75.74000
  0.60000	 74.72115	 76.19000
  1.20000	 72.01439	 74.14000
  1.80000	 76.91476	 77.78000
  2.40000	 79.42557	 79.69000
  3.00000	 78.84683	 79.31000
  3.60000	 81.41762	 81.29000
  4.20000	 77.15747	 78.16000
  4.80000	 77.45729	 78.40000
  5.40000	 77.88925	 78.74000
  6.00000	 79.85609	 80.24000
  6.60000	 79.11852	 79.73000
  7.20000	 77.17481	 78.30000
  7.80000	 75.56219	 77.09000
  8.40000	 74.03365	 75.92000
  9.00000	 72.62499	 74.82000
  9.60000	 77.09842	 78.13000
 10.20000	 75.45461	 76.90000
 10.80000	 74.36914	 76.07000
 11.40000	 75.11004	 76.60000
 12.00000	 72.32802	 74.49000
 12.60000	 70.45757	 73.03000
 13.20000	 73.04220	 74.90000
 13.80000	 74.94985	 76.30000
 14.40000	 76.73792	 77.64000
 15.00000	 76.57836	 77.54000
 15.60000	 79.45161	 79.72000
 16.20000	 76.72109	 77.72000
 16.80000	 75.96956	 77.17000
 17.40000	 80.77574	 80.79000
 18.00000	 80.91242	 80.96000
 18.60000	 84.49090	 83.72000
 19.20000	 80.50436	 80.83000
 19.80000	 77.80692	 78.85000
 20.40000	 74.20938	 76.15000
 21.00000	 74.57260	 76.38000
 21.60000	 76.93415	 78.12000
 22.20000	 78.25280	 79.11000
 22.80000	 78.64211	 79.42000
 23.40000	 78.46697	 79.31000
 24.00000	 76.43666	 77.80000
 24.60000	 75.66721	 77.21000
 25.20000	 75.54987	 77.10000
 25.80000	 78.88770	 79.59000
 26.40000	 80.40950	 80.76000
 27.00000	 75.89816	 77.41000
 27.60000	 75.77618	 77.30000
 28.20000	 75.93705	 77.40000
 28.80000	 73.15679	 75.29000
 29.40000	 75.87229	 77.28000
 30.00000	 77.14057	 78.22000
 30.60000	 78.06368	 78.92000
 31.20000	 80.51088	 80.78000
 31.80000	 79.48709	 80.06000
 32.40000	 76.78414	 78.06000
 33.00000	 76.02071	 77.48000
 33.60000	 77.62438	 78.67000
 34.20000	 78.16180	 79.08000
 34.80000	 79.64552	 80.21000
 35.40000	 79.48242	 80.12000
 36.00000	 79.20477	 79.94000
 36.60000	 79.65257	 80.30000
 37.20000	 74.52768	 76.47000
 37.80000	 80.61843	 81.01000
 38.40000	 79.87601	 80.49000
 39.00000	 78.65465	 79.60000
 39.60000	 77.55159	 78.78000
 40.20000	 75.27456	 77.06000
 40.80000	 71.45767	 74.15000
 41.40000	 69.59428	 72.66000
 42.00000	 69.51259	 72.49000
 42.60000	 71.93429	 74.21000
 43.20000	 75.13934	 76.56000
 43.80000	 74.17299	 75.82000
 44.40000	 73.60550	 75.37000
 45.00000	 75.62421	 76.86000
 45.60000	 72.27613	 74.34000
 46.20000	 74.39446	 75.89000
 46.80000	 76.81823	 77.70000
 47.40000	 79.95275	 80.08000
 48.00000	 81.19741	 81.08000
 48.60000	 80.12486	 80.35000
 49.20000	 80.00833	 80.32000
 49.80000	 79.95360	 80.33000
 50.40000	 77.87223	 78.81000
 51.00000	 85.12046	 84.28000
 51.60000	 79.07415	 79.84000
 52.20000	 77.54007	 78.71000
 52.80000	 76.16012	 77.67000
 53.40000	 74.75310	 76.59000
 54.00000	 70.58022	 73.41000
 54.60000	 68.28666	 71.59000
 55.20000	 71.94092	 74.22000
 55.80000	 73.63257	 75.43000
 56.40000	 75.01896	 76.44000
 57.00000	 74.56862	 76.09000
 57.60000	 76.84792	 77.79000
 58.20000	 84.71854	 83.73000
 58.80000	 89.27182	 87.28000
 59.40000	 89.44433	 87.59000
 60.00000	 89.40207	 87.73000
 60.60000	 90.33409	 88.59000
 61.20000	 87.59806	 86.69000
 61.80000	 83.39850	 83.64000
 62.40000	 79.83245	 81.00000
 63.00000	 76.89639	 78.78000
 63.60000	 73.21787	 75.96000
 64.20000	 70.58605	 73.88000
 64.80000	 73.05691	 75.61000
 65.40000	 74.47600	 76.59000
 66.00000	 75.32745	 77.17000
 66.60000	 76.63462	 78.11000
 67.20000	 70.60545	 73.55000
 67.80000	 75.40395	 77.06000
 68.40000	 78.42316	 79.30000
 69.00000	 80.31831	 80.74000
 69.60000	 79.21527	 79.95000
 70.20000	 77.31073	 78.54000
 70.80000	 76.14780	 77.66000
 71.40000	 73.37258	 75.55000
 72.00000	 74.72519	 76.51000
 72.60000	 76.84706	 78.07000
 73.20000	 78.03587	 78.96000
 73.80000	 76.31788	 77.68000
 74.40000	 75.29546	 76.90000
 75.00000	 74.54414	 76.31000
 75.60000	 73.39285	 75.41000
 76.20000	 75.90012	 77.25000
 76.80000	 73.78784	 75.65000
 77.40000	 72.02953	 74.29000
 78.00000	 70.15461	 72.82000
 78.60000	 68.80060	 71.72000
 79.20000	 67.21194	 70.43000
 79.80000	 68.06175	 70.96000
 80.40000	 68.80688	 71.43000
 81.00000	 69.63520	 71.98000
 81.60000	 69.94905	 72.16000
 82.20000	 70.19782	 72.30000
 82.80000	 70.35739	 72.38000
 83.40000	 71.53296	 73.23000
 84.00000	 72.36487	 73.84000
 84.60000	 72.82053	 74.18000
 85.20000	 72.61596	 74.03000
 85.80000	 71.65774	 73.31000
 86.40000	 71.63381	 73.28000
 87.00000	 69.82944	 71.91000
 87.60000	 69.82354	 71.87000
 88.20000	 71.15756	 72.84000
 88.80000	 73.71319	 74.75000
 89.40000	 80.77780	 80.09000
 90.00000	 79.78331	 79.46000
 90.60000	 78.58711	 78.66000
 91.20000	 77.95446	 78.26000
 91.80000	 75.29562	 76.32000
 92.40000	 73.74093	 75.17000
 93.00000	 74.68966	 75.88000
 93.60000	 74.58585	 75.81000
 94.20000	 74.08544	 75.44000
 94.80000	 73.10313	 74.70000
 95.40000	 70.55771	 72.77000
 96.00000	 69.70502	 72.08000
 96.60000	 71.85439	 73.64000
 97.20000	 75.50132	 76.36000
 97.80000	 75.88967	 76.68000
 98.40000	 76.05829	 76.84000
 99.00000	 73.84844	 75.21000
 99.60000	 73.95356	 75.29000
100.20000	 74.27118	 75.53000
100.80000	 75.71255	 76.62000
101.40000	 76.14503	 76.97000
102.00000	 74.19270	 75.53000
102.60000	 73.22143	 74.80000
103.20000	 68.28322	 71.07000
103.80000	 71.13970	 73.14000
104.40000	 73.13017	 74.60000
105.00000	 74.28174	 75.46000
105.60000	 75.96832	 76.74000
106.20000	 74.03721	 75.32000
106.80000	 73.04634	 74.58000
107.40000	 74.34737	 75.55000
108.00000	 77.71091	 78.09000
108.60000	 77.58580	 78.05000
109.20000	 77.18667	 77.80000
109.80000	 77.33122	 77.95000
110.40000	 74.87340	 76.14000
111.00000	 73.69936	 75.26000
111.60000	 74.47531	 75.83000
112.20000	 75.76836	 76.80000
112.80000	 75.72187	 76.78000
113.40000	 75.49066	 76.62000
114.00000	 74.98599	 76.25000
114.60000	 73.54820	 75.17000
115.20000	 74.19636	 75.64000
115.80000	 74.60633	 75.94000
116.40000	 75.00761	 76.24000
117.00000	 74.72350	 76.03000
117.60000	 74.32498	 75.73000
118.20000	 74.09327	 75.55000
118.80000	 72.07178	 74.02000
119.40000	 73.89932	 75.36000
120.00000	 73.95143	 75.39000
120.60000	 75.86047	 76.82000
121.20000	 76.77773	 77.53000
121.80000	 75.19432	 76.37000
122.40000	 76.69776	 77.51000
123.00000	 74.97408	 76.24000
123.60000	 75.07675	 76.32000
124.20000	 77.29173	 77.99000
124.80000	 79.82585	 79.93000
125.40000	 76.45644	 77.46000
126.00000	 75.57042	 76.81000
126.60000	 74.86401	 76.28000
127.20000	 71.80623	 73.97000
127.80000	 73.44030	 75.15000
128.40000	 75.29483	 76.52000
129.00000	 76.47446	 77.41000
129.60000	 76.95396	 77.79000
130.20000	 77.33274	 78.10000
130.80000	 77.17532	 78.01000
131.40000	 78.88341	 79.32000
132.00000	 80.78918	 80.80000
132.60000	 85.93243	 84.74000
133.20000	 80.33249	 80.66000
133.80000	 79.40009	 80.01000
134.40000	 78.82601	 79.61000
135.00000	 73.62929	 75.72000
135.60000	 75.26511	 76.90000
136.20000	 76.16624	 77.55000
136.80000	 76.98079	 78.15000
137.40000	 75.58632	 77.10000
138.00000	 74.60154	 76.34000
138.60000	 72.21198	 74.51000
139.20000	 73.58339	 75.48000
139.80000	 74.77963	 76.34000
140.40000	 76.38779	 77.53000
141.00000	 75.83811	 77.12000
141.60000	 75.64286	 76.97000
142.20000	 75.59734	 76.93000
142.80000	 72.27040	 74.42000
143.40000	 74.99512	 76.42000
144.00000	 76.37950	 77.45000
144.60000	 65.32944	 77.49000
