  0.00000	 70.00488	 75.74000
  0.60000	 70.67910	 76.19000
  1.20000	 68.13491	 74.14000
  1.80000	 72.92981	 77.78000
  2.40000	 75.40810	 79.69000
  3.00000	 74.90313	 79.31000
  3.60000	 77.42734	 81.29000
  4.20000	 73.36557	 78.16000
  4.80000	 73.70371	 78.40000
  5.40000	 74.16144	 78.74000
  6.00000	 76.08734	 80.24000
  6.60000	 75.40289	 79.73000
  7.20000	 73.56542	 78.30000
  7.80000	 72.05771	 77.09000
  8.40000	 70.64196	 75.92000
  9.00000	 69.35394	 74.82000
  9.60000	 73.70485	 78.13000
 10.20000	 72.16155	 76.90000
 10.80000	 71.17220	 76.07000
 11.40000	 71.93788	 76.60000
 12.00000	 69.33273	 74.49000
 12.60000	 67.63400	 73.03000
 13.20000	 70.20519	 74.90000
 13.80000	 72.09373	 76.30000
 14.40000	 73.84107	 77.64000
 15.00000	 73.70832	 77.54000
 15.60000	 76.46132	 79.72000
 16.20000	 73.84047	 77.72000
 16.80000	 73.14896	 77.17000
 17.40000	 77.74267	 80.79000
 18.00000	 77.81343	 80.96000
 18.60000	 81.14477	 83.72000
 19.20000	 77.23595	 80.83000
 19.80000	 74.63730	 78.85000
 20.40000	 71.24823	 76.15000
 21.00000	 71.68785	 76.38000
 21.60000	 74.00450	 78.12000
 22.20000	 75.27527	 79.11000
 22.80000	 75.63408	 79.42000
 23.40000	 75.45003	 79.31000
 24.00000	 73.52310	 77.80000
 24.60000	 72.84330	 77.21000
 25.20000	 72.80043	 77.10000
 25.80000	 76.01042	 79.59000
 26.40000	 77.40513	 80.76000
 27.00000	 73.08065	 77.41000
 27.60000	 73.03126	 77.30000
 28.20000	 73.25440	 77.40000
 28.80000	 70.71348	 75.29000
 29.40000	 73.42363	 77.28000
 30.00000	 74.67378	 78.22000
 30.60000	 75.54533	 78.92000
 31.20000	 77.80148	 80.78000
 31.80000	 76.71111	 80.06000
 32.40000	 74.09530	 78.06000
 33.00000	 73.41381	 77.48000
 33.60000	 74.98331	 78.67000
 34.20000	 75.48826	 79.08000
 34.80000	 76.84595	 80.21000
 35.40000	 76.59750	 80.12000
 36.00000	 76.24914	 79.94000
 36.60000	 76.59390	 80.30000
 37.20000	 71.74353	 76.47000
 37.80000	 77.58213	 81.01000
 38.40000	 76.77084	 80.49000
 39.00000	 75.53832	 79.60000
 39.60000	 74.48540	 78.78000
 40.20000	 72.41752	 77.06000
 40.80000	 69.06486	 74.15000
 41.40000	 67.75306	 72.66000
 42.00000	 68.20698	 72.49000
 42.60000	 70.96569	 74.21000
 43.20000	 74.26357	 76.56000
 43.80000	 73.45992	 75.82000
 44.40000	 73.03767	 75.37000
 45.00000	 75.01903	 76.86000
 45.60000	 71.91699	 74.34000
 46.20000	 74.05550	 75.89000
 46.80000	 76.34209	 77.70000
 47.40000	 79.09722	 80.08000
 48.00000	 79.87320	 81.08000
 48.60000	 78.41691	 80.35000
 49.20000	 77.92778	 80.32000
 49.80000	 77.54664	 80.33000
 50.40000	 75.35638	 78.81000
 51.00000	 81.90662	 84.28000
 51.60000	 75.77997	 79.84000
 52.20000	 74.22960	 78.71000
 52.80000	 73.01280	 77.67000
 53.40000	 71.93276	 76.59000
 54.00000	 68.46940	 73.41000
 54.60000	 67.07068	 71.59000
 55.20000	 71.29670	 74.22000
 55.80000	 73.40156	 75.43000
 56.40000	 74.98195	 76.44000
 57.00000	 74.67439	 76.09000
 57.60000	 76.81536	 77.79000
 58.20000	 83.80727	 83.73000
 58.80000	 87.05000	 87.28000
 59.40000	 85.83323	 87.59000
 60.00000	 84.39929	 87.73000
 60.60000	 83.95169	 88.59000
 61.20000	 80.24077	 86.69000
 61.80000	 75.61138	 83.64000
 62.40000	 72.13641	 81.00000
 63.00000	 69.75527	 78.78000
 63.60000	 67.11856	 75.96000
 64.20000	 65.85000	 73.88000
 64.80000	 69.46001	 75.61000
 65.40000	 71.81977	 76.59000
 66.00000	 73.36325	 77.17000
 66.60000	 75.05598	 78.11000
 67.20000	 69.85370	 73.55000
 67.80000	 74.89739	 77.06000
 68.40000	 77.83661	 79.30000
 69.00000	 79.33473	 80.74000
 69.60000	 77.83356	 79.95000
 70.20000	 75.67957	 78.54000
 70.80000	 74.43076	 77.66000
 71.40000	 71.94112	 75.55000
 72.00000	 73.52222	 76.51000
 72.60000	 75.70548	 78.07000
 73.20000	 76.79701	 78.96000
 73.80000	 75.09777	 77.68000
 74.40000	 74.17335	 76.90000
 75.00000	 73.62607	 76.31000
 75.60000	 72.83331	 75.41000
 76.20000	 75.44000	 77.25000
 76.80000	 73.63693	 75.65000
 77.40000	 72.33934	 74.29000
 78.00000	 71.14416	 72.82000
 78.60000	 70.63641	 71.72000
 79.20000	 70.06686	 70.43000
 79.80000	 71.79063	 70.96000
 80.40000	 73.21952	 71.43000
 81.00000	 74.47544	 71.98000
 81.60000	 75.01676	 72.16000
 82.20000	 75.32948	 72.30000
 82.80000	 75.44433	 72.38000
 83.40000	 76.37802	 73.23000
 84.00000	 76.82893	 73.84000
 84.60000	 76.82618	 74.18000
 85.20000	 76.20446	 74.03000
 85.80000	 75.01057	 73.31000
 86.40000	 74.84641	 73.28000
 87.00000	 73.23203	 71.91000
 87.60000	 73.50191	 71.87000
 88.20000	 74.97261	 72.84000
 88.80000	 77.26793	 74.75000
 89.40000	 82.95998	 80.09000
 90.00000	 80.55204	 79.46000
 90.60000	 78.11280	 78.66000
 91.20000	 76.55482	 78.26000
 91.80000	 73.66338	 76.32000
 92.40000	 72.42078	 75.17000
 93.00000	 73.76317	 75.88000
 93.60000	 74.12139	 75.81000
 94.20000	 74.11227	 75.44000
 94.80000	 73.70818	 74.70000
 95.40000	 72.09729	 72.77000
 96.00000	 72.28817	 72.08000
 96.60000	 75.01739	 73.64000
 97.20000	 78.36863	 76.36000
 97.80000	 78.08954	 76.68000
 98.40000	 77.42963	 76.84000
 99.00000	 74.85783	 75.21000
 99.60000	 74.79605	 75.29000
100.20000	 75.05633	 75.53000
100.80000	 76.23348	 76.62000
101.40000	 76.30651	 76.97000
102.00000	 74.40328	 75.53000
102.60000	 73.79877	 74.80000
103.20000	 70.35923	 71.07000
103.80000	 74.19729	 73.14000
104.40000	 76.46159	 74.60000
105.00000	 77.24891	 75.46000
105.60000	 77.95784	 76.74000
106.20000	 75.45730	 75.32000
106.80000	 74.36193	 74.58000
107.40000	 75.48439	 75.55000
108.00000	 77.90067	 78.09000
108.60000	 76.81788	 78.05000
109.20000	 75.73476	 77.80000
109.80000	 75.44243	 77.95000
110.40000	 73.44720	 76.14000
111.00000	 73.26432	 75.26000
111.60000	 74.78538	 75.83000
112.20000	 76.18100	 76.80000
112.80000	 75.96632	 76.78000
113.40000	 75.54388	 76.62000
114.00000	 75.04104	 76.25000
114.60000	 74.12303	 75.17000
115.20000	 75.10779	 75.64000
115.80000	 75.57908	 75.94000
116.40000	 75.77845	 76.24000
117.00000	 75.35354	 76.03000
117.60000	 75.01006	 75.73000
118.20000	 74.96639	 75.55000
118.80000	 73.84591	 74.02000
119.40000	 75.79905	 75.36000
120.00000	 75.69440	 75.39000
120.60000	 76.64726	 76.82000
121.20000	 76.37503	 77.53000
121.80000	 74.62001	 76.37000
122.40000	 75.71499	 77.51000
123.00000	 74.44433	 76.24000
123.60000	 74.99841	 76.32000
124.20000	 76.53089	 77.99000
124.80000	 77.24224	 79.93000
125.40000	 74.06445	 77.46000
126.00000	 74.21354	 76.81000
126.60000	 74.66239	 76.28000
127.20000	 73.70835	 73.97000
127.80000	 75.83046	 75.15000
128.40000	 76.60847	 76.52000
129.00000	 76.25126	 77.41000
129.60000	 75.62842	 77.79000
130.20000	 75.40180	 78.10000
130.80000	 75.18239	 78.01000
131.40000	 76.04236	 79.32000
132.00000	 76.34793	 80.80000
132.60000	 77.69337	 84.74000
133.20000	 73.41974	 80.66000
133.80000	 74.53788	 80.01000
134.40000	 75.28045	 79.61000
135.00000	 73.67553	 75.72000
135.60000	 75.92725	 76.90000
136.20000	 75.97100	 77.55000
136.80000	 75.70368	 78.15000
137.40000	 74.86930	 77.10000
138.00000	 74.97810	 76.34000
138.60000	 74.66684	 74.51000
139.20000	 75.77238	 75.48000
139.80000	 75.72973	 76.34000
140.40000	 75.70817	 77.53000
141.00000	 75.13977	 77.12000
141.60000	 75.27152	 76.97000
142.20000	 75.37329	 76.93000
142.80000	 74.70657	 74.42000
143.40000	 75.95652	 76.42000
144.00000	 75.58529	 77.45000
144.60000	 75.28761	 77.49000
