  0.00000	 85.63284	 75.74000
  0.60000	 85.74735	 76.19000
  1.20000	 85.58834	 74.14000
  1.80000	 86.04697	 77.78000
  2.40000	 86.26282	 79.69000
  3.00000	 86.19634	 79.31000
  3.60000	 86.37370	 81.29000
  4.20000	 85.98519	 78.16000
  4.80000	 85.99708	 78.40000
  5.40000	 86.02500	 78.74000
  6.00000	 86.17451	 80.24000
  6.60000	 86.09377	 79.73000
  7.20000	 85.92472	 78.30000
  7.80000	 85.80323	 77.09000
  8.40000	 85.70836	 75.92000
  9.00000	 85.64053	 74.82000
  9.60000	 86.05055	 78.13000
 10.20000	 85.93165	 76.90000
 10.80000	 85.86198	 76.07000
 11.40000	 85.94254	 76.60000
 12.00000	 85.73553	 74.49000
 12.60000	 85.62357	 73.03000
 13.20000	 85.88084	 74.90000
 13.80000	 86.05780	 76.30000
 14.40000	 86.19864	 77.64000
 15.00000	 86.16064	 77.54000
 15.60000	 86.35852	 79.72000
 16.20000	 86.08686	 77.72000
 16.80000	 85.99828	 77.17000
 17.40000	 86.36356	 80.79000
 18.00000	 86.32094	 80.96000
 18.60000	 86.54878	 83.72000
 19.20000	 86.15003	 80.83000
 19.80000	 85.89587	 78.85000
 20.40000	 85.61023	 76.15000
 21.00000	 85.68423	 76.38000
 21.60000	 85.92110	 78.12000
 22.20000	 86.05189	 79.11000
 22.80000	 86.08913	 79.42000
 23.40000	 86.07095	 79.31000
 24.00000	 85.90398	 77.80000
 24.60000	 85.85493	 77.21000
 25.20000	 85.86672	 77.10000
 25.80000	 86.15271	 79.59000
 26.40000	 86.26136	 80.76000
 27.00000	 85.87331	 77.41000
 27.60000	 85.87239	 77.30000
 28.20000	 85.90078	 77.40000
 28.80000	 85.69746	 75.29000
 29.40000	 85.95386	 77.28000
 30.00000	 86.07031	 78.22000
 30.60000	 86.14105	 78.92000
 31.20000	 86.31766	 80.78000
 31.80000	 86.19369	 80.06000
 32.40000	 85.94526	 78.06000
 33.00000	 85.88028	 77.48000
 33.60000	 86.01715	 78.67000
 34.20000	 86.05890	 79.08000
 34.80000	 86.16967	 80.21000
 35.40000	 86.13546	 80.12000
 36.00000	 86.09277	 79.94000
 36.60000	 86.11174	 80.30000
 37.20000	 85.68966	 76.47000
 37.80000	 86.20468	 81.01000
 38.40000	 86.12886	 80.49000
 39.00000	 86.01698	 79.60000
 39.60000	 85.92603	 78.78000
 40.20000	 85.75563	 77.06000
 40.80000	 85.48821	 74.15000
 41.40000	 85.41409	 72.66000
 42.00000	 85.49968	 72.49000
 42.60000	 85.77873	 74.21000
 43.20000	 86.08523	 76.56000
 43.80000	 86.01616	 75.82000
 44.40000	 85.97318	 75.37000
 45.00000	 86.13352	 76.86000
 45.60000	 85.84856	 74.34000
 46.20000	 86.02456	 75.89000
 46.80000	 86.20793	 77.70000
 47.40000	 86.42297	 80.08000
 48.00000	 86.45673	 81.08000
 48.60000	 86.29514	 80.35000
 49.20000	 86.22428	 80.32000
 49.80000	 86.16996	 80.33000
 50.40000	 85.96693	 78.81000
 51.00000	 86.52975	 84.28000
 51.60000	 85.98306	 79.84000
 52.20000	 85.84963	 78.71000
 52.80000	 85.75449	 77.67000
 53.40000	 85.67814	 76.59000
 54.00000	 85.40031	 73.41000
 54.60000	 85.31039	 71.59000
 55.20000	 85.71034	 74.22000
 55.80000	 85.91262	 75.43000
 56.40000	 86.05719	 76.44000
 57.00000	 86.02768	 76.09000
 57.60000	 86.20644	 77.79000
 58.20000	 86.79922	 83.73000
 58.80000	 87.05000	 87.28000
 59.40000	 86.90504	 87.59000
 60.00000	 86.74521	 87.73000
 60.60000	 86.67943	 88.59000
 61.20000	 86.33769	 86.69000
 61.80000	 85.92935	 83.64000
 62.40000	 85.63588	 81.00000
 63.00000	 85.44827	 78.78000
 63.60000	 85.24418	 75.96000
 64.20000	 85.16248	 73.88000
 64.80000	 85.50555	 75.61000
 65.40000	 85.73035	 76.59000
 66.00000	 85.87515	 77.17000
 66.60000	 86.02605	 78.11000
 67.20000	 85.56775	 73.55000
 67.80000	 86.00877	 77.06000
 68.40000	 86.26080	 79.30000
 69.00000	 86.38393	 80.74000
 69.60000	 86.24328	 79.95000
 70.20000	 86.04711	 78.54000
 70.80000	 85.93280	 77.66000
 71.40000	 85.71089	 75.55000
 72.00000	 85.84848	 76.51000
 72.60000	 86.03946	 78.07000
 73.20000	 86.13467	 78.96000
 73.80000	 85.98411	 77.68000
 74.40000	 85.90171	 76.90000
 75.00000	 85.85212	 76.31000
 75.60000	 85.78004	 75.41000
 76.20000	 86.00834	 77.25000
 76.80000	 85.84732	 75.65000
 77.40000	 85.72932	 74.29000
 78.00000	 85.61808	 72.82000
 78.60000	 85.56526	 71.72000
 79.20000	 85.50485	 70.43000
 79.80000	 85.64731	 70.96000
 80.40000	 85.76633	 71.43000
 81.00000	 85.87371	 71.98000
 81.60000	 85.92124	 72.16000
 82.20000	 85.95098	 72.30000
 82.80000	 85.96468	 72.38000
 83.40000	 86.05303	 73.23000
 84.00000	 86.10100	 73.84000
 84.60000	 86.10987	 74.18000
 85.20000	 86.06267	 74.03000
 85.80000	 85.96043	 73.31000
 86.40000	 85.94549	 73.28000
 87.00000	 85.79563	 71.91000
 87.60000	 85.80881	 71.87000
 88.20000	 85.93170	 72.84000
 88.80000	 86.13852	 74.75000
 89.40000	 86.67371	 80.09000
 90.00000	 86.50064	 79.46000
 90.60000	 86.31543	 78.66000
 91.20000	 86.19362	 78.26000
 91.80000	 85.93116	 76.32000
 92.40000	 85.79481	 75.17000
 93.00000	 85.88421	 75.88000
 93.60000	 85.88981	 75.81000
 94.20000	 85.86649	 75.44000
 94.80000	 85.80924	 74.70000
 95.40000	 85.63667	 72.77000
 96.00000	 85.62053	 72.08000
 96.60000	 85.84827	 73.64000
 97.20000	 86.16866	 76.36000
 97.80000	 86.18706	 76.68000
 98.40000	 86.17376	 76.84000
 99.00000	 85.96731	 75.21000
 99.60000	 85.96572	 75.29000
100.20000	 85.98530	 75.53000
100.80000	 86.09378	 76.62000
101.40000	 86.11036	 76.97000
102.00000	 85.93452	 75.53000
102.60000	 85.85623	 74.80000
103.20000	 85.47868	 71.07000
103.80000	 85.76695	 73.14000
104.40000	 85.96372	 74.60000
105.00000	 86.06847	 75.46000
105.60000	 86.19572	 76.74000
106.20000	 86.01507	 75.32000
106.80000	 85.92371	 74.58000
107.40000	 86.02568	 75.55000
108.00000	 86.28127	 78.09000
108.60000	 86.22949	 78.05000
109.20000	 86.15543	 77.80000
109.80000	 86.13141	 77.95000
110.40000	 85.90655	 76.14000
111.00000	 85.81266	 75.26000
111.60000	 85.89170	 75.83000
112.20000	 86.00855	 76.80000
112.80000	 86.00673	 76.78000
113.40000	 85.98795	 76.62000
114.00000	 85.94839	 76.25000
114.60000	 85.83972	 75.17000
115.20000	 85.90981	 75.64000
115.80000	 85.95575	 75.94000
116.40000	 85.99506	 76.24000
117.00000	 85.97382	 76.03000
117.60000	 85.94407	 75.73000
118.20000	 85.93051	 75.55000
118.80000	 85.77780	 74.02000
119.40000	 85.94806	 75.36000
120.00000	 85.96154	 75.39000
120.60000	 86.11738	 76.82000
121.20000	 86.17391	 77.53000
121.80000	 86.02092	 76.37000
122.40000	 86.12609	 77.51000
123.00000	 85.96586	 76.24000
123.60000	 85.96809	 76.32000
124.20000	 86.14057	 77.99000
124.80000	 86.31928	 79.93000
125.40000	 86.00696	 77.46000
126.00000	 85.92266	 76.81000
126.60000	 85.86828	 76.28000
127.20000	 85.64057	 73.97000
127.80000	 85.81550	 75.15000
128.40000	 85.99460	 76.52000
129.00000	 86.09777	 77.41000
129.60000	 86.12734	 77.79000
130.20000	 86.13923	 78.10000
130.80000	 86.10330	 78.01000
131.40000	 86.21671	 79.32000
132.00000	 86.33187	 80.80000
132.60000	 86.68576	 84.74000
133.20000	 86.14458	 80.66000
133.80000	 86.02738	 80.01000
134.40000	 85.96255	 79.61000
135.00000	 85.55023	 75.72000
135.60000	 85.73480	 76.90000
136.20000	 85.85354	 77.55000
136.80000	 85.95343	 78.15000
137.40000	 85.86418	 77.10000
138.00000	 85.81349	 76.34000
138.60000	 85.65753	 74.51000
139.20000	 85.81802	 75.48000
139.80000	 85.94892	 76.34000
140.40000	 86.09344	 77.53000
141.00000	 86.04432	 77.12000
141.60000	 86.02198	 76.97000
142.20000	 86.01155	 76.93000
142.80000	 85.74276	 74.42000
143.40000	 85.98449	 76.42000
144.00000	 86.09800	 77.45000
144.60000	 65.85000	 77.49000
