  0.000000	 75.555112	 75.740000
  0.600000	 76.489101	 76.190000
  1.200000	 73.226639	 74.140000
  1.800000	 80.190489	 77.780000
  2.400000	 79.209541	 79.690000
  3.000000	 75.630686	 79.310000
  3.600000	 78.262554	 81.290000
  4.200000	 72.143722	 78.160000
  4.800000	 75.494479	 78.400000
  5.400000	 76.512451	 78.740000
  6.000000	 78.022336	 80.240000
  6.600000	 75.528297	 79.730000
  7.200000	 73.822866	 78.300000
  7.800000	 73.985204	 77.090000
  8.400000	 74.156158	 75.920000
  9.000000	 74.244537	 74.820000
  9.600000	 80.078660	 78.130000
 10.200000	 74.975705	 76.900000
 10.800000	 74.347151	 76.070000
 11.400000	 76.345679	 76.600000
 12.000000	 73.208697	 74.490000
 12.600000	 73.435295	 73.030000
 13.200000	 78.052552	 74.900000
 13.800000	 78.150840	 76.300000
 14.400000	 77.817782	 77.640000
 15.000000	 75.858512	 77.540000
 15.600000	 78.617880	 79.720000
 16.200000	 73.651507	 77.720000
 16.800000	 74.631065	 77.170000
 17.400000	 80.613278	 80.790000
 18.000000	 76.954874	 80.960000
 18.600000	 79.469835	 83.720000
 19.200000	 72.607504	 80.830000
 19.800000	 72.592158	 78.850000
 20.400000	 72.022092	 76.150000
 21.000000	 75.800568	 76.380000
 21.600000	 78.406063	 78.120000
 22.200000	 77.589822	 79.110000
 22.800000	 76.401436	 79.420000
 23.400000	 75.715488	 79.310000
 24.000000	 73.832954	 77.800000
 24.600000	 74.793708	 77.210000
 25.200000	 75.684922	 77.100000
 25.800000	 79.214418	 79.590000
 26.400000	 77.976270	 80.760000
 27.000000	 71.582156	 77.410000
 27.600000	 74.930698	 77.300000
 28.200000	 76.120864	 77.400000
 28.800000	 73.175321	 75.290000
 29.400000	 78.047131	 77.280000
 30.000000	 77.600052	 78.220000
 30.600000	 76.934489	 78.920000
 31.200000	 78.400870	 80.780000
 31.800000	 75.277357	 80.060000
 32.400000	 73.008913	 78.060000
 33.000000	 74.711378	 77.480000
 33.600000	 77.462168	 78.670000
 34.200000	 76.759403	 79.080000
 34.800000	 77.435437	 80.210000
 35.400000	 75.972516	 80.120000
 36.000000	 75.594645	 79.940000
 36.600000	 76.344820	 80.300000
 37.200000	 70.928372	 76.470000
 37.800000	 81.115309	 81.010000
 38.400000	 76.346745	 80.490000
 39.000000	 74.504690	 79.600000
 39.600000	 74.567984	 78.780000
 40.200000	 73.502383	 77.060000
 40.800000	 71.729826	 74.150000
 41.400000	 73.355689	 72.660000
 42.000000	 75.432601	 72.490000
 42.600000	 78.146970	 74.210000
 43.200000	 79.280381	 76.560000
 43.800000	 75.209643	 75.820000
 44.400000	 74.891521	 75.370000
 45.000000	 77.670927	 76.860000
 45.600000	 72.827819	 74.340000
 46.200000	 77.285535	 75.890000
 46.800000	 78.624982	 77.700000
 47.400000	 79.355014	 80.080000
 48.000000	 77.578187	 81.080000
 48.600000	 74.987584	 80.350000
 49.200000	 75.632121	 80.320000
 49.800000	 75.957247	 80.330000
 50.400000	 73.944036	 78.810000
 51.000000	 82.875758	 84.280000
 51.600000	 71.281189	 79.840000
 52.200000	 73.297317	 78.710000
 52.800000	 74.398231	 77.670000
 53.400000	 74.404793	 76.590000
 54.000000	 71.510997	 73.410000
 54.600000	 72.809445	 71.590000
 55.200000	 79.056404	 74.220000
 55.800000	 78.079178	 75.430000
 56.400000	 77.285706	 76.440000
 57.000000	 75.418774	 76.090000
 57.600000	 77.914888	 77.790000
 58.200000	 84.082313	 83.730000
 58.800000	 81.802670	 87.280000
 59.400000	 76.835411	 87.590000
 60.000000	 76.006161	 87.730000
 60.600000	 77.178992	 88.590000
 61.200000	 73.785231	 86.690000
 61.800000	 71.643009	 83.640000
 62.400000	 72.015618	 81.000000
 63.000000	 72.720550	 78.780000
 63.600000	 71.959995	 75.960000
 64.200000	 72.715449	 73.880000
 64.800000	 77.883346	 75.610000
 65.400000	 77.640507	 76.590000
 66.000000	 76.755747	 77.170000
 66.600000	 77.107825	 78.110000
 67.200000	 69.931819	 73.550000
 67.800000	 79.472497	 77.060000
 68.400000	 79.736994	 79.300000
 69.000000	 78.180148	 80.740000
 69.600000	 74.961163	 79.950000
 70.200000	 73.743378	 78.540000
 70.800000	 74.452810	 77.660000
 71.400000	 72.997637	 75.550000
 72.000000	 76.772840	 76.510000
 72.600000	 78.238810	 78.070000
 73.200000	 77.361821	 78.960000
 73.800000	 74.257264	 77.680000
 74.400000	 74.483801	 76.900000
 75.000000	 74.957235	 76.310000
 75.600000	 74.601594	 75.410000
 76.200000	 78.137088	 77.250000
 76.800000	 74.150379	 75.650000
 77.400000	 73.616241	 74.290000
 78.000000	 73.601331	 72.820000
 78.600000	 74.108635	 71.720000
 79.200000	 73.908678	 70.430000
 79.800000	 76.233096	 70.960000
 80.400000	 76.517392	 71.430000
 81.000000	 76.525584	 71.980000
 81.600000	 76.018224	 72.160000
 82.200000	 75.892257	 72.300000
 82.800000	 75.830499	 72.380000
 83.400000	 76.857327	 73.230000
 84.000000	 76.714627	 73.840000
 84.600000	 76.283153	 74.180000
 85.200000	 75.581354	 74.030000
 85.800000	 74.746083	 73.310000
 86.400000	 75.570996	 73.280000
 87.000000	 73.969103	 71.910000
 87.600000	 75.418535	 71.870000
 88.200000	 77.072789	 72.840000
 88.800000	 78.500947	 74.750000
 89.400000	 83.199355	 80.090000
 90.000000	 75.984091	 79.460000
 90.600000	 74.370337	 78.660000
 91.200000	 75.093233	 78.260000
 91.800000	 73.283811	 76.320000
 92.400000	 73.984477	 75.170000
 93.000000	 76.645766	 75.880000
 93.600000	 75.979870	 75.810000
 94.200000	 75.304960	 75.440000
 94.800000	 74.735102	 74.700000
 95.400000	 73.098820	 72.770000
 96.000000	 74.500218	 72.080000
 96.600000	 77.788356	 73.640000
 97.200000	 79.766524	 76.360000
 97.800000	 76.712592	 76.680000
 98.400000	 75.913693	 76.840000
 99.000000	 73.610622	 75.210000
 99.600000	 75.572303	 75.290000
100.200000	 76.230178	 75.530000
100.800000	 77.345661	 76.620000
101.400000	 76.500458	 76.970000
102.000000	 73.929833	 75.530000
102.600000	 74.510541	 74.800000
103.200000	 70.763731	 71.070000
103.800000	 77.805067	 73.140000
104.400000	 78.320126	 74.600000
105.000000	 77.192494	 75.460000
105.600000	 77.538164	 76.740000
106.200000	 74.101259	 75.320000
106.800000	 74.449178	 74.580000
107.400000	 76.977566	 75.550000
108.000000	 79.452530	 78.090000
108.600000	 76.283603	 78.050000
109.200000	 75.364445	 77.800000
109.800000	 75.948807	 77.950000
110.400000	 73.509215	 76.140000
111.000000	 74.310726	 75.260000
111.600000	 76.490212	 75.830000
112.200000	 77.314798	 76.800000
112.800000	 75.998246	 76.780000
113.400000	 75.553503	 76.620000
114.000000	 75.286439	 76.250000
114.600000	 74.330325	 75.170000
115.200000	 76.243445	 75.640000
115.800000	 76.373509	 75.940000
116.400000	 76.279759	 76.240000
117.000000	 75.577842	 76.030000
117.600000	 75.355015	 75.730000
118.200000	 75.520753	 75.550000
118.800000	 73.765106	 74.020000
119.400000	 77.274233	 75.360000
120.000000	 76.194761	 75.390000
120.600000	 77.676822	 76.820000
121.200000	 77.025747	 77.530000
121.800000	 74.370386	 76.370000
122.400000	 77.044221	 77.510000
123.000000	 74.438326	 76.240000
123.600000	 75.657978	 76.320000
124.200000	 78.109102	 77.990000
124.800000	 78.800471	 79.930000
125.400000	 72.924247	 77.460000
126.000000	 74.362776	 76.810000
126.600000	 75.096958	 76.280000
127.200000	 72.762075	 73.970000
127.800000	 76.947299	 75.150000
128.400000	 77.990430	 76.520000
129.000000	 77.276876	 77.410000
129.600000	 76.427777	 77.790000
130.200000	 76.259466	 78.100000
130.800000	 75.769639	 78.010000
131.400000	 77.571439	 79.320000
132.000000	 78.126705	 80.800000
132.600000	 81.397637	 84.740000
133.200000	 71.272201	 80.660000
133.800000	 74.028535	 80.010000
134.400000	 75.394068	 79.610000
135.000000	 70.817396	 75.720000
135.600000	 76.688289	 76.900000
136.200000	 77.164759	 77.550000
136.800000	 76.822740	 78.150000
137.400000	 74.535565	 77.100000
138.000000	 74.577779	 76.340000
138.600000	 73.294676	 74.510000
139.200000	 76.791138	 75.480000
139.800000	 77.265658	 76.340000
140.400000	 77.572574	 77.530000
141.000000	 75.472418	 77.120000
141.600000	 75.476286	 76.970000
142.200000	 75.754891	 76.930000
142.800000	 72.523259	 74.420000
143.400000	 77.963135	 76.420000
144.000000	 77.730410	 77.450000
144.600000	  7.060978	 77.490000
