  0.00000	 35.15000	 53.86000
  0.60000	 35.61763	 53.48000
  1.20000	 36.42937	 53.32000
  1.80000	 36.57737	 52.79000
  2.40000	 37.09330	 52.53000
  3.00000	 39.19216	 53.37000
  3.60000	 40.95516	 54.21000
  4.20000	 42.44090	 55.09000
  4.80000	 40.12119	 53.69000
  5.40000	 42.23512	 55.04000
  6.00000	 43.50878	 56.03000
  6.60000	 43.24711	 56.17000
  7.20000	 42.63676	 56.10000
  7.80000	 41.82822	 55.86000
  8.40000	 40.69847	 55.33000
  9.00000	 39.86733	 54.87000
  9.60000	 39.20655	 54.41000
 10.20000	 38.92327	 54.10000
 10.80000	 37.55004	 53.02000
 11.40000	 39.69533	 54.09000
 12.00000	 41.33291	 54.99000
 12.60000	 41.31234	 54.98000
 13.20000	 43.03312	 56.15000
 13.80000	 44.02983	 57.03000
 14.40000	 42.24543	 56.23000
 15.00000	 42.76184	 56.81000
 15.60000	 43.08799	 57.30000
 16.20000	 42.20581	 57.03000
 16.80000	 41.64292	 56.89000
 17.40000	 40.94183	 56.59000
 18.00000	 40.52762	 56.39000
 18.60000	 40.59658	 56.44000
 19.20000	 42.83592	 57.89000
 19.80000	 44.88639	 59.41000
 20.40000	 45.78506	 60.40000
 21.00000	 44.13124	 59.86000
 21.60000	 42.81270	 59.43000
 22.20000	 41.74347	 59.03000
 22.80000	 40.49606	 58.38000
 23.40000	 39.56621	 57.78000
 24.00000	 39.95956	 57.91000
 24.60000	 38.55944	 56.86000
 25.20000	 37.81069	 56.09000
 25.80000	 38.07601	 55.88000
 26.40000	 38.91582	 56.04000
 27.00000	 37.49063	 54.79000
 27.60000	 41.57066	 57.02000
 28.20000	 44.19472	 58.66000
 28.80000	 45.66697	 59.86000
 29.40000	 44.63707	 59.65000
 30.00000	 43.69889	 59.48000
 30.60000	 42.71118	 59.21000
 31.20000	 41.97175	 59.00000
 31.80000	 41.42602	 58.82000
 32.40000	 41.26737	 58.81000
 33.00000	 41.45318	 58.98000
 33.60000	 39.37936	 57.67000
 34.20000	 38.60642	 57.01000
 34.80000	 39.29481	 57.19000
 35.40000	 40.32584	 57.62000
 36.00000	 40.89878	 57.84000
 36.60000	 40.68941	 57.62000
 37.20000	 39.66358	 56.87000
 37.80000	 38.98126	 56.26000
 38.40000	 40.64891	 57.11000
 39.00000	 41.45053	 57.53000
 39.60000	 42.47156	 58.19000
 40.20000	 40.30405	 56.89000
 40.80000	 39.06146	 56.03000
 41.40000	 40.85802	 57.02000
 42.00000	 40.00425	 56.41000
 42.60000	 39.20094	 55.77000
 43.20000	 39.31625	 55.65000
 43.80000	 39.18093	 55.36000
 44.40000	 39.08813	 55.08000
 45.00000	 37.98763	 54.13000
 45.60000	 37.28866	 53.34000
 46.20000	 38.41527	 53.66000
 46.80000	 38.58633	 53.44000
 47.40000	 39.04860	 53.44000
 48.00000	 37.76978	 52.36000
 48.60000	 37.16062	 51.62000
 49.20000	 37.21774	 51.25000
 49.80000	 38.32719	 51.56000
 50.40000	 38.99219	 51.68000
 51.00000	 39.34344	 51.68000
 51.60000	 39.37111	 51.53000
 52.20000	 37.47283	 50.15000
 52.80000	 39.09230	 50.91000
 53.40000	 40.16788	 51.44000
 54.00000	 40.18976	 51.40000
 54.60000	 40.26598	 51.43000
 55.20000	 40.57732	 51.64000
 55.80000	 39.43230	 50.94000
 56.40000	 39.07183	 50.66000
 57.00000	 39.73295	 51.00000
 57.60000	 40.41454	 51.40000
 58.20000	 40.68632	 51.60000
 58.80000	 40.84978	 51.77000
 59.40000	 39.69860	 51.11000
 60.00000	 38.67867	 50.44000
 60.60000	 39.09789	 50.60000
 61.20000	 39.28634	 50.62000
 61.80000	 38.96889	 50.32000
 62.40000	 38.74100	 50.05000
 63.00000	 38.64375	 49.84000
 63.60000	 39.02763	 49.93000
 64.20000	 39.39301	 50.04000
 64.80000	 38.63994	 49.46000
 65.40000	 40.51591	 50.54000
 66.00000	 41.75435	 51.37000
 66.60000	 41.78913	 51.56000
 67.20000	 42.13943	 52.00000
 67.80000	 42.62128	 52.58000
 68.40000	 42.19866	 52.63000
 69.00000	 42.63893	 53.22000
 69.60000	 42.74572	 53.63000
 70.20000	 45.41999	 55.73000
 70.80000	 46.64631	 57.13000
 71.40000	 46.29943	 57.66000
 72.00000	 45.29518	 57.77000
 72.60000	 44.69432	 58.06000
 73.20000	 42.98640	 57.55000
 73.80000	 42.25474	 57.49000
 74.40000	 42.09324	 57.68000
 75.00000	 44.40290	 59.42000
 75.60000	 47.05228	 61.56000
 76.20000	 48.90000	 63.44000
 76.80000	 47.26463	 63.27000
 77.40000	 46.15382	 63.35000
 78.00000	 45.68450	 63.74000
 78.60000	 45.17863	 64.03000
 79.20000	 44.39929	 64.06000
 79.80000	 45.10108	 64.95000
 80.40000	 41.92319	 63.33000
 81.00000	 39.53658	 61.92000
 81.60000	 40.04452	 62.11000
 82.20000	 40.30584	 62.10000
 82.80000	 40.68003	 62.15000
 83.40000	 39.82985	 61.42000
 84.00000	 39.32795	 60.84000
 84.60000	 37.35525	 59.24000
 85.20000	 39.35573	 60.04000
 85.80000	 40.52427	 60.44000
 86.40000	 40.94807	 60.48000
 87.00000	 39.63411	 59.46000
 87.60000	 38.74872	 58.63000
 88.20000	 41.22553	 59.91000
 88.80000	 40.40833	 59.25000
 89.40000	 39.66056	 58.60000
 90.00000	 38.39174	 57.55000
 90.60000	 37.44949	 56.59000
 91.20000	 37.62655	 56.25000
 91.80000	 36.65692	 55.15000
 92.40000	 35.69702	 53.96000
 93.00000	 36.36746	 53.73000
 93.60000	 37.02133	 53.53000
 94.20000	 36.69869	 52.76000
 94.80000	 36.60030	 52.13000
 95.40000	 37.32198	 52.04000
 96.00000	 37.05110	 51.38000
 96.60000	 37.08454	 50.92000
 97.20000	 37.94744	 51.02000
 97.80000	 38.86580	 51.25000
 98.40000	 39.16655	 51.19000
 99.00000	 41.09802	 52.26000
 99.60000	 42.83525	 53.41000
100.20000	 41.81115	 52.97000
100.80000	 41.12691	 52.72000
101.40000	 41.89531	 53.37000
102.00000	 42.19835	 53.78000
102.60000	 41.72601	 53.72000
103.20000	 41.79767	 53.98000
103.80000	 42.03798	 54.35000
104.40000	 40.58312	 53.63000
105.00000	 39.86984	 53.26000
105.60000	 40.83298	 53.89000
106.20000	 40.91158	 54.00000
106.80000	 40.99428	 54.12000
107.40000	 40.65068	 53.97000
108.00000	 40.52189	 53.93000
108.60000	 40.28315	 53.80000
109.20000	 40.40937	 53.88000
109.80000	 39.21384	 53.10000
110.40000	 42.59945	 55.20000
111.00000	 44.80937	 56.82000
111.60000	 46.29540	 58.22000
112.20000	 46.03131	 58.68000
112.80000	 45.57451	 59.05000
113.40000	 43.34112	 58.24000
114.00000	 41.94694	 57.77000
114.60000	 42.99868	 58.72000
115.20000	 41.51148	 58.05000
115.80000	 40.15200	 57.31000
116.40000	 39.27453	 56.72000
117.00000	 39.02425	 56.41000
117.60000	 37.39086	 55.13000
118.20000	 36.48895	 54.15000
118.80000	 37.86213	 54.53000
119.40000	 38.54707	 54.55000
120.00000	 38.20187	 53.97000
120.60000	 38.13062	 53.56000
121.20000	 38.49729	 53.44000
121.80000	 37.94176	 52.76000
122.40000	 38.17550	 52.56000
123.00000	 38.12808	 52.20000
123.60000	 41.10445	 53.82000
124.20000	 43.06805	 55.06000
124.80000	 43.31269	 55.42000
125.40000	 43.61232	 55.91000
126.00000	 43.52857	 56.22000
126.60000	 43.78337	 56.77000
127.20000	 43.49779	 57.00000
127.80000	 42.84535	 56.97000
128.40000	 41.51373	 56.43000
129.00000	 40.84386	 56.18000
129.60000	 39.31768	 55.27000
130.20000	 38.53664	 54.67000
130.80000	 38.50765	 54.44000
131.40000	 38.95933	 54.48000
132.00000	 40.40640	 55.19000
132.60000	 40.88632	 55.40000
133.20000	 41.27083	 55.62000
133.80000	 40.82671	 55.36000
134.40000	 40.67160	 55.27000
135.00000	 39.15415	 54.28000
135.60000	 41.03565	 55.37000
136.20000	 42.37387	 56.25000
136.80000	 42.39105	 56.41000
137.40000	 42.30536	 56.54000
138.00000	 40.33496	 55.45000
138.60000	 41.66226	 56.34000
139.20000	 42.59467	 57.06000
139.80000	 42.01092	 56.88000
140.40000	 41.38925	 56.64000
141.00000	 40.79747	 56.36000
141.60000	 40.26521	 56.05000
142.20000	 38.58328	 54.92000
142.80000	 39.39092	 55.24000
143.40000	 40.21131	 55.60000
144.00000	 39.07470	 54.75000
144.60000	 38.36922	 54.09000
145.20000	 38.05732	 53.61000
145.80000	 38.16841	 53.36000
146.40000	 37.54836	 52.63000
147.00000	 39.34516	 53.42000
147.60000	 40.81060	 54.15000
148.20000	 43.65907	 55.95000
148.80000	 43.89092	 56.35000
149.40000	 44.12165	 56.85000
150.00000	 42.51860	 56.22000
150.60000	 41.42153	 55.80000
151.20000	 42.46694	 56.66000
151.80000	 41.68696	 56.39000
152.40000	 41.08108	 56.16000
153.00000	 39.99089	 55.54000
153.60000	 39.31902	 55.07000
154.20000	 38.59460	 54.47000
154.80000	 38.37194	 54.10000
155.40000	 39.37400	 54.48000
156.00000	 39.17614	 54.15000
156.60000	 38.95885	 53.80000
157.20000	 39.98965	 54.25000
157.80000	 40.69017	 54.58000
158.40000	 40.20236	 54.22000
159.00000	 41.10515	 54.75000
159.60000	 41.68710	 55.16000
160.20000	 41.11418	 54.89000
160.80000	 40.55737	 54.60000
161.40000	 39.74059	 54.09000
162.00000	 39.17712	 53.66000
162.60000	 38.38830	 53.01000
163.20000	 38.09553	 52.59000
163.80000	 37.94363	 52.21000
164.40000	 38.91093	 52.53000
165.00000	 39.57281	 52.73000
165.60000	 39.65820	 52.63000
166.20000	 39.71088	 52.54000
166.80000	 38.18440	 51.44000
167.40000	 39.31959	 51.95000
168.00000	 40.17266	 52.36000
168.60000	 40.70386	 52.65000
169.20000	 41.01659	 52.87000
169.80000	 40.71297	 52.74000
170.40000	 41.01997	 53.00000
171.00000	 41.69023	 53.53000
171.60000	 40.98397	 53.23000
172.20000	 41.18013	 53.47000
172.80000	 43.43986	 55.07000
173.40000	 43.60724	 55.51000
174.00000	 43.58380	 55.88000
174.60000	 43.42327	 56.18000
175.20000	 42.63056	 56.06000
175.80000	 41.95397	 55.94000
176.40000	 42.88905	 56.79000
177.00000	 43.39786	 57.42000
177.60000	 43.23980	 57.66000
178.20000	 43.26421	 58.01000
178.80000	 43.75002	 58.66000
179.40000	 41.48096	 57.55000
180.00000	 40.30849	 56.95000
180.60000	 42.84396	 58.62000
181.20000	 41.86618	 58.18000
181.80000	 41.30353	 57.94000
182.40000	 40.17606	 57.27000
183.00000	 39.83028	 56.99000
183.60000	 38.86086	 56.24000
184.20000	 41.60004	 57.80000
184.80000	 43.34084	 58.93000
185.40000	 44.56785	 59.92000
186.00000	 43.98099	 59.89000
186.60000	 43.36981	 59.84000
187.20000	 42.01222	 59.26000
187.80000	 41.14749	 58.87000
188.40000	 38.09591	 56.94000
189.00000	 39.81542	 57.81000
189.60000	 41.42576	 58.69000
190.20000	 41.09391	 58.44000
190.80000	 40.99874	 58.34000
191.40000	 39.75491	 57.49000
192.00000	 41.26765	 58.33000
192.60000	 42.32280	 58.99000
193.20000	 41.96218	 58.84000
193.80000	 41.49974	 58.62000
194.40000	 40.69005	 58.14000
195.00000	 40.12293	 57.74000
195.60000	 38.45300	 56.55000
196.20000	 39.52881	 56.98000
196.80000	 40.13282	 57.16000
197.40000	 41.24971	 57.73000
198.00000	 41.62299	 57.93000
198.60000	 40.58189	 57.27000
199.20000	 39.77293	 56.69000
199.80000	 39.53028	 56.40000
200.40000	 38.72056	 55.70000
201.00000	 38.09029	 55.03000
201.60000	 39.24832	 55.45000
202.20000	 39.84553	 55.59000
202.80000	 40.13919	 55.60000
203.40000	 39.34858	 54.95000
204.00000	 38.93041	 54.49000
204.60000	 38.06880	 53.70000
205.20000	 37.84385	 53.24000
205.80000	 37.56940	 52.71000
206.40000	 37.88519	 52.53000
207.00000	 39.71362	 53.36000
207.60000	 40.40298	 53.62000
208.20000	 40.90241	 53.86000
208.80000	 40.86043	 53.83000
209.40000	 40.89869	 53.88000
210.00000	 39.25187	 52.85000
210.60000	 41.34254	 54.12000
211.20000	 42.30436	 54.82000
211.80000	 42.21979	 54.95000
212.40000	 41.21170	 54.50000
