  0.00000	 44.23855	 53.86000
  0.60000	 41.02974	 53.48000
  1.20000	 40.16171	 53.32000
  1.80000	 38.63576	 52.79000
  2.40000	 39.61017	 52.53000
  3.00000	 43.00196	 53.37000
  3.60000	 42.31516	 54.21000
  4.20000	 42.30872	 55.09000
  4.80000	 35.23909	 53.69000
  5.40000	 45.48261	 55.04000
  6.00000	 43.48239	 56.03000
  6.60000	 40.37432	 56.17000
  7.20000	 40.47701	 56.10000
  7.80000	 40.48337	 55.86000
  8.40000	 39.71722	 55.33000
  9.00000	 40.02981	 54.87000
  9.60000	 39.90048	 54.41000
 10.20000	 40.17791	 54.10000
 10.80000	 37.43775	 53.02000
 11.40000	 44.53325	 54.09000
 12.00000	 42.91409	 54.99000
 12.60000	 39.62458	 54.98000
 13.20000	 44.18082	 56.15000
 13.80000	 43.13809	 57.03000
 14.40000	 37.86373	 56.23000
 15.00000	 43.46927	 56.81000
 15.60000	 42.96287	 57.30000
 16.20000	 40.26508	 57.03000
 16.80000	 41.16980	 56.89000
 17.40000	 40.82252	 56.59000
 18.00000	 41.13806	 56.39000
 18.60000	 41.82506	 56.44000
 19.20000	 46.11157	 57.89000
 19.80000	 45.62589	 59.41000
 20.40000	 43.87862	 60.40000
 21.00000	 39.71511	 59.86000
 21.60000	 41.38932	 59.43000
 22.20000	 41.87409	 59.03000
 22.80000	 40.86955	 58.38000
 23.40000	 40.92708	 57.78000
 24.00000	 43.09676	 57.91000
 24.60000	 38.71955	 56.86000
 25.20000	 39.89641	 56.09000
 25.80000	 41.62633	 55.88000
 26.40000	 42.20600	 56.04000
 27.00000	 37.15219	 54.79000
 27.60000	 48.90000	 57.02000
 28.20000	 45.53640	 58.66000
 28.80000	 43.89098	 59.86000
 29.40000	 40.29342	 59.65000
 30.00000	 41.79074	 59.48000
 30.60000	 41.96480	 59.21000
 31.20000	 42.14273	 59.00000
 31.80000	 42.10590	 58.82000
 32.40000	 42.52717	 58.81000
 33.00000	 42.94630	 58.98000
 33.60000	 38.02037	 57.67000
 34.20000	 40.76649	 57.01000
 34.80000	 43.27478	 57.19000
 35.40000	 43.23053	 57.62000
 36.00000	 42.11756	 57.84000
 36.60000	 40.84064	 57.62000
 37.20000	 39.51809	 56.87000
 37.80000	 40.31772	 56.26000
 38.40000	 44.89463	 57.11000
 39.00000	 42.56270	 57.53000
 39.60000	 43.24705	 58.19000
 40.20000	 37.11734	 56.89000
 40.80000	 39.62029	 56.03000
 41.40000	 45.67341	 57.02000
 42.00000	 39.22868	 56.41000
 42.60000	 39.42031	 55.77000
 43.20000	 41.46826	 55.65000
 43.80000	 40.54363	 55.36000
 44.40000	 40.36949	 55.08000
 45.00000	 38.13207	 54.13000
 45.60000	 38.84959	 53.34000
 46.20000	 42.25944	 53.66000
 46.80000	 39.66641	 53.44000
 47.40000	 40.26951	 53.44000
 48.00000	 36.79021	 52.36000
 48.60000	 38.32260	 51.62000
 49.20000	 39.37031	 51.25000
 49.80000	 41.00158	 51.56000
 50.40000	 39.75552	 51.68000
 51.00000	 39.28854	 51.68000
 51.60000	 38.97605	 51.53000
 52.20000	 35.15000	 50.15000
 52.80000	 42.60634	 50.91000
 53.40000	 40.87007	 51.44000
 54.00000	 38.59009	 51.40000
 54.60000	 39.28072	 51.43000
 55.20000	 40.09669	 51.64000
 55.80000	 37.09111	 50.94000
 56.40000	 38.84263	 50.66000
 57.00000	 40.74248	 51.00000
 57.60000	 40.40927	 51.40000
 58.20000	 39.58615	 51.60000
 58.80000	 39.69738	 51.77000
 59.40000	 37.21033	 51.11000
 60.00000	 37.63870	 50.44000
 60.60000	 40.39527	 50.60000
 61.20000	 39.33558	 50.62000
 61.80000	 38.07033	 50.32000
 62.40000	 38.34543	 50.05000
 63.00000	 38.56307	 49.84000
 63.60000	 39.39827	 49.93000
 64.20000	 39.21263	 50.04000
 64.80000	 36.88764	 49.46000
 65.40000	 42.57791	 50.54000
 66.00000	 41.09309	 51.37000
 66.60000	 38.90976	 51.56000
 67.20000	 40.36527	 52.00000
 67.80000	 41.08267	 52.58000
 68.40000	 39.40521	 52.63000
 69.00000	 41.52837	 53.22000
 69.60000	 40.93865	 53.63000
 70.20000	 46.50109	 55.73000
 70.80000	 43.69732	 57.13000
 71.40000	 41.35211	 57.66000
 72.00000	 41.17082	 57.77000
 72.60000	 42.55936	 58.06000
 73.20000	 40.13106	 57.55000
 73.80000	 41.96296	 57.49000
 74.40000	 42.67124	 57.68000
 75.00000	 47.37637	 59.42000
 75.60000	 47.91861	 61.56000
 76.20000	 46.95141	 63.44000
 76.80000	 41.09745	 63.27000
 77.40000	 43.68846	 63.35000
 78.00000	 45.37192	 63.74000
 78.60000	 44.89230	 64.03000
 79.20000	 44.06336	 64.06000
 79.80000	 47.08880	 64.95000
 80.40000	 38.74003	 63.33000
 81.00000	 40.54265	 61.92000
 81.60000	 45.96529	 62.11000
 82.20000	 44.05776	 62.10000
 82.80000	 43.70272	 62.15000
 83.40000	 41.18018	 61.42000
 84.00000	 42.05399	 60.84000
 84.60000	 38.73568	 59.24000
 85.20000	 46.66442	 60.04000
 85.80000	 44.06927	 60.44000
 86.40000	 42.44954	 60.48000
 87.00000	 39.42074	 59.46000
 87.60000	 40.73151	 58.63000
 88.20000	 47.50265	 59.91000
 88.80000	 39.92000	 59.25000
 89.40000	 40.42425	 58.60000
 90.00000	 39.59911	 57.55000
 90.60000	 39.91682	 56.59000
 91.20000	 41.59630	 56.25000
 91.80000	 38.45239	 55.15000
 92.40000	 38.10251	 53.96000
 93.00000	 41.10098	 53.73000
 93.60000	 40.37842	 53.53000
 94.20000	 38.03502	 52.76000
 94.80000	 38.61597	 52.13000
 95.40000	 40.24814	 52.04000
 96.00000	 37.88979	 51.38000
 96.60000	 38.51642	 50.92000
 97.20000	 40.19093	 51.02000
 97.80000	 40.12964	 51.25000
 98.40000	 38.93278	 51.19000
 99.00000	 42.72932	 52.26000
 99.60000	 42.59010	 53.41000
100.20000	 37.40111	 52.97000
100.80000	 39.10263	 52.72000
101.40000	 42.41824	 53.37000
102.00000	 41.12175	 53.78000
102.60000	 39.55678	 53.72000
103.20000	 41.02366	 53.98000
103.80000	 41.43402	 54.35000
104.40000	 37.85554	 53.63000
105.00000	 39.54771	 53.26000
105.60000	 42.77925	 53.89000
106.20000	 40.40439	 54.00000
106.80000	 40.47279	 54.12000
107.40000	 39.82492	 53.97000
108.00000	 40.38488	 53.93000
108.60000	 40.09157	 53.80000
109.20000	 40.75194	 53.88000
109.80000	 37.85990	 53.10000
110.40000	 47.48171	 55.20000
111.00000	 44.68765	 56.82000
111.60000	 43.87135	 58.22000
112.20000	 41.66813	 58.68000
112.80000	 42.51224	 59.05000
113.40000	 39.32411	 58.24000
114.00000	 41.14380	 57.77000
114.60000	 45.71041	 58.72000
115.20000	 39.55286	 58.05000
115.80000	 39.80448	 57.31000
116.40000	 40.67725	 56.72000
117.00000	 41.33509	 56.41000
117.60000	 37.76276	 55.13000
118.20000	 38.90894	 54.15000
118.80000	 43.05036	 54.53000
119.40000	 40.81343	 54.55000
120.00000	 38.60470	 53.97000
120.60000	 39.53760	 53.56000
121.20000	 40.46037	 53.44000
121.80000	 38.31369	 52.76000
122.40000	 39.92391	 52.56000
123.00000	 39.14648	 52.20000
123.60000	 45.35492	 53.82000
124.20000	 43.14691	 55.06000
124.80000	 40.31912	 55.42000
125.40000	 41.71590	 55.91000
126.00000	 41.63465	 56.22000
126.60000	 42.65705	 56.77000
127.20000	 41.68334	 57.00000
127.80000	 41.10504	 56.97000
128.40000	 39.78596	 56.43000
129.00000	 41.05634	 56.18000
129.60000	 38.79520	 55.27000
130.20000	 39.87837	 54.67000
130.80000	 40.82314	 54.44000
131.40000	 41.19001	 54.48000
132.00000	 42.96815	 55.19000
132.60000	 40.95591	 55.40000
133.20000	 41.22089	 55.62000
133.80000	 39.94529	 55.36000
134.40000	 40.82170	 55.27000
135.00000	 37.92830	 54.28000
135.60000	 44.94300	 55.37000
136.20000	 43.30038	 56.25000
136.80000	 40.67815	 56.41000
137.40000	 41.25431	 56.54000
138.00000	 37.73893	 55.45000
138.60000	 44.76228	 56.34000
139.20000	 43.38223	 57.06000
139.80000	 40.12432	 56.88000
140.40000	 40.59801	 56.64000
141.00000	 40.83639	 56.36000
141.60000	 40.72365	 56.05000
142.20000	 37.97691	 54.92000
142.80000	 42.90166	 55.24000
143.40000	 42.27515	 55.60000
144.00000	 37.91243	 54.75000
144.60000	 39.12910	 54.09000
145.20000	 39.81319	 53.61000
145.80000	 40.18462	 53.36000
146.40000	 38.23808	 52.63000
147.00000	 43.15322	 53.42000
147.60000	 42.19177	 54.15000
148.20000	 45.38222	 55.95000
148.80000	 40.64838	 56.35000
149.40000	 41.89995	 56.85000
150.00000	 38.91692	 56.22000
150.60000	 40.31685	 55.80000
151.20000	 44.53391	 56.66000
151.80000	 40.09111	 56.39000
152.40000	 40.50630	 56.16000
153.00000	 39.54669	 55.54000
153.60000	 40.16278	 55.07000
154.20000	 39.57361	 54.47000
154.80000	 40.13121	 54.10000
155.40000	 42.25181	 54.48000
156.00000	 39.39428	 54.15000
156.60000	 39.48200	 53.80000
157.20000	 42.21537	 54.25000
157.80000	 41.38292	 54.58000
158.40000	 39.05034	 54.22000
159.00000	 42.37836	 54.75000
159.60000	 41.75709	 55.16000
160.20000	 39.48516	 54.89000
160.80000	 39.89034	 54.60000
161.40000	 39.38006	 54.09000
162.00000	 39.65315	 53.66000
162.60000	 38.78061	 53.01000
163.20000	 39.41957	 52.59000
163.80000	 39.27352	 52.21000
164.40000	 41.26259	 52.53000
165.00000	 40.38784	 52.73000
165.60000	 39.31763	 52.63000
166.20000	 39.59440	 52.54000
166.80000	 36.43622	 51.44000
167.40000	 42.05031	 51.95000
168.00000	 40.98156	 52.36000
168.60000	 40.20935	 52.65000
169.20000	 40.16924	 52.87000
169.80000	 39.26930	 52.74000
170.40000	 40.81104	 53.00000
171.00000	 41.59788	 53.53000
171.60000	 38.74958	 53.23000
172.20000	 40.93871	 53.47000
172.80000	 45.30449	 55.07000
173.40000	 40.86390	 55.51000
174.00000	 41.19503	 55.88000
174.60000	 41.61385	 56.18000
175.20000	 40.53309	 56.06000
175.80000	 40.84955	 55.94000
176.40000	 44.09257	 56.79000
177.00000	 42.91217	 57.42000
177.60000	 41.68014	 57.66000
178.20000	 42.51524	 58.01000
178.80000	 43.71660	 58.66000
179.40000	 38.01105	 57.55000
180.00000	 40.55789	 56.95000
180.60000	 47.92431	 58.62000
181.20000	 39.72140	 58.18000
181.80000	 40.98221	 57.94000
182.40000	 40.12898	 57.27000
183.00000	 41.52155	 56.99000
183.60000	 39.70449	 56.24000
184.20000	 47.09661	 57.80000
184.80000	 44.55714	 58.93000
185.40000	 43.98916	 59.92000
186.00000	 41.30724	 59.89000
186.60000	 42.20745	 59.84000
187.20000	 40.92009	 59.26000
187.80000	 41.77808	 58.87000
188.40000	 36.68710	 56.94000
189.00000	 46.18077	 57.81000
189.60000	 44.81803	 58.69000
190.20000	 40.41473	 58.44000
190.80000	 41.62948	 58.34000
191.40000	 39.56332	 57.49000
192.00000	 45.30112	 58.33000
192.60000	 43.90777	 58.99000
193.20000	 41.03110	 58.84000
193.80000	 41.43392	 58.62000
194.40000	 40.93913	 58.14000
195.00000	 41.28603	 57.74000
195.60000	 38.60038	 56.55000
196.20000	 43.98673	 56.98000
196.80000	 42.30490	 57.16000
197.40000	 43.20631	 57.73000
198.00000	 41.94830	 57.93000
198.60000	 39.44531	 57.27000
199.20000	 40.31083	 56.69000
199.80000	 41.31980	 56.40000
200.40000	 39.62487	 55.70000
201.00000	 39.64631	 55.03000
201.60000	 43.02892	 55.45000
202.20000	 41.38532	 55.59000
202.80000	 40.80400	 55.60000
203.40000	 38.86977	 54.95000
204.00000	 39.86846	 54.49000
204.60000	 38.73838	 53.70000
205.20000	 39.70495	 53.24000
205.80000	 39.13385	 52.71000
206.40000	 39.98869	 52.53000
207.00000	 42.89618	 53.36000
207.60000	 40.40319	 53.62000
208.20000	 40.49838	 53.86000
208.80000	 39.95072	 53.83000
209.40000	 40.47437	 53.88000
210.00000	 37.04708	 52.85000
210.60000	 44.93585	 54.12000
211.20000	 42.09877	 54.82000
211.80000	 40.10601	 54.95000
212.40000	 38.90598	 54.50000
