  0.00000	 37.11162	 63.44000
  0.60000	 41.17615	 66.92000
  1.20000	 42.38293	 67.95000
  1.80000	 46.05997	 71.18000
  2.40000	 45.81681	 71.01000
  3.00000	 46.97621	 72.07000
  3.60000	 47.14360	 72.27000
  4.20000	 48.80924	 73.79000
  4.80000	 43.00107	 68.74000
  5.40000	 42.69730	 68.45000
  6.00000	 41.71681	 67.56000
  6.60000	 43.05287	 68.70000
  7.20000	 42.17410	 67.91000
  7.80000	 41.29794	 67.11000
  8.40000	 41.28506	 67.06000
  9.00000	 41.73395	 67.42000
  9.60000	 40.60722	 66.40000
 10.20000	 40.34818	 66.13000
 10.80000	 39.37577	 65.23000
 11.40000	 41.60266	 67.14000
 12.00000	 36.08745	 62.26000
 12.60000	 38.70564	 64.47000
 13.20000	 36.03154	 62.06000
 13.80000	 39.12525	 64.70000
 14.40000	 36.76047	 62.58000
 15.00000	 39.79677	 65.19000
 15.60000	 38.81732	 64.31000
 16.20000	 39.52014	 64.90000
 16.80000	 39.19905	 64.60000
 17.40000	 40.52612	 65.75000
 18.00000	 41.01195	 66.18000
 18.60000	 40.79778	 66.00000
 19.20000	 39.82842	 65.15000
 19.80000	 40.81523	 66.01000
 20.40000	 40.77488	 65.98000
 21.00000	 39.69257	 65.03000
 21.60000	 39.94474	 65.24000
 22.20000	 40.53162	 65.75000
 22.80000	 40.48401	 65.71000
 23.40000	 41.67325	 66.76000
 24.00000	 40.50621	 65.75000
 24.60000	 42.79660	 67.77000
 25.20000	 42.76817	 67.78000
 25.80000	 43.10602	 68.11000
 26.40000	 42.76048	 67.84000
 27.00000	 42.82080	 67.92000
 27.60000	 43.22257	 68.30000
 28.20000	 43.42682	 68.51000
 28.80000	 42.85909	 68.04000
 29.40000	 43.17696	 68.34000
 30.00000	 42.26649	 67.56000
 30.60000	 42.47367	 67.75000
 31.20000	 43.16546	 68.37000
 31.80000	 41.98658	 67.35000
 32.40000	 41.65761	 67.06000
 33.00000	 39.74707	 65.37000
 33.60000	 41.25951	 66.67000
 34.20000	 38.43420	 64.17000
 34.80000	 41.22441	 66.58000
 35.40000	 40.76432	 66.17000
 36.00000	 42.22794	 67.45000
 36.60000	 42.93949	 68.09000
 37.20000	 40.03413	 65.55000
 37.80000	 43.97289	 69.00000
 38.40000	 46.12900	 70.94000
 39.00000	 46.36863	 71.22000
 39.60000	 44.82988	 69.93000
 40.20000	 44.16277	 69.38000
 40.80000	 44.41773	 69.63000
 41.40000	 43.84277	 69.15000
 42.00000	 43.91512	 69.23000
 42.60000	 42.34358	 67.86000
 43.20000	 41.62850	 67.22000
 43.80000	 41.02716	 66.67000
 44.40000	 40.84279	 66.48000
 45.00000	 41.04477	 66.63000
 45.60000	 42.70342	 68.07000
 46.20000	 42.41503	 67.82000
 46.80000	 42.86897	 68.22000
 47.40000	 42.23785	 67.67000
 48.00000	 43.94262	 69.17000
 48.60000	 43.72392	 69.00000
 49.20000	 44.11190	 69.36000
 49.80000	 43.72367	 69.04000
 50.40000	 41.80214	 67.36000
 51.00000	 41.11721	 66.74000
 51.60000	 41.91687	 67.42000
 52.20000	 41.92943	 67.42000
 52.80000	 41.48726	 67.02000
 53.40000	 41.51677	 67.03000
 54.00000	 46.02300	 70.99000
 54.60000	 42.17260	 67.65000
 55.20000	 44.84541	 70.00000
 55.80000	 44.74999	 69.95000
 56.40000	 45.66822	 70.79000
 57.00000	 45.38256	 70.58000
 57.60000	 47.11236	 72.14000
 58.20000	 47.12564	 72.21000
 58.80000	 45.32958	 70.68000
 59.40000	 46.23398	 71.50000
 60.00000	 47.99769	 73.09000
 60.60000	 39.17775	 65.37000
 61.20000	 44.53051	 70.01000
 61.80000	 40.88282	 66.80000
 62.40000	 42.56004	 68.23000
 63.00000	 41.35798	 67.15000
 63.60000	 43.21373	 68.75000
 64.20000	 42.57362	 68.18000
 64.80000	 43.02124	 68.56000
 65.40000	 43.49382	 68.97000
 66.00000	 43.16389	 68.68000
 66.60000	 42.95316	 68.49000
 67.20000	 42.57567	 68.15000
 67.80000	 42.03407	 67.66000
 68.40000	 41.37613	 67.06000
 69.00000	 41.04542	 66.74000
 69.60000	 39.79963	 65.61000
 70.20000	 37.49570	 63.53000
 70.80000	 39.76305	 65.45000
 71.40000	 35.81606	 61.93000
 72.00000	 36.71909	 62.63000
 72.60000	 38.97007	 64.54000
 73.20000	 40.56300	 65.91000
 73.80000	 40.86654	 66.17000
 74.40000	 44.05532	 68.98000
 75.00000	 43.97962	 68.96000
 75.60000	 45.04302	 69.94000
 76.20000	 44.88971	 69.86000
 76.80000	 43.47395	 68.66000
 77.40000	 42.85808	 68.14000
 78.00000	 41.44998	 66.91000
 78.60000	 40.29423	 65.88000
 79.20000	 39.19174	 64.88000
 79.80000	 38.07208	 63.85000
 80.40000	 37.72791	 63.49000
 81.00000	 38.03116	 63.70000
 81.60000	 38.22209	 63.82000
 82.20000	 38.93838	 64.41000
 82.80000	 39.16235	 64.58000
 83.40000	 40.64988	 65.87000
 84.00000	 41.89417	 66.97000
 84.60000	 42.30060	 67.35000
 85.20000	 42.97391	 67.97000
 85.80000	 41.04129	 66.30000
 86.40000	 42.02522	 67.17000
 87.00000	 45.32794	 70.10000
 87.60000	 44.45883	 69.40000
 88.20000	 43.02094	 68.18000
 88.80000	 40.63721	 66.10000
 89.40000	 40.73470	 66.17000
 90.00000	 40.21694	 65.70000
 90.60000	 40.58007	 66.00000
 91.20000	 40.17547	 65.63000
 91.80000	 36.72677	 62.57000
 92.40000	 37.55437	 63.23000
 93.00000	 36.45678	 62.21000
 93.60000	 37.89084	 63.41000
 94.20000	 38.87482	 64.24000
 94.80000	 39.91770	 65.14000
 95.40000	 41.83638	 66.83000
 96.00000	 41.18165	 66.28000
 96.60000	 41.17558	 66.29000
 97.20000	 41.85126	 66.90000
 97.80000	 44.47792	 69.24000
 98.40000	 43.65938	 68.58000
 99.00000	 40.95556	 66.24000
 99.60000	 41.35272	 66.59000
100.20000	 45.14450	 69.94000
100.80000	 42.82747	 67.96000
101.40000	 42.51770	 67.71000
102.00000	 44.02953	 69.06000
102.60000	 42.48918	 67.74000
103.20000	 43.30330	 68.47000
103.80000	 42.56233	 67.84000
104.40000	 43.51434	 68.69000
105.00000	 40.53901	 66.09000
105.60000	 39.47703	 65.13000
106.20000	 39.59945	 65.20000
106.80000	 39.41034	 65.00000
107.40000	 38.66607	 64.31000
108.00000	 40.02941	 65.47000
108.60000	 40.63971	 65.99000
109.20000	 42.48494	 67.61000
109.80000	 42.55129	 67.69000
110.40000	 42.79969	 67.93000
111.00000	 45.78944	 70.59000
111.60000	 48.38898	 72.95000
112.20000	 52.18487	 76.40000
112.80000	 46.54672	 71.58000
113.40000	 46.21281	 71.34000
114.00000	 42.99839	 68.55000
114.60000	 58.62000	 82.32000
115.20000	 49.55780	 74.56000
115.80000	 45.21972	 70.81000
116.40000	 39.13863	 65.45000
117.00000	 46.11216	 71.51000
117.60000	 38.19423	 64.55000
118.20000	 40.26890	 66.28000
118.80000	 42.51445	 68.20000
119.40000	 40.52044	 66.42000
120.00000	 35.77000	 62.18000
120.60000	 49.31853	 74.01000
121.20000	 42.52956	 68.12000
121.80000	 45.13017	 70.40000
122.40000	 45.07673	 70.38000
123.00000	 42.31667	 67.97000
123.60000	 40.71792	 66.54000
124.20000	 41.53775	 67.22000
124.80000	 42.21489	 67.79000
125.40000	 40.99570	 66.70000
126.00000	 39.67172	 65.50000
126.60000	 37.33624	 63.39000
127.20000	 39.76516	 65.45000
127.80000	 38.85664	 64.61000
128.40000	 41.16920	 66.60000
129.00000	 40.44391	 65.95000
129.60000	 41.09087	 66.50000
130.20000	 41.02182	 66.43000
130.80000	 41.67880	 67.00000
131.40000	 41.50717	 66.85000
