  0.00000	 37.96108	 63.44000
  0.60000	 43.32568	 66.92000
  1.20000	 45.07534	 67.95000
  1.80000	 49.10560	 71.18000
  2.40000	 48.36487	 71.01000
  3.00000	 49.02354	 72.07000
  3.60000	 48.47973	 72.27000
  4.20000	 49.54272	 73.79000
  4.80000	 42.55702	 68.74000
  5.40000	 42.24586	 68.45000
  6.00000	 41.44822	 67.56000
  6.60000	 43.31743	 68.70000
  7.20000	 42.69072	 67.91000
  7.80000	 42.13090	 67.11000
  8.40000	 42.55939	 67.06000
  9.00000	 43.43623	 67.42000
  9.60000	 42.52400	 66.40000
 10.20000	 42.60701	 66.13000
 10.80000	 41.92438	 65.23000
 11.40000	 44.70781	 67.14000
 12.00000	 38.95557	 62.26000
 12.60000	 42.45231	 64.47000
 13.20000	 40.02379	 62.06000
 13.80000	 43.96173	 64.70000
 14.40000	 41.66762	 62.58000
 15.00000	 45.28176	 65.19000
 15.60000	 44.20231	 64.31000
 16.20000	 44.93820	 64.90000
 16.80000	 44.47394	 64.60000
 17.40000	 45.78016	 65.75000
 18.00000	 46.03121	 66.18000
 18.60000	 45.47487	 66.00000
 19.20000	 44.16558	 65.15000
 19.80000	 45.09870	 66.01000
 20.40000	 44.87363	 65.98000
 21.00000	 43.57410	 65.03000
 21.60000	 43.85846	 65.24000
 22.20000	 44.50555	 65.75000
 22.80000	 44.41674	 65.71000
 23.40000	 45.64019	 66.76000
 24.00000	 44.21471	 65.75000
 24.60000	 46.59413	 67.77000
 25.20000	 46.24671	 67.78000
 25.80000	 46.27924	 68.11000
 26.40000	 45.56990	 67.84000
 27.00000	 45.37441	 67.92000
 27.60000	 45.58718	 68.30000
 28.20000	 45.58605	 68.51000
 28.80000	 44.77650	 68.04000
 29.40000	 45.01318	 68.34000
 30.00000	 43.94882	 67.56000
 30.60000	 44.21078	 67.75000
 31.20000	 44.99000	 68.37000
 31.80000	 43.70336	 67.35000
 32.40000	 43.46018	 67.06000
 33.00000	 41.59800	 65.37000
 33.60000	 43.61098	 66.67000
 34.20000	 40.83885	 64.17000
 34.80000	 44.32866	 66.58000
 35.40000	 44.00056	 66.17000
 36.00000	 45.67887	 67.45000
 36.60000	 46.32017	 68.09000
 37.20000	 42.98497	 65.55000
 37.80000	 47.25955	 69.00000
 38.40000	 49.18448	 70.94000
 39.00000	 48.76112	 71.22000
 39.60000	 46.41481	 69.93000
 40.20000	 45.25269	 69.38000
 40.80000	 45.26945	 69.63000
 41.40000	 44.47583	 69.15000
 42.00000	 44.50818	 69.23000
 42.60000	 42.84246	 67.86000
 43.20000	 42.31500	 67.22000
 43.80000	 42.03191	 66.67000
 44.40000	 42.26834	 66.48000
 45.00000	 42.91048	 66.63000
 45.60000	 45.01746	 68.07000
 46.20000	 44.77834	 67.82000
 46.80000	 45.27949	 68.22000
 47.40000	 44.53300	 67.67000
 48.00000	 46.31923	 69.17000
 48.60000	 45.85038	 69.00000
 49.20000	 46.03563	 69.36000
 49.80000	 45.36652	 69.04000
 50.40000	 43.14897	 67.36000
 51.00000	 42.53325	 66.74000
 51.60000	 43.63916	 67.42000
 52.20000	 43.83019	 67.42000
 52.80000	 43.51246	 67.02000
 53.40000	 43.72367	 67.03000
 54.00000	 48.65216	 70.99000
 54.60000	 44.11224	 67.65000
 55.20000	 46.90232	 70.00000
 55.80000	 46.46839	 69.95000
 56.40000	 47.11610	 70.79000
 57.00000	 46.40022	 70.58000
 57.60000	 47.89058	 72.14000
 58.20000	 47.39500	 72.21000
 58.80000	 45.01751	 70.68000
 59.40000	 45.80047	 71.50000
 60.00000	 47.47228	 73.09000
 60.60000	 37.74856	 65.37000
 61.20000	 44.20759	 70.01000
 61.80000	 40.58743	 66.80000
 62.40000	 43.00656	 68.23000
 63.00000	 42.14436	 67.15000
 63.60000	 44.58926	 68.75000
 64.20000	 44.08416	 68.18000
 64.80000	 44.71750	 68.56000
 65.40000	 45.26810	 68.97000
 66.00000	 44.86400	 68.68000
 66.60000	 44.60019	 68.49000
 67.20000	 44.18440	 68.15000
 67.80000	 43.64960	 67.66000
 68.40000	 43.07112	 67.06000
 69.00000	 42.93215	 66.74000
 69.60000	 41.86674	 65.61000
 70.20000	 39.82658	 63.53000
 70.80000	 42.91390	 65.45000
 71.40000	 39.10489	 61.93000
 72.00000	 40.84685	 62.63000
 72.60000	 43.86838	 64.54000
 73.20000	 45.79820	 65.91000
 73.80000	 46.02077	 66.17000
 74.40000	 49.15988	 68.98000
 75.00000	 48.38764	 68.96000
 75.60000	 48.80020	 69.94000
 76.20000	 47.84035	 69.86000
 76.80000	 45.64373	 68.66000
 77.40000	 44.59410	 68.14000
 78.00000	 42.92088	 66.91000
 78.60000	 41.80347	 65.88000
 79.20000	 40.97360	 64.88000
 79.80000	 40.30779	 63.85000
 80.40000	 40.60679	 63.49000
 81.00000	 41.59835	 63.70000
 81.60000	 42.35432	 63.82000
 82.20000	 43.53954	 64.41000
 82.80000	 44.00934	 64.58000
 83.40000	 45.69498	 65.87000
 84.00000	 46.86333	 66.97000
 84.60000	 46.92452	 67.35000
 85.20000	 47.19022	 67.97000
 85.80000	 44.62789	 66.30000
 86.40000	 45.45206	 67.17000
 87.00000	 48.69815	 70.10000
 87.60000	 47.14288	 69.40000
 88.20000	 45.10296	 68.18000
 88.80000	 42.32350	 66.10000
 89.40000	 42.58439	 66.17000
 90.00000	 42.27852	 65.70000
 90.60000	 42.99861	 66.00000
 91.20000	 42.85125	 65.63000
 91.80000	 39.49138	 62.57000
 92.40000	 41.07209	 63.23000
 93.00000	 40.50257	 62.21000
 93.60000	 42.67810	 63.41000
 94.20000	 44.11097	 64.24000
 94.80000	 45.36205	 65.14000
 95.40000	 47.30482	 66.83000
 96.00000	 46.20089	 66.28000
 96.60000	 45.82465	 66.29000
 97.20000	 46.20082	 66.90000
 97.80000	 48.60480	 69.24000
 98.40000	 47.06211	 68.58000
 99.00000	 43.65301	 66.24000
 99.60000	 43.96867	 66.59000
100.20000	 47.95306	 69.94000
100.80000	 45.02938	 67.96000
101.40000	 44.51518	 67.71000
102.00000	 46.03744	 69.06000
102.60000	 44.17916	 67.74000
103.20000	 45.02634	 68.47000
103.80000	 44.16522	 67.84000
104.40000	 45.20484	 68.69000
105.00000	 41.98048	 66.09000
105.60000	 41.16524	 65.13000
106.20000	 41.78481	 65.20000
106.80000	 42.05900	 65.00000
107.40000	 41.72039	 64.31000
108.00000	 43.64641	 65.47000
108.60000	 44.53392	 65.99000
109.20000	 46.55895	 67.61000
109.80000	 46.38830	 67.69000
110.40000	 46.34184	 67.93000
111.00000	 49.16422	 70.59000
111.60000	 51.20897	 72.95000
112.20000	 54.18921	 76.40000
112.80000	 46.71941	 71.58000
113.40000	 45.67607	 71.34000
114.00000	 41.87210	 68.55000
114.60000	 58.62000	 82.32000
115.20000	 47.33351	 74.56000
115.80000	 42.08520	 70.81000
116.40000	 35.77000	 65.45000
117.00000	 44.28792	 71.51000
117.60000	 36.27255	 64.55000
118.20000	 39.74390	 66.28000
118.80000	 43.13032	 68.20000
119.40000	 41.58335	 66.42000
120.00000	 37.18560	 62.18000
120.60000	 52.68132	 74.01000
121.20000	 44.81220	 68.12000
121.80000	 47.47341	 70.40000
122.40000	 47.00461	 70.38000
123.00000	 43.66155	 67.97000
123.60000	 41.94444	 66.54000
124.20000	 43.08932	 67.22000
124.80000	 44.03772	 67.79000
125.40000	 42.87810	 66.70000
126.00000	 41.73108	 65.50000
126.60000	 39.67263	 63.39000
127.20000	 42.95282	 65.45000
127.80000	 42.36332	 64.61000
128.40000	 45.19825	 66.60000
129.00000	 44.44245	 65.95000
129.60000	 45.13853	 66.50000
130.20000	 44.95843	 66.43000
130.80000	 45.53358	 67.00000
131.40000	 45.14703	 66.85000
