  0.00000	 44.61666	 63.44000
  0.60000	 45.15908	 66.92000
  1.20000	 44.44019	 67.95000
  1.80000	 45.02644	 71.18000
  2.40000	 44.24348	 71.01000
  3.00000	 44.66199	 72.07000
  3.60000	 44.51145	 72.27000
  4.20000	 44.95199	 73.79000
  4.80000	 42.79001	 68.74000
  5.40000	 44.31374	 68.45000
  6.00000	 44.28288	 67.56000
  6.60000	 44.92379	 68.70000
  7.20000	 44.14400	 67.91000
  7.80000	 43.97736	 67.11000
  8.40000	 44.31810	 67.06000
  9.00000	 44.56559	 67.42000
  9.60000	 43.92193	 66.40000
 10.20000	 44.13345	 66.13000
 10.80000	 43.88793	 65.23000
 11.40000	 45.26591	 67.14000
 12.00000	 41.96360	 62.26000
 12.60000	 44.92443	 64.47000
 13.20000	 43.29043	 62.06000
 13.80000	 45.54975	 64.70000
 14.40000	 43.42718	 62.58000
 15.00000	 45.46732	 65.19000
 15.60000	 44.06696	 64.31000
 16.20000	 44.41794	 64.90000
 16.80000	 44.05215	 64.60000
 17.40000	 44.88438	 65.75000
 18.00000	 44.74699	 66.18000
 18.60000	 44.23319	 66.00000
 19.20000	 43.57584	 65.15000
 19.80000	 44.56640	 66.01000
 20.40000	 44.42121	 65.98000
 21.00000	 43.64044	 65.03000
 21.60000	 44.13864	 65.24000
 22.20000	 44.64270	 65.75000
 22.80000	 44.43623	 65.71000
 23.40000	 45.11511	 66.76000
 24.00000	 43.84157	 65.75000
 24.60000	 45.53275	 67.77000
 25.20000	 44.87892	 67.78000
 25.80000	 44.70935	 68.11000
 26.40000	 44.15774	 67.84000
 27.00000	 44.18663	 67.92000
 27.60000	 44.52092	 68.30000
 28.20000	 44.60000	 68.51000
 28.80000	 44.06416	 68.04000
 29.40000	 44.40440	 68.34000
 30.00000	 43.71313	 67.56000
 30.60000	 44.13602	 67.75000
 31.20000	 44.81066	 68.37000
 31.80000	 43.76561	 67.35000
 32.40000	 43.70804	 67.06000
 33.00000	 42.45964	 65.37000
 33.60000	 44.37643	 66.67000
 34.20000	 42.24556	 64.17000
 34.80000	 45.24139	 66.58000
 35.40000	 44.70234	 66.17000
 36.00000	 45.74456	 67.45000
 36.60000	 45.80179	 68.09000
 37.20000	 42.77464	 65.55000
 37.80000	 46.29158	 69.00000
 38.40000	 47.48154	 70.94000
 39.00000	 46.63310	 71.22000
 39.60000	 44.42108	 69.93000
 40.20000	 43.55989	 69.38000
 40.80000	 43.85462	 69.63000
 41.40000	 43.48991	 69.15000
 42.00000	 43.82335	 69.23000
 42.60000	 42.69282	 67.86000
 43.20000	 42.56858	 67.22000
 43.80000	 42.61064	 66.67000
 44.40000	 43.01813	 66.48000
 45.00000	 43.66135	 66.63000
 45.60000	 45.40995	 68.07000
 46.20000	 45.00550	 67.82000
 46.80000	 45.23385	 68.22000
 47.40000	 44.41028	 67.67000
 48.00000	 45.81272	 69.17000
 48.60000	 45.24424	 69.00000
 49.20000	 45.29419	 69.36000
 49.80000	 44.64702	 69.04000
 50.40000	 42.74408	 67.36000
 51.00000	 42.33904	 66.74000
 51.60000	 43.44337	 67.42000
 52.20000	 43.69627	 67.42000
 52.80000	 43.47369	 67.02000
 53.40000	 43.69493	 67.03000
 54.00000	 47.97330	 70.99000
 54.60000	 43.86992	 67.65000
 55.20000	 46.26817	 70.00000
 55.80000	 45.80343	 69.95000
 56.40000	 46.30671	 70.79000
 57.00000	 45.62241	 70.58000
 57.60000	 46.90238	 72.14000
 58.20000	 46.43014	 72.21000
 58.80000	 44.32835	 70.68000
 59.40000	 45.05658	 71.50000
 60.00000	 46.56594	 73.09000
 60.60000	 38.00769	 65.37000
 61.20000	 43.83773	 70.01000
 61.80000	 40.69080	 66.80000
 62.40000	 42.89554	 68.23000
 63.00000	 42.15815	 67.15000
 63.60000	 44.34006	 68.75000
 64.20000	 43.88002	 68.18000
 64.80000	 44.42484	 68.56000
 65.40000	 44.89230	 68.97000
 66.00000	 44.51013	 68.68000
 66.60000	 44.25514	 68.49000
 67.20000	 43.86660	 68.15000
 67.80000	 43.37199	 67.66000
 68.40000	 42.83561	 67.06000
 69.00000	 42.68677	 66.74000
 69.60000	 41.70343	 65.61000
 70.20000	 39.83145	 63.53000
 70.80000	 42.52800	 65.45000
 71.40000	 39.05751	 61.93000
 72.00000	 40.52294	 62.63000
 72.60000	 43.14722	 64.54000
 73.20000	 44.83302	 65.91000
 73.80000	 45.02732	 66.17000
 74.40000	 47.87208	 68.98000
 75.00000	 47.26551	 68.96000
 75.60000	 47.74008	 69.94000
 76.20000	 46.99766	 69.86000
 76.80000	 45.12665	 68.66000
 77.40000	 44.23845	 68.14000
 78.00000	 42.74107	 66.91000
 78.60000	 41.68158	 65.88000
 79.20000	 40.82433	 64.88000
 79.80000	 40.06552	 63.85000
 80.40000	 40.13862	 63.49000
 81.00000	 40.82973	 63.70000
 81.60000	 41.33118	 63.82000
 82.20000	 42.25528	 64.41000
 82.80000	 42.58431	 64.58000
 83.40000	 44.05884	 65.87000
 84.00000	 45.14323	 66.97000
 84.60000	 45.29445	 67.35000
 85.20000	 45.66670	 67.97000
 85.80000	 43.48910	 66.30000
 86.40000	 44.30726	 67.17000
 87.00000	 47.33849	 70.10000
 87.60000	 46.11207	 69.40000
 88.20000	 44.41312	 68.18000
 88.80000	 41.94522	 66.10000
 89.40000	 42.09633	 66.17000
 90.00000	 41.67417	 65.70000
 90.60000	 42.14130	 66.00000
 91.20000	 41.82586	 65.63000
 91.80000	 38.55558	 62.57000
 92.40000	 39.64722	 63.23000
 93.00000	 38.79245	 62.21000
 93.60000	 40.42858	 63.41000
 94.20000	 41.49819	 64.24000
 94.80000	 42.52504	 65.14000
 95.40000	 44.32004	 66.83000
 96.00000	 43.48085	 66.28000
 96.60000	 43.31559	 66.29000
 97.20000	 43.83630	 66.90000
 97.80000	 46.25134	 69.24000
 98.40000	 45.17403	 68.58000
 99.00000	 42.31153	 66.24000
 99.60000	 42.65523	 66.59000
100.20000	 46.33693	 69.94000
100.80000	 43.84805	 67.96000
101.40000	 43.44995	 67.71000
102.00000	 44.87810	 69.06000
102.60000	 43.24751	 67.74000
103.20000	 44.01174	 68.47000
103.80000	 43.21880	 67.84000
104.40000	 44.13185	 68.69000
105.00000	 41.13399	 66.09000
105.60000	 40.13794	 65.13000
106.20000	 40.34530	 65.20000
106.80000	 40.22580	 65.00000
107.40000	 39.54669	 64.31000
108.00000	 40.96558	 65.47000
108.60000	 41.58177	 65.99000
109.20000	 43.39752	 67.61000
109.80000	 43.39194	 67.69000
110.40000	 43.57065	 67.93000
111.00000	 46.47730	 70.59000
111.60000	 48.93035	 72.95000
112.20000	 52.53183	 76.40000
112.80000	 46.67091	 71.58000
113.40000	 46.25941	 71.34000
114.00000	 42.99621	 68.55000
114.60000	 58.62000	 82.32000
115.20000	 49.27892	 74.56000
115.80000	 44.86833	 70.81000
116.40000	 38.80408	 65.45000
117.00000	 45.91178	 71.51000
117.60000	 37.96992	 64.55000
118.20000	 40.16408	 66.28000
118.80000	 42.48250	 68.20000
119.40000	 40.50189	 66.42000
120.00000	 35.77000	 62.18000
120.60000	 49.48395	 74.01000
121.20000	 42.57125	 68.12000
121.80000	 45.19319	 70.40000
122.40000	 45.11555	 70.38000
123.00000	 42.31263	 67.97000
123.60000	 40.70538	 66.54000
124.20000	 41.54815	 67.22000
124.80000	 42.23590	 67.79000
125.40000	 40.99897	 66.70000
126.00000	 39.65975	 65.50000
126.60000	 37.29785	 63.39000
127.20000	 39.76485	 65.45000
127.80000	 38.83284	 64.61000
128.40000	 41.16622	 66.60000
129.00000	 40.40755	 65.95000
129.60000	 41.04229	 66.50000
130.20000	 40.94722	 66.43000
130.80000	 41.58977	 67.00000
131.40000	 41.38889	 66.85000
