  0.00000	 45.73526	 63.44000
  0.60000	 48.21295	 66.92000
  1.20000	 44.67122	 67.95000
  1.80000	 46.97667	 71.18000
  2.40000	 43.86089	 71.01000
  3.00000	 45.65390	 72.07000
  3.60000	 45.03274	 72.27000
  4.20000	 46.41784	 73.79000
  4.80000	 40.06728	 68.74000
  5.40000	 45.50353	 68.45000
  6.00000	 44.49412	 67.56000
  6.60000	 45.96625	 68.70000
  7.20000	 43.74121	 67.91000
  7.80000	 43.89933	 67.11000
  8.40000	 44.74759	 67.06000
  9.00000	 44.97879	 67.42000
  9.60000	 43.50109	 66.40000
 10.20000	 44.38074	 66.13000
 10.80000	 43.73028	 65.23000
 11.40000	 46.39063	 67.14000
 12.00000	 39.49425	 62.26000
 12.60000	 47.04871	 64.47000
 13.20000	 41.92922	 62.06000
 13.80000	 46.83688	 64.70000
 14.40000	 41.80240	 62.58000
 15.00000	 46.71821	 65.19000
 15.60000	 43.03093	 64.31000
 16.20000	 44.69380	 64.90000
 16.80000	 43.90552	 64.60000
 17.40000	 45.35120	 65.75000
 18.00000	 44.51750	 66.18000
 18.60000	 43.99940	 66.00000
 19.20000	 43.56120	 65.15000
 19.80000	 45.34941	 66.01000
 20.40000	 44.25917	 65.98000
 21.00000	 43.39141	 65.03000
 21.60000	 44.70340	 65.24000
 22.20000	 44.85590	 65.75000
 22.80000	 44.18096	 65.71000
 23.40000	 45.29892	 66.76000
 24.00000	 43.25397	 65.75000
 24.60000	 46.41816	 67.77000
 25.20000	 44.21850	 67.78000
 25.80000	 44.68172	 68.11000
 26.40000	 44.27238	 67.84000
 27.00000	 44.71930	 67.92000
 27.60000	 44.98976	 68.30000
 28.20000	 44.75784	 68.51000
 28.80000	 44.13210	 68.04000
 29.40000	 45.00068	 68.34000
 30.00000	 43.89991	 67.56000
 30.60000	 44.91543	 67.75000
 31.20000	 45.22590	 68.37000
 31.80000	 43.52169	 67.35000
 32.40000	 44.44095	 67.06000
 33.00000	 43.08868	 65.37000
 33.60000	 46.02486	 66.67000
 34.20000	 41.95862	 64.17000
 34.80000	 46.95082	 66.58000
 35.40000	 43.74600	 66.17000
 36.00000	 45.46961	 67.45000
 36.60000	 44.86665	 68.09000
 37.20000	 41.91069	 65.55000
 37.80000	 48.17587	 69.00000
 38.40000	 46.04429	 70.94000
 39.00000	 44.36181	 71.22000
 39.60000	 43.41521	 69.93000
 40.20000	 44.60989	 69.38000
 40.80000	 45.33141	 69.63000
 41.40000	 44.37339	 69.15000
 42.00000	 44.91470	 69.23000
 42.60000	 43.48447	 67.86000
 43.20000	 44.32849	 67.22000
 43.80000	 44.32614	 66.67000
 44.40000	 44.51006	 66.48000
 45.00000	 44.69719	 66.63000
 45.60000	 45.82007	 68.07000
 46.20000	 44.01256	 67.82000
 46.80000	 44.86793	 68.22000
 47.40000	 44.04248	 67.67000
 48.00000	 46.11676	 69.17000
 48.60000	 44.28778	 69.00000
 49.20000	 44.94955	 69.36000
 49.80000	 44.38946	 69.04000
 50.40000	 43.18542	 67.36000
 51.00000	 44.40943	 66.74000
 51.60000	 45.48533	 67.42000
 52.20000	 44.47230	 67.42000
 52.80000	 44.08259	 67.02000
 53.40000	 44.60291	 67.03000
 54.00000	 48.33925	 70.99000
 54.60000	 40.80258	 67.65000
 55.20000	 47.17267	 70.00000
 55.80000	 44.59246	 69.95000
 56.40000	 45.43534	 70.79000
 57.00000	 44.50762	 70.58000
 57.60000	 46.37061	 72.14000
 58.20000	 44.80437	 72.21000
 58.80000	 43.45161	 70.68000
 59.40000	 46.07270	 71.50000
 60.00000	 46.53599	 73.09000
 60.60000	 37.36473	 65.37000
 61.20000	 50.44941	 70.01000
 61.80000	 41.55860	 66.80000
 62.40000	 46.16037	 68.23000
 63.00000	 43.55838	 67.15000
 63.60000	 46.18860	 68.75000
 64.20000	 43.87338	 68.18000
 64.80000	 44.96713	 68.56000
 65.40000	 45.03439	 68.97000
 66.00000	 44.32420	 68.68000
 66.60000	 44.53780	 68.49000
 67.20000	 44.43401	 68.15000
 67.80000	 44.28429	 67.66000
 68.40000	 44.17204	 67.06000
 69.00000	 44.41542	 66.74000
 69.60000	 43.54931	 65.61000
 70.20000	 42.67805	 63.53000
 70.80000	 46.58515	 65.45000
 71.40000	 40.74615	 61.93000
 72.00000	 45.23577	 62.63000
 72.60000	 46.04010	 64.54000
 73.20000	 45.00982	 65.91000
 73.80000	 44.03210	 66.17000
 74.40000	 46.84563	 68.98000
 75.00000	 43.99379	 68.96000
 75.60000	 45.34856	 69.94000
 76.20000	 44.51212	 69.86000
 76.80000	 43.61457	 68.66000
 77.40000	 44.50649	 68.14000
 78.00000	 43.74430	 66.91000
 78.60000	 43.88999	 65.88000
 79.20000	 43.81942	 64.88000
 79.80000	 43.65173	 63.85000
 80.40000	 44.17086	 63.49000
 81.00000	 44.51089	 63.70000
 81.60000	 44.22847	 63.82000
 82.20000	 44.63940	 64.41000
 82.80000	 44.20153	 64.58000
 83.40000	 45.34441	 65.87000
 84.00000	 45.08234	 66.97000
 84.60000	 44.44120	 67.35000
 85.20000	 44.90429	 67.97000
 85.80000	 42.82588	 66.30000
 86.40000	 45.60243	 67.17000
 87.00000	 47.30835	 70.10000
 87.60000	 43.38491	 69.40000
 88.20000	 43.42190	 68.18000
 88.80000	 43.02218	 66.10000
 89.40000	 45.15966	 66.17000
 90.00000	 44.20536	 65.70000
 90.60000	 44.75548	 66.00000
 91.20000	 43.99979	 65.63000
 91.80000	 41.48128	 62.57000
 92.40000	 45.42011	 63.23000
 93.00000	 43.30483	 62.21000
 93.60000	 45.29281	 63.41000
 94.20000	 44.67942	 64.24000
 94.80000	 44.70196	 65.14000
 95.40000	 45.56598	 66.83000
 96.00000	 43.43510	 66.28000
 96.60000	 44.36698	 66.29000
 97.20000	 45.06494	 66.90000
 97.80000	 46.59481	 69.24000
 98.40000	 43.48182	 68.58000
 99.00000	 42.33069	 66.24000
 99.60000	 45.39642	 66.59000
100.20000	 47.87535	 69.94000
100.80000	 42.10355	 67.96000
101.40000	 44.44395	 67.71000
102.00000	 46.14689	 69.06000
102.60000	 43.22174	 67.74000
103.20000	 45.44841	 68.47000
103.80000	 44.03522	 67.84000
104.40000	 45.50233	 68.69000
105.00000	 42.07237	 66.09000
105.60000	 44.03326	 65.13000
106.20000	 44.89660	 65.20000
106.80000	 44.23054	 65.00000
107.40000	 43.64705	 64.31000
108.00000	 45.48327	 65.47000
108.60000	 44.62094	 65.99000
109.20000	 45.67208	 67.61000
109.80000	 44.17470	 67.69000
110.40000	 44.60330	 67.93000
111.00000	 47.07757	 70.59000
111.60000	 46.49963	 72.95000
112.20000	 47.58620	 76.40000
112.80000	 39.83499	 71.58000
113.40000	 45.58684	 71.34000
114.00000	 42.97962	 68.55000
114.60000	 58.62000	 82.32000
115.20000	 35.77000	 74.56000
115.80000	 42.07581	 70.81000
116.40000	 41.55956	 65.45000
117.00000	 52.04868	 71.51000
117.60000	 37.53138	 64.55000
118.20000	 46.86561	 66.28000
118.80000	 46.56486	 68.20000
119.40000	 42.35176	 66.42000
120.00000	 40.55060	 62.18000
120.60000	 56.48792	 74.01000
121.20000	 37.30673	 68.12000
121.80000	 46.87443	 70.40000
122.40000	 44.89356	 70.38000
123.00000	 42.45241	 67.97000
123.60000	 43.81767	 66.54000
124.20000	 45.74950	 67.22000
124.80000	 45.10165	 67.79000
125.40000	 43.32783	 66.70000
126.00000	 43.50524	 65.50000
126.60000	 42.74347	 63.39000
127.20000	 46.73645	 65.45000
127.80000	 43.27129	 64.61000
128.40000	 46.09474	 66.60000
129.00000	 43.41235	 65.95000
129.60000	 44.84868	 66.50000
130.20000	 44.30616	 66.43000
130.80000	 44.95375	 67.00000
131.40000	 44.22507	 66.85000
