  0.00000	 50.91342	 66.33000
  0.60000	 49.55784	 65.10000
  1.20000	 50.61034	 65.03000
  1.80000	 49.76360	 63.97000
  2.40000	 54.12904	 67.07000
  3.00000	 49.33078	 65.12000
  3.60000	 50.58204	 65.24000
  4.20000	 50.12533	 64.51000
  4.80000	 52.93061	 66.46000
  5.40000	 50.42742	 65.70000
  6.00000	 49.36903	 64.49000
  6.60000	 53.15344	 66.75000
  7.20000	 52.38367	 67.69000
  7.80000	 47.80555	 64.77000
  8.40000	 50.11904	 64.59000
  9.00000	 56.32960	 69.48000
  9.60000	 47.36158	 65.41000
 10.20000	 49.81392	 65.22000
 10.80000	 52.97702	 67.08000
 11.40000	 50.84380	 66.65000
 12.00000	 50.48229	 66.38000
 12.60000	 49.83199	 65.46000
 13.20000	 51.47715	 66.11000
 13.80000	 49.24820	 64.46000
 14.40000	 49.97124	 63.89000
 15.00000	 49.23593	 62.44000
 15.60000	 52.68979	 64.29000
 16.20000	 53.38850	 66.24000
 16.80000	 46.36065	 61.87000
 17.40000	 52.67621	 64.32000
 18.00000	 47.93921	 61.16000
 18.60000	 52.67352	 63.34000
 19.20000	 52.71338	 64.63000
 19.80000	 51.12747	 64.71000
 20.40000	 51.78402	 65.62000
 21.00000	 50.71436	 65.36000
 21.60000	 49.72593	 64.38000
 22.20000	 51.35433	 64.97000
 22.80000	 51.81772	 65.69000
 23.40000	 50.44705	 65.18000
 24.00000	 51.89052	 66.21000
 24.60000	 51.44012	 66.54000
 25.20000	 49.03969	 64.82000
 25.80000	 50.21469	 64.50000
 26.40000	 47.03251	 60.99000
 27.00000	 61.68838	 71.36000
 27.60000	 46.63894	 65.71000
 28.20000	 49.35645	 65.50000
 28.80000	 54.93735	 69.18000
 29.40000	 52.85411	 70.25000
 30.00000	 49.27309	 68.66000
 30.60000	 47.44920	 65.82000
 31.20000	 52.50061	 67.65000
 31.80000	 48.44745	 64.96000
 32.40000	 53.43735	 67.69000
 33.00000	 48.53892	 65.03000
 33.60000	 48.77871	 63.57000
 34.20000	 50.54264	 63.44000
 34.80000	 50.76194	 63.27000
 35.40000	 51.42326	 63.78000
 36.00000	 51.43020	 64.22000
 36.60000	 50.25182	 63.62000
 37.20000	 51.65695	 64.47000
 37.80000	 52.25366	 65.59000
 38.40000	 52.45378	 66.87000
 39.00000	 51.50696	 67.28000
 39.60000	 48.16106	 64.78000
 40.20000	 51.69311	 65.93000
 40.80000	 50.86365	 65.63000
 41.40000	 51.06107	 65.82000
 42.00000	 51.53812	 66.38000
 42.60000	 54.67635	 69.73000
 43.20000	 49.36802	 67.80000
 43.80000	 49.58551	 67.00000
 44.40000	 51.35026	 67.49000
 45.00000	 51.04782	 67.45000
 45.60000	 52.91078	 69.25000
 46.20000	 50.95559	 68.98000
 46.80000	 51.13624	 69.25000
 47.40000	 50.97886	 69.24000
 48.00000	 50.71123	 69.01000
 48.60000	 52.02955	 70.01000
 49.20000	 51.51379	 70.33000
 49.80000	 50.09575	 69.50000
 50.40000	 50.83264	 69.52000
 51.00000	 48.95830	 67.65000
 51.60000	 50.20988	 67.24000
 52.20000	 50.60328	 66.92000
 52.80000	 50.51590	 66.54000
 53.40000	 51.45328	 67.06000
 54.00000	 49.84559	 65.98000
 54.60000	 50.13165	 65.45000
 55.20000	 52.21990	 66.70000
 55.80000	 50.79251	 66.36000
 56.40000	 54.40735	 69.63000
 57.00000	 47.87478	 66.34000
 57.60000	 50.71019	 66.77000
 58.20000	 51.52175	 67.18000
 58.80000	 51.40756	 67.51000
 59.40000	 51.91501	 68.37000
 60.00000	 51.34963	 68.63000
 60.60000	 52.29437	 69.85000
 61.20000	 49.74380	 68.57000
 61.80000	 52.78071	 70.47000
 62.40000	 50.82120	 70.00000
 63.00000	 53.02080	 71.97000
 63.60000	 51.92474	 72.51000
 64.20000	 48.28737	 70.00000
 64.80000	 48.33632	 68.01000
 65.40000	 51.51388	 68.72000
 66.00000	 50.33871	 67.91000
 66.60000	 51.85612	 68.84000
 67.20000	 50.75094	 68.49000
 67.80000	 46.59600	 64.60000
 68.40000	 51.11779	 65.39000
 69.00000	 50.57820	 64.82000
 69.60000	 51.91722	 65.80000
 70.20000	 52.53184	 67.13000
 70.80000	 51.37516	 67.38000
 71.40000	 50.08652	 66.65000
 72.00000	 48.66880	 64.75000
 72.60000	 51.57943	 65.64000
 73.20000	 50.59573	 65.14000
 73.80000	 51.62190	 65.88000
 74.40000	 50.05651	 65.00000
 75.00000	 50.81238	 65.09000
 75.60000	 49.37352	 63.68000
 76.20000	 49.64190	 62.77000
 76.80000	 51.52342	 63.47000
 77.40000	 52.84711	 65.12000
 78.00000	 49.61982	 63.74000
 78.60000	 49.63829	 62.92000
 79.20000	 50.31166	 62.54000
 79.80000	 51.73644	 63.36000
 80.40000	 51.65507	 63.94000
 81.00000	 50.70091	 63.74000
 81.60000	 51.64310	 64.53000
 82.20000	 50.47437	 64.06000
 82.80000	 50.59960	 63.92000
 83.40000	 52.94062	 65.83000
 84.00000	 50.89043	 65.53000
 84.60000	 50.54055	 65.33000
 85.20000	 50.56341	 65.09000
 85.80000	 51.99042	 66.12000
 86.40000	 51.71577	 66.69000
 87.00000	 51.05518	 66.77000
 87.60000	 51.77316	 67.58000
 88.20000	 48.32229	 65.10000
 88.80000	 49.67955	 64.40000
 89.40000	 54.05490	 67.31000
 90.00000	 50.88011	 66.76000
 90.60000	 50.28783	 66.37000
 91.20000	 51.03760	 66.58000
 91.80000	 49.21527	 64.98000
 92.40000	 52.23467	 66.44000
 93.00000	 50.22811	 65.54000
 93.60000	 52.49751	 67.16000
 94.20000	 49.84650	 65.93000
 94.80000	 50.19519	 65.52000
 95.40000	 50.43348	 65.14000
 96.00000	 50.06584	 64.41000
 96.60000	 50.54139	 64.19000
 97.20000	 51.84953	 65.08000
 97.80000	 51.72211	 65.69000
 98.40000	 53.50768	 68.01000
 99.00000	 48.46441	 65.46000
 99.60000	 49.92053	 65.06000
100.20000	 52.73305	 66.74000
100.80000	 52.24062	 67.63000
101.40000	 51.26051	 67.85000
102.00000	 49.81967	 66.87000
102.60000	 50.46766	 66.63000
103.20000	 51.39363	 67.06000
103.80000	 53.22923	 69.06000
104.40000	 51.32090	 69.10000
105.00000	 50.88411	 69.11000
105.60000	 48.33016	 66.75000
106.20000	 51.16654	 67.32000
106.80000	 50.86228	 67.07000
107.40000	 54.31189	 70.16000
108.00000	 47.44438	 66.48000
108.60000	 51.22797	 67.43000
109.20000	 50.32056	 66.64000
109.80000	 50.91417	 66.72000
110.40000	 52.13365	 67.79000
111.00000	 50.55070	 67.27000
111.60000	 49.51114	 66.10000
112.20000	 49.92688	 65.38000
112.80000	 49.98283	 64.60000
113.40000	 52.97687	 66.57000
114.00000	 50.32824	 65.70000
114.60000	 52.35347	 67.22000
115.20000	 47.23272	 63.64000
115.80000	 54.72106	 67.73000
116.40000	 47.54260	 63.92000
117.00000	 56.57900	 69.78000
117.60000	 49.65004	 67.63000
118.20000	 51.54063	 68.67000
118.80000	 49.06060	 66.81000
119.40000	 52.23945	 68.29000
120.00000	 53.02220	 69.89000
120.60000	 52.32494	 70.90000
121.20000	 46.11981	 66.40000
121.80000	 50.95295	 67.17000
122.40000	 51.59114	 67.49000
123.00000	 50.83529	 67.29000
123.60000	 50.86533	 67.28000
124.20000	 49.57287	 66.05000
124.80000	 48.30477	 63.86000
125.40000	 51.39105	 64.61000
126.00000	 50.84873	 64.36000
126.60000	 52.87771	 66.21000
127.20000	 50.26472	 65.36000
127.80000	 50.16221	 64.90000
128.40000	 49.41915	 63.64000
129.00000	 51.94224	 64.78000
129.60000	 54.48472	 67.83000
130.20000	 51.44917	 67.87000
130.80000	 49.95789	 67.12000
131.40000	 49.02942	 65.57000
