  0.00000	 56.27930	 65.12000
  0.60000	 55.70384	 64.33000
  1.20000	 55.38756	 63.86000
  1.80000	 55.35710	 63.75000
  2.40000	 55.52043	 63.89000
  3.00000	 56.18270	 64.67000
  3.60000	 56.60071	 65.16000
  4.20000	 56.89052	 65.50000
  4.80000	 56.73896	 65.29000
  5.40000	 56.57311	 65.06000
  6.00000	 56.38523	 64.80000
  6.60000	 56.23089	 64.58000
  7.20000	 55.99080	 64.25000
  7.80000	 55.35814	 63.42000
  8.40000	 55.05086	 62.99000
  9.00000	 55.09420	 63.00000
  9.60000	 55.43441	 63.39000
 10.20000	 56.05866	 64.15000
 10.80000	 56.99426	 65.32000
 11.40000	 57.48593	 65.95000
 12.00000	 58.64127	 67.43000
 12.60000	 59.68273	 68.79000
 13.20000	 59.50727	 68.63000
 13.80000	 59.16470	 68.25000
 14.40000	 59.16329	 68.29000
 15.00000	 59.14864	 68.31000
 15.60000	 58.34624	 67.33000
 16.20000	 57.82077	 66.68000
 16.80000	 57.07618	 65.74000
 17.40000	 56.65293	 65.19000
 18.00000	 56.88428	 65.46000
 18.60000	 57.25250	 65.91000
 19.20000	 57.76350	 66.55000
 19.80000	 58.43117	 67.40000
 20.40000	 59.57751	 68.87000
 21.00000	 60.12021	 69.60000
 21.60000	 60.56910	 70.22000
 22.20000	 60.26249	 69.89000
 22.80000	 59.83826	 69.40000
 23.40000	 59.50329	 69.01000
 24.00000	 59.06558	 68.48000
 24.60000	 58.36823	 67.61000
 25.20000	 57.75492	 66.83000
 25.80000	 56.61464	 65.37000
 26.40000	 55.87256	 64.39000
 27.00000	 55.13305	 63.40000
 27.60000	 54.91687	 63.06000
 28.20000	 55.26159	 63.43000
 28.80000	 56.39455	 64.81000
 29.40000	 57.34646	 65.99000
 30.00000	 58.03527	 66.86000
 30.60000	 58.54598	 67.52000
 31.20000	 58.86683	 67.95000
 31.80000	 59.04128	 68.20000
 32.40000	 59.01686	 68.20000
 33.00000	 58.87618	 68.05000
 33.60000	 58.61320	 67.74000
 34.20000	 58.31666	 67.38000
 34.80000	 57.60734	 66.49000
 35.40000	 57.10052	 65.84000
 36.00000	 56.53088	 65.10000
 36.60000	 56.39681	 64.90000
 37.20000	 57.22746	 65.92000
 37.80000	 57.29885	 66.00000
 38.40000	 57.24189	 65.92000
 39.00000	 58.20498	 67.13000
 39.60000	 58.96109	 68.10000
 40.20000	 59.19109	 68.42000
 40.80000	 59.26865	 68.55000
 41.40000	 59.49695	 68.87000
 42.00000	 59.40702	 68.79000
 42.60000	 59.11521	 68.45000
 43.20000	 58.16637	 67.27000
 43.80000	 57.48031	 66.40000
 44.40000	 56.79822	 65.52000
 45.00000	 56.45103	 65.05000
 45.60000	 56.13967	 64.62000
 46.20000	 55.98172	 64.38000
 46.80000	 56.70138	 65.25000
 47.40000	 57.23218	 65.90000
 48.00000	 58.25031	 67.18000
 48.60000	 58.87084	 67.98000
 49.20000	 58.09832	 67.03000
 49.80000	 58.38415	 67.40000
 50.40000	 58.84732	 68.00000
 51.00000	 58.41807	 67.48000
 51.60000	 57.97397	 66.93000
 52.20000	 58.17062	 67.18000
 52.80000	 58.32441	 67.38000
 53.40000	 58.29407	 67.35000
 54.00000	 58.20943	 67.25000
 54.60000	 58.29267	 67.36000
 55.20000	 58.20088	 67.25000
 55.80000	 57.93717	 66.92000
 56.40000	 57.52812	 66.40000
 57.00000	 56.43056	 65.00000
 57.60000	 56.46582	 65.01000
 58.20000	 56.59324	 65.14000
 58.80000	 56.30558	 64.75000
 59.40000	 56.11618	 64.48000
 60.00000	 56.20487	 64.56000
 60.60000	 56.34540	 64.71000
 61.20000	 56.46598	 64.84000
 61.80000	 56.66212	 65.07000
 62.40000	 57.32004	 65.89000
 63.00000	 57.28606	 65.85000
 63.60000	 57.24491	 65.80000
 64.20000	 57.03074	 65.53000
 64.80000	 56.82826	 65.27000
 65.40000	 56.57376	 64.94000
 66.00000	 56.37063	 64.67000
 66.60000	 56.11494	 64.33000
 67.20000	 55.90223	 64.04000
 67.80000	 55.88164	 63.99000
 68.40000	 55.85997	 63.94000
 69.00000	 54.64390	 62.38000
 69.60000	 55.55792	 63.49000
 70.20000	 56.12921	 64.19000
 70.80000	 57.15543	 65.48000
 71.40000	 58.08422	 66.67000
 72.00000	 58.20735	 66.86000
 72.60000	 58.16441	 66.84000
 73.20000	 58.32978	 67.08000
 73.80000	 58.43091	 67.24000
 74.40000	 57.90785	 66.61000
 75.00000	 57.56179	 66.19000
 75.60000	 57.08850	 65.60000
 76.20000	 57.00337	 65.49000
 76.80000	 55.40214	 63.46000
 77.40000	 57.49574	 66.07000
 78.00000	 59.21862	 68.26000
 78.60000	 60.58801	 70.04000
 79.20000	 61.47796	 71.24000
 79.80000	 62.33313	 72.41000
 80.40000	 62.91000	 73.24000
 81.00000	 62.42381	 72.73000
 81.60000	 61.91291	 72.17000
 82.20000	 61.02891	 71.12000
 82.80000	 60.24350	 70.17000
 83.40000	 59.52188	 69.28000
 84.00000	 59.05925	 68.70000
 84.60000	 58.14663	 67.54000
 85.20000	 57.71591	 66.97000
 85.80000	 58.43719	 67.85000
 86.40000	 59.12814	 68.71000
 87.00000	 59.89311	 69.68000
 87.60000	 60.51841	 70.49000
 88.20000	 61.03909	 71.18000
 88.80000	 61.39450	 71.67000
 89.40000	 61.48534	 71.83000
 90.00000	 61.86974	 72.36000
 90.60000	 62.17105	 72.79000
 91.20000	 61.95634	 72.57000
 91.80000	 62.00930	 72.68000
 92.40000	 61.16296	 71.65000
 93.00000	 60.44449	 70.76000
 93.60000	 60.45892	 70.78000
 94.20000	 60.31516	 70.60000
 94.80000	 60.73516	 71.13000
 95.40000	 60.93438	 71.39000
 96.00000	 60.64848	 71.04000
 96.60000	 60.28134	 70.58000
 97.20000	 59.61263	 69.73000
 97.80000	 59.02648	 68.97000
 98.40000	 58.09380	 67.76000
 99.00000	 57.30992	 66.72000
 99.60000	 56.94778	 66.20000
100.20000	 56.63566	 65.74000
100.80000	 56.34874	 65.31000
101.40000	 56.15762	 65.00000
102.00000	 55.90247	 64.61000
102.60000	 55.82948	 64.45000
103.20000	 55.88012	 64.45000
103.80000	 56.07617	 64.64000
104.40000	 56.80271	 65.51000
105.00000	 57.25279	 66.05000
105.60000	 57.05305	 65.78000
106.20000	 57.25879	 66.02000
106.80000	 57.20682	 65.94000
107.40000	 58.29297	 67.30000
108.00000	 59.05902	 68.28000
108.60000	 59.93879	 69.42000
109.20000	 60.60725	 70.31000
109.80000	 60.74510	 70.54000
110.40000	 60.97874	 70.89000
111.00000	 60.37384	 70.18000
111.60000	 59.85395	 69.56000
112.20000	 59.47188	 69.10000
112.80000	 59.14532	 68.70000
113.40000	 58.95172	 68.46000
114.00000	 58.59583	 68.01000
114.60000	 58.84682	 68.32000
115.20000	 59.07718	 68.61000
115.80000	 58.35503	 67.70000
116.40000	 57.84326	 67.04000
117.00000	 57.44241	 66.51000
117.60000	 56.99976	 65.92000
118.20000	 57.52723	 66.55000
118.80000	 57.90101	 67.00000
119.40000	 57.53975	 66.53000
120.00000	 57.20770	 66.09000
120.60000	 57.01460	 65.82000
121.20000	 56.77590	 65.49000
121.80000	 56.61869	 65.26000
122.40000	 56.43864	 65.00000
123.00000	 55.77767	 64.13000
123.60000	 55.39490	 63.60000
124.20000	 55.36379	 63.51000
124.80000	 55.49613	 63.63000
125.40000	 55.40201	 63.47000
126.00000	 56.23173	 64.48000
126.60000	 56.98137	 65.41000
127.20000	 56.89485	 65.30000
127.80000	 56.78607	 65.16000
128.40000	 56.46565	 64.75000
129.00000	 56.11101	 64.29000
129.60000	 55.81721	 63.90000
130.20000	 55.64597	 63.66000
130.80000	 55.01002	 62.83000
131.40000	 54.58119	 62.25000
132.00000	 54.59228	 62.22000
132.60000	 54.71116	 62.33000
133.20000	 54.87294	 62.50000
133.80000	 55.17997	 62.86000
134.40000	 54.95039	 62.55000
135.00000	 56.35961	 64.31000
135.60000	 57.68758	 66.00000
136.20000	 57.68891	 66.04000
136.80000	 57.64507	 66.02000
137.40000	 57.86495	 66.33000
138.00000	 58.03551	 66.58000
138.60000	 57.90484	 66.45000
139.20000	 57.81019	 66.36000
139.80000	 57.78223	 66.35000
140.40000	 57.73258	 66.31000
141.00000	 57.87487	 66.51000
141.60000	 57.76298	 66.39000
142.20000	 57.44095	 66.00000
142.80000	 56.82526	 65.23000
143.40000	 55.93633	 64.10000
144.00000	 55.78969	 63.89000
144.60000	 56.00772	 64.14000
145.20000	 54.72664	 62.50000
145.80000	 53.64058	 61.08000
146.40000	 53.21088	 60.47000
147.00000	 52.84000	 59.93000
147.60000	 52.89019	 59.92000
148.20000	 53.10103	 60.12000
148.80000	 52.94060	 59.86000
149.40000	 52.96127	 59.83000
150.00000	 53.57885	 60.56000
150.60000	 54.11142	 61.20000
151.20000	 55.39137	 62.80000
151.80000	 55.21732	 62.59000
152.40000	 55.08639	 62.43000
153.00000	 54.98179	 62.30000
153.60000	 54.91868	 62.22000
154.20000	 54.88828	 62.18000
