  0.00000	 53.55745	 65.12000
  0.60000	 53.31484	 64.33000
  1.20000	 53.52758	 63.86000
  1.80000	 54.15715	 63.75000
  2.40000	 54.99080	 63.89000
  3.00000	 56.42932	 64.67000
  3.60000	 57.28162	 65.16000
  4.20000	 57.76732	 65.50000
  4.80000	 57.47476	 65.29000
  5.40000	 57.14725	 65.06000
  6.00000	 56.80951	 64.80000
  6.60000	 56.56374	 64.58000
  7.20000	 56.23254	 64.25000
  7.80000	 55.37536	 63.42000
  8.40000	 55.12126	 62.99000
  9.00000	 55.44823	 63.00000
  9.60000	 56.19527	 63.39000
 10.20000	 57.26947	 64.15000
 10.80000	 58.64750	 65.32000
 11.40000	 59.15519	 65.95000
 12.00000	 60.52002	 67.43000
 12.60000	 61.50446	 68.79000
 13.20000	 60.51323	 68.63000
 13.80000	 59.34873	 68.25000
 14.40000	 58.84356	 68.29000
 15.00000	 58.42923	 68.31000
 15.60000	 56.94954	 67.33000
 16.20000	 56.10516	 66.68000
 16.80000	 55.10935	 65.74000
 17.40000	 54.77261	 65.19000
 18.00000	 55.50383	 65.46000
 18.60000	 56.38404	 65.91000
 19.20000	 57.36102	 66.55000
 19.80000	 58.41670	 67.40000
 20.40000	 60.00186	 68.87000
 21.00000	 60.44312	 69.60000
 21.60000	 60.61902	 70.22000
 22.20000	 59.61011	 69.89000
 22.80000	 58.52881	 69.40000
 23.40000	 57.73588	 69.01000
 24.00000	 56.93769	 68.48000
 24.60000	 55.90692	 67.61000
 25.20000	 55.18020	 66.83000
 25.80000	 53.82079	 65.37000
 26.40000	 53.26536	 64.39000
 27.00000	 52.84000	 63.40000
 27.60000	 53.27897	 63.06000
 28.20000	 54.51511	 63.43000
 28.80000	 56.75262	 64.81000
 29.40000	 58.39578	 65.99000
 30.00000	 59.35032	 66.86000
 30.60000	 59.82243	 67.52000
 31.20000	 59.87517	 67.95000
 31.80000	 59.65250	 68.20000
 32.40000	 59.13981	 68.20000
 33.00000	 58.51924	 68.05000
 33.60000	 57.81626	 67.74000
 34.20000	 57.18571	 67.38000
 34.80000	 56.06616	 66.49000
 35.40000	 55.42788	 65.84000
 36.00000	 54.83097	 65.10000
 36.60000	 54.99755	 64.90000
 37.20000	 56.60729	 65.92000
 37.80000	 56.90685	 66.00000
 38.40000	 56.93604	 65.92000
 39.00000	 58.43412	 67.13000
 39.60000	 59.41963	 68.10000
 40.20000	 59.45225	 68.42000
 40.80000	 59.20129	 68.55000
 41.40000	 59.17809	 68.87000
 42.00000	 58.68553	 68.79000
 42.60000	 57.96048	 68.45000
 43.20000	 56.37531	 67.27000
 43.80000	 55.41001	 66.40000
 44.40000	 54.63498	 65.52000
 45.00000	 54.51188	 65.05000
 45.60000	 54.50792	 64.62000
 46.20000	 54.75651	 64.38000
 46.80000	 56.27858	 65.25000
 47.40000	 57.32343	 65.90000
 48.00000	 58.90585	 67.18000
 48.60000	 59.64345	 67.98000
 49.20000	 58.15289	 67.03000
 49.80000	 58.35031	 67.40000
 50.40000	 58.79823	 68.00000
 51.00000	 57.87720	 67.48000
 51.60000	 57.04237	 66.93000
 52.20000	 57.28398	 67.18000
 52.80000	 57.47245	 67.38000
 53.40000	 57.38178	 67.35000
 54.00000	 57.22644	 67.25000
 54.60000	 57.34390	 67.36000
 55.20000	 57.19575	 67.25000
 55.80000	 56.81277	 66.92000
 56.40000	 56.26681	 66.40000
 57.00000	 54.78314	 65.00000
 57.60000	 55.17765	 65.01000
 58.20000	 55.70920	 65.14000
 58.80000	 55.57298	 64.75000
 59.40000	 55.58535	 64.48000
 60.00000	 55.99906	 64.56000
 60.60000	 56.42912	 64.71000
 61.20000	 56.75618	 64.84000
 61.80000	 57.12840	 65.07000
 62.40000	 58.11194	 65.89000
 63.00000	 57.92640	 65.85000
 63.60000	 57.71279	 65.80000
 64.20000	 57.25480	 65.53000
 64.80000	 56.87071	 65.27000
 65.40000	 56.47194	 64.94000
 66.00000	 56.21838	 64.67000
 66.60000	 55.94077	 64.33000
 67.20000	 55.77952	 64.04000
 67.80000	 55.93850	 63.99000
 68.40000	 56.08740	 63.94000
 69.00000	 54.45144	 62.38000
 69.60000	 56.15851	 63.49000
 70.20000	 57.18647	 64.19000
 70.80000	 58.72968	 65.48000
 71.40000	 59.89132	 66.67000
 72.00000	 59.65081	 66.86000
 72.60000	 59.12892	 66.84000
 73.20000	 58.95632	 67.08000
 73.80000	 58.71875	 67.24000
 74.40000	 57.60384	 66.61000
 75.00000	 56.90927	 66.19000
 75.60000	 56.15936	 65.60000
 76.20000	 56.12315	 65.49000
 76.80000	 53.89750	 63.46000
 77.40000	 57.43312	 66.07000
 78.00000	 60.05685	 68.26000
 78.60000	 61.77174	 70.04000
 79.20000	 62.45943	 71.24000
 79.80000	 62.91000	 72.41000
 80.40000	 62.82888	 73.24000
 81.00000	 61.15084	 72.73000
 81.60000	 59.63988	 72.17000
 82.20000	 57.82170	 71.12000
 82.80000	 56.45752	 70.17000
 83.40000	 55.45871	 69.28000
 84.00000	 55.06204	 68.70000
 84.60000	 54.12744	 67.54000
 85.20000	 54.06912	 66.97000
 85.80000	 55.76595	 67.85000
 86.40000	 57.22576	 68.71000
 87.00000	 58.56827	 69.68000
 87.60000	 59.46635	 70.49000
 88.20000	 60.01922	 71.18000
 88.80000	 60.19151	 71.67000
 89.40000	 59.90215	 71.83000
 90.00000	 60.05590	 72.36000
 90.60000	 60.06755	 72.79000
 91.20000	 59.31694	 72.57000
 91.80000	 59.06177	 72.68000
 92.40000	 57.53949	 71.65000
 93.00000	 56.42256	 70.76000
 93.60000	 56.58750	 70.78000
 94.20000	 56.56257	 70.60000
 94.80000	 57.40245	 71.13000
 95.40000	 57.82548	 71.39000
 96.00000	 57.46002	 71.04000
 96.60000	 56.99506	 70.58000
 97.20000	 56.13691	 69.73000
 97.80000	 55.51510	 68.97000
 98.40000	 54.48345	 67.76000
 99.00000	 53.82606	 66.72000
 99.60000	 53.91056	 66.20000
100.20000	 54.08928	 65.74000
100.80000	 54.28840	 65.31000
101.40000	 54.59281	 65.00000
102.00000	 54.74381	 64.61000
102.60000	 55.11674	 64.45000
103.20000	 55.59881	 64.45000
103.80000	 56.20412	 64.64000
104.40000	 57.48245	 65.51000
105.00000	 58.15378	 66.05000
105.60000	 57.72223	 65.78000
106.20000	 57.89277	 66.02000
106.80000	 57.64790	 65.94000
107.40000	 59.10626	 67.30000
108.00000	 59.91636	 68.28000
108.60000	 60.76064	 69.42000
109.20000	 61.15316	 70.31000
109.80000	 60.67800	 70.54000
110.40000	 60.38250	 70.89000
111.00000	 58.89610	 70.18000
111.60000	 57.74322	 69.56000
112.20000	 56.99904	 69.10000
112.80000	 56.50030	 68.70000
113.40000	 56.32175	 68.46000
114.00000	 55.97304	 68.01000
114.60000	 56.59351	 68.32000
115.20000	 57.12944	 68.61000
115.80000	 56.18273	 67.70000
116.40000	 55.64111	 67.04000
117.00000	 55.34126	 66.51000
117.60000	 55.03387	 65.92000
118.20000	 56.21141	 66.55000
118.80000	 57.02674	 67.00000
119.40000	 56.62267	 66.53000
120.00000	 56.26761	 66.09000
120.60000	 56.14645	 65.82000
121.20000	 55.97209	 65.49000
121.80000	 55.94025	 65.26000
122.40000	 55.88106	 65.00000
123.00000	 55.11768	 64.13000
123.60000	 54.85792	 63.60000
124.20000	 55.16671	 63.51000
124.80000	 55.69091	 63.63000
125.40000	 55.80877	 63.47000
126.00000	 57.25497	 64.48000
126.60000	 58.38521	 65.41000
127.20000	 58.08740	 65.30000
127.80000	 57.73374	 65.16000
128.40000	 57.08901	 64.75000
129.00000	 56.47410	 64.29000
129.60000	 56.04586	 63.90000
130.20000	 55.88155	 63.66000
130.80000	 55.07886	 62.83000
131.40000	 54.70021	 62.25000
132.00000	 55.04875	 62.22000
132.60000	 55.53690	 62.33000
133.20000	 56.02679	 62.50000
133.80000	 56.65236	 62.86000
134.40000	 56.38048	 62.55000
135.00000	 58.53029	 64.31000
135.60000	 60.28274	 66.00000
136.20000	 59.79259	 66.04000
136.80000	 59.21600	 66.02000
137.40000	 59.07721	 66.33000
138.00000	 58.89363	 66.58000
138.60000	 58.30459	 66.45000
139.20000	 57.86264	 66.36000
139.80000	 57.60746	 66.35000
140.40000	 57.38682	 66.31000
141.00000	 57.50650	 66.51000
141.60000	 57.25995	 66.39000
142.20000	 56.74443	 66.00000
142.80000	 55.87222	 65.23000
143.40000	 54.72551	 64.10000
144.00000	 54.85220	 63.89000
144.60000	 55.54971	 64.14000
145.20000	 53.96257	 62.50000
145.80000	 52.84397	 61.08000
146.40000	 52.86302	 60.47000
147.00000	 53.00575	 59.93000
147.60000	 53.76433	 59.92000
148.20000	 54.65857	 60.12000
148.80000	 54.85836	 59.86000
149.40000	 55.24881	 59.83000
150.00000	 56.43281	 60.56000
150.60000	 57.30721	 61.20000
151.20000	 59.12197	 62.80000
151.80000	 58.50815	 62.59000
152.40000	 57.95572	 62.43000
153.00000	 57.48991	 62.30000
153.60000	 57.15263	 62.22000
154.20000	 56.92856	 62.18000
