  0.00000	 42.08989	 53.86000
  0.60000	 42.01079	 53.48000
  1.20000	 42.14915	 53.32000
  1.80000	 41.72122	 52.79000
  2.40000	 41.94201	 52.53000
  3.00000	 43.31394	 53.37000
  3.60000	 43.58903	 54.21000
  4.20000	 43.61624	 55.09000
  4.80000	 40.90015	 53.69000
  5.40000	 43.53468	 55.04000
  6.00000	 43.97024	 56.03000
  6.60000	 42.89894	 56.17000
  7.20000	 42.32957	 56.10000
  7.80000	 42.06500	 55.86000
  8.40000	 41.70234	 55.33000
  9.00000	 41.70054	 54.87000
  9.60000	 41.72249	 54.41000
 10.20000	 41.89761	 54.10000
 10.80000	 41.01968	 53.02000
 11.40000	 43.25823	 54.09000
 12.00000	 43.89107	 54.99000
 12.60000	 42.82645	 54.98000
 13.20000	 43.77450	 56.15000
 13.80000	 43.89093	 57.03000
 14.40000	 41.87159	 56.23000
 15.00000	 42.73268	 56.81000
 15.60000	 43.18286	 57.30000
 16.20000	 42.40716	 57.03000
 16.80000	 42.19143	 56.89000
 17.40000	 41.98823	 56.59000
 18.00000	 42.05673	 56.39000
 18.60000	 42.40910	 56.44000
 19.20000	 44.22744	 57.89000
 19.80000	 45.09180	 59.41000
 20.40000	 44.65479	 60.40000
 21.00000	 42.51119	 59.86000
 21.60000	 41.67956	 59.43000
 22.20000	 41.59315	 59.03000
 22.80000	 41.41236	 58.38000
 23.40000	 41.41904	 57.78000
 24.00000	 42.31022	 57.91000
 24.60000	 41.34809	 56.86000
 25.20000	 41.06212	 56.09000
 25.80000	 41.65619	 55.88000
 26.40000	 42.45405	 56.04000
 27.00000	 41.12651	 54.79000
 27.60000	 44.42703	 57.02000
 28.20000	 45.67075	 58.66000
 28.80000	 45.47088	 59.86000
 29.40000	 43.44149	 59.65000
 30.00000	 42.31867	 59.48000
 30.60000	 41.82434	 59.21000
 31.20000	 41.83750	 59.00000
 31.80000	 42.01080	 58.82000
 32.40000	 42.34905	 58.81000
 33.00000	 42.74953	 58.98000
 33.60000	 41.17521	 57.67000
 34.20000	 40.91595	 57.01000
 34.80000	 41.92607	 57.19000
 35.40000	 42.93121	 57.62000
 36.00000	 43.20349	 57.84000
 36.60000	 42.68654	 57.62000
 37.20000	 41.63559	 56.87000
 37.80000	 41.16015	 56.26000
 38.40000	 42.73264	 57.11000
 39.00000	 43.35341	 57.53000
 39.60000	 43.88979	 58.19000
 40.20000	 41.77805	 56.89000
 40.80000	 40.77870	 56.03000
 41.40000	 42.52889	 57.02000
 42.00000	 42.00860	 56.41000
 42.60000	 41.47411	 55.77000
 43.20000	 41.72949	 55.65000
 43.80000	 41.76335	 55.36000
 44.40000	 41.78506	 55.08000
 45.00000	 40.98526	 54.13000
 45.60000	 40.59439	 53.34000
 46.20000	 41.71787	 53.66000
 46.80000	 41.94367	 53.44000
 47.40000	 42.25683	 53.44000
 48.00000	 41.11778	 52.36000
 48.60000	 40.62129	 51.62000
 49.20000	 40.79021	 51.25000
 49.80000	 41.80924	 51.56000
 50.40000	 42.34286	 51.68000
 51.00000	 42.47983	 51.68000
 51.60000	 42.29176	 51.53000
 52.20000	 40.61915	 50.15000
 52.80000	 41.89942	 50.91000
 53.40000	 42.76524	 51.44000
 54.00000	 42.68000	 51.40000
 54.60000	 42.57846	 51.43000
 55.20000	 42.67234	 51.64000
 55.80000	 41.65264	 50.94000
 56.40000	 41.35132	 50.66000
 57.00000	 41.95241	 51.00000
 57.60000	 42.56441	 51.40000
 58.20000	 42.77665	 51.60000
 58.80000	 42.83475	 51.77000
 59.40000	 41.83816	 51.11000
 60.00000	 41.00648	 50.44000
 60.60000	 41.41400	 50.60000
 61.20000	 41.68458	 50.62000
 61.80000	 41.52954	 50.32000
 62.40000	 41.41557	 50.05000
 63.00000	 41.39305	 49.84000
 63.60000	 41.73740	 49.93000
 64.20000	 42.04140	 50.04000
 64.80000	 41.43270	 49.46000
 65.40000	 42.86929	 50.54000
 66.00000	 43.78047	 51.37000
 66.60000	 43.66088	 51.56000
 67.20000	 43.73733	 52.00000
 67.80000	 43.92550	 52.58000
 68.40000	 43.43086	 52.63000
 69.00000	 43.64667	 53.22000
 69.60000	 43.65202	 53.63000
 70.20000	 45.68239	 55.73000
 70.80000	 46.56593	 57.13000
 71.40000	 46.13320	 57.66000
 72.00000	 45.14760	 57.77000
 72.60000	 44.52030	 58.06000
 73.20000	 43.11954	 57.55000
 73.80000	 42.56671	 57.49000
 74.40000	 42.55488	 57.68000
 75.00000	 44.51798	 59.42000
 75.60000	 46.74000	 61.56000
 76.20000	 48.23304	 63.44000
 76.80000	 46.87436	 63.27000
 77.40000	 45.81871	 63.35000
 78.00000	 45.29837	 63.74000
 78.60000	 44.82774	 64.03000
 79.20000	 44.20777	 64.06000
 79.80000	 44.78744	 64.95000
 80.40000	 42.39184	 63.33000
 81.00000	 40.57474	 61.92000
 81.60000	 41.06780	 62.11000
 82.20000	 41.45948	 62.10000
 82.80000	 41.93802	 62.15000
 83.40000	 41.42901	 61.42000
 84.00000	 41.12803	 60.84000
 84.60000	 39.65653	 59.24000
 85.20000	 41.24341	 60.04000
 85.80000	 42.25528	 60.44000
 86.40000	 42.66137	 60.48000
 87.00000	 41.66064	 59.46000
 87.60000	 40.92680	 58.63000
 88.20000	 42.81183	 59.91000
 88.80000	 42.21636	 59.25000
 89.40000	 41.61201	 58.60000
 90.00000	 40.58497	 57.55000
 90.60000	 39.80386	 56.59000
 91.20000	 39.91458	 56.25000
 91.80000	 39.17834	 55.15000
 92.40000	 38.43675	 53.96000
 93.00000	 38.96283	 53.73000
 93.60000	 39.52153	 53.53000
 94.20000	 39.32891	 52.76000
 94.80000	 39.27587	 52.13000
 95.40000	 39.84819	 52.04000
 96.00000	 39.66239	 51.38000
 96.60000	 39.68442	 50.92000
 97.20000	 40.34772	 51.02000
 97.80000	 41.07789	 51.25000
 98.40000	 41.33690	 51.19000
 99.00000	 42.84803	 52.26000
 99.60000	 44.25364	 53.41000
100.20000	 43.52066	 52.97000
100.80000	 42.96077	 52.72000
101.40000	 43.50308	 53.37000
102.00000	 43.72557	 53.78000
102.60000	 43.35238	 53.72000
103.20000	 43.38142	 53.98000
103.80000	 43.55342	 54.35000
104.40000	 42.41891	 53.63000
105.00000	 41.80599	 53.26000
105.60000	 42.49811	 53.89000
106.20000	 42.56641	 54.00000
106.80000	 42.63936	 54.12000
107.40000	 42.38062	 53.97000
108.00000	 42.27189	 53.93000
108.60000	 42.07570	 53.80000
109.20000	 42.15779	 53.88000
109.80000	 41.22094	 53.10000
110.40000	 43.80439	 55.20000
111.00000	 45.63544	 56.82000
111.60000	 46.95637	 58.22000
112.20000	 46.92167	 58.68000
112.80000	 46.67172	 59.05000
113.40000	 44.99130	 58.24000
114.00000	 43.85769	 57.77000
114.60000	 44.59498	 58.72000
115.20000	 43.43625	 58.05000
115.80000	 42.31492	 57.31000
116.40000	 41.53067	 56.72000
117.00000	 41.22662	 56.41000
117.60000	 39.86329	 55.13000
118.20000	 39.01473	 54.15000
118.80000	 39.93022	 54.53000
119.40000	 40.40567	 54.55000
120.00000	 40.11367	 53.97000
120.60000	 40.01400	 53.56000
121.20000	 40.25515	 53.44000
121.80000	 39.79878	 52.76000
122.40000	 39.92855	 52.56000
123.00000	 39.85591	 52.20000
123.60000	 42.13745	 53.82000
124.20000	 43.77807	 55.06000
124.80000	 44.14749	 55.42000
125.40000	 44.53695	 55.91000
126.00000	 44.62049	 56.22000
126.60000	 44.94613	 56.77000
127.20000	 44.85154	 57.00000
127.80000	 44.44389	 56.97000
128.40000	 43.46558	 56.43000
129.00000	 42.93186	 56.18000
129.60000	 41.70254	 55.27000
130.20000	 40.98026	 54.67000
130.80000	 40.81662	 54.44000
131.40000	 41.03869	 54.48000
132.00000	 42.06881	 55.19000
132.60000	 42.42712	 55.40000
133.20000	 42.73418	 55.62000
133.80000	 42.41655	 55.36000
134.40000	 42.30091	 55.27000
135.00000	 41.11942	 54.28000
135.60000	 42.50611	 55.37000
136.20000	 43.58076	 56.25000
136.80000	 43.69346	 56.41000
137.40000	 43.71980	 56.54000
138.00000	 42.27079	 55.45000
138.60000	 43.27980	 56.34000
139.20000	 44.05992	 57.06000
139.80000	 43.70494	 56.88000
140.40000	 43.28142	 56.64000
141.00000	 42.84493	 56.36000
141.60000	 42.42023	 56.05000
142.20000	 41.06742	 54.92000
142.80000	 41.55507	 55.24000
143.40000	 42.09970	 55.60000
144.00000	 41.16481	 54.75000
144.60000	 40.50011	 54.09000
145.20000	 40.10560	 53.61000
145.80000	 40.02549	 53.36000
146.40000	 39.38442	 52.63000
147.00000	 40.59219	 53.42000
147.60000	 41.65437	 54.15000
148.20000	 43.89003	 55.95000
148.80000	 44.27347	 56.35000
149.40000	 44.68844	 56.85000
150.00000	 43.70500	 56.22000
150.60000	 43.02359	 55.80000
151.20000	 43.93692	 56.66000
151.80000	 43.47647	 56.39000
152.40000	 43.08852	 56.16000
153.00000	 42.27221	 55.54000
153.60000	 41.69921	 55.07000
154.20000	 41.02708	 54.47000
154.80000	 40.68493	 54.10000
155.40000	 41.27074	 54.48000
156.00000	 40.98039	 54.15000
156.60000	 40.66752	 53.80000
157.20000	 41.32125	 54.25000
157.80000	 41.79305	 54.58000
158.40000	 41.39895	 54.22000
159.00000	 42.07240	 54.75000
159.60000	 42.56544	 55.16000
160.20000	 42.20885	 54.89000
160.80000	 41.83710	 54.60000
161.40000	 41.22584	 54.09000
162.00000	 40.74807	 53.66000
162.60000	 40.04077	 53.01000
163.20000	 39.64868	 52.59000
163.80000	 39.32850	 52.21000
164.40000	 39.85750	 52.53000
165.00000	 40.21146	 52.73000
165.60000	 40.17366	 52.63000
166.20000	 40.13453	 52.54000
166.80000	 38.88341	 51.44000
167.40000	 39.60548	 51.95000
168.00000	 40.17944	 52.36000
168.60000	 40.56964	 52.65000
169.20000	 40.84406	 52.87000
169.80000	 40.67825	 52.74000
170.40000	 40.97888	 53.00000
171.00000	 41.58761	 53.53000
171.60000	 41.17601	 53.23000
172.20000	 41.42173	 53.47000
172.80000	 43.28356	 55.07000
173.40000	 43.68215	 55.51000
174.00000	 43.97032	 55.88000
174.60000	 44.16630	 56.18000
175.20000	 43.86118	 56.06000
175.80000	 43.57876	 55.94000
176.40000	 44.47845	 56.79000
177.00000	 45.09150	 57.42000
177.60000	 45.21937	 57.66000
178.20000	 45.48056	 58.01000
178.80000	 46.10074	 58.66000
179.40000	 44.60826	 57.55000
180.00000	 43.79197	 56.95000
180.60000	 45.73395	 58.62000
181.20000	 45.09684	 58.18000
181.80000	 44.72170	 57.94000
182.40000	 43.85825	 57.27000
183.00000	 43.50116	 56.99000
183.60000	 42.60454	 56.24000
184.20000	 44.50038	 57.80000
184.80000	 45.81688	 58.93000
185.40000	 46.91439	 59.92000
186.00000	 46.75743	 59.89000
186.60000	 46.58913	 59.84000
187.20000	 45.80570	 59.26000
187.80000	 45.28695	 58.87000
188.40000	 42.95799	 56.94000
189.00000	 44.05658	 57.81000
189.60000	 45.13090	 58.69000
190.20000	 44.81719	 58.44000
190.80000	 44.69408	 58.34000
191.40000	 43.68265	 57.49000
192.00000	 44.72340	 58.33000
192.60000	 45.51302	 58.99000
193.20000	 45.31039	 58.84000
193.80000	 45.03455	 58.62000
194.40000	 44.46053	 58.14000
195.00000	 44.00256	 57.74000
195.60000	 42.61649	 56.55000
196.20000	 43.20628	 56.98000
196.80000	 43.47135	 57.16000
197.40000	 44.19058	 57.73000
198.00000	 44.44346	 57.93000
198.60000	 43.66349	 57.27000
199.20000	 43.00419	 56.69000
199.80000	 42.70758	 56.40000
200.40000	 41.92581	 55.70000
201.00000	 41.19848	 55.03000
201.60000	 41.78509	 55.45000
202.20000	 42.01126	 55.59000
202.80000	 42.07223	 55.60000
203.40000	 41.34019	 54.95000
204.00000	 40.85135	 54.49000
204.60000	 39.97463	 53.70000
205.20000	 39.50747	 53.24000
205.80000	 38.95883	 52.71000
206.40000	 38.83214	 52.53000
207.00000	 39.90326	 53.36000
207.60000	 40.25970	 53.62000
208.20000	 40.58035	 53.86000
208.80000	 40.56791	 53.83000
209.40000	 40.64854	 53.88000
210.00000	 39.43614	 52.85000
210.60000	 40.99029	 54.12000
211.20000	 41.82849	 54.82000
211.80000	 41.96986	 54.95000
212.40000	 41.41740	 54.50000
