  0.00000	 45.08403	 93.91000
  0.60000	 41.90964	 89.25000
  1.20000	 44.90101	 94.26000
  1.80000	 43.64902	 92.58000
  2.40000	 42.64509	 91.24000
  3.00000	 42.10335	 90.47000
  3.60000	 40.87953	 88.41000
  4.20000	 43.57391	 92.47000
  4.80000	 44.13827	 93.31000
  5.40000	 43.53946	 92.47000
  6.00000	 41.61936	 89.50000
  6.60000	 42.80677	 91.33000
  7.20000	 41.26440	 88.74000
  7.80000	 40.73816	 87.60000
  8.40000	 41.63011	 88.59000
  9.00000	 42.01410	 88.79000
  9.60000	 42.37308	 89.03000
 10.20000	 41.23723	 86.93000
 10.80000	 43.74995	 90.67000
 11.40000	 43.14094	 89.63000
 12.00000	 42.92683	 89.31000
 12.60000	 44.02561	 91.14000
 13.20000	 43.51536	 90.51000
 13.80000	 41.63811	 87.66000
 14.40000	 41.76027	 87.80000
 15.00000	 41.76260	 87.62000
 15.60000	 41.86506	 87.54000
 16.20000	 40.80031	 85.54000
 16.80000	 41.26905	 85.88000
 17.40000	 41.37134	 85.61000
 18.00000	 41.79674	 85.88000
 18.60000	 42.63082	 86.89000
 19.20000	 43.88530	 88.75000
 19.80000	 42.66819	 86.85000
 20.40000	 44.91816	 90.57000
 21.00000	 45.12683	 91.27000
 21.60000	 45.19442	 91.93000
 22.20000	 46.11747	 94.09000
 22.80000	 43.56872	 90.77000
 23.40000	 44.76839	 93.28000
 24.00000	 43.76114	 92.21000
 24.60000	 42.99454	 91.39000
 25.20000	 42.59669	 90.98000
 25.80000	 41.26798	 88.89000
 26.40000	 44.05268	 93.23000
 27.00000	 43.18866	 91.88000
 27.60000	 42.91870	 91.51000
 28.20000	 43.39935	 92.33000
 28.80000	 43.26586	 92.20000
 29.40000	 45.30430	 95.62000
 30.00000	 44.17283	 94.17000
 30.60000	 43.27500	 93.09000
 31.20000	 42.48820	 92.05000
 31.80000	 42.31558	 91.82000
 32.40000	 40.42459	 88.66000
 33.00000	 41.52678	 90.04000
 33.60000	 39.90413	 86.96000
 34.20000	 40.80772	 87.76000
 34.80000	 41.37899	 88.03000
 35.40000	 41.36384	 87.44000
 36.00000	 42.96440	 89.54000
 36.60000	 43.54860	 90.25000
 37.20000	 43.42233	 90.03000
 37.80000	 44.02419	 91.10000
 38.40000	 41.83627	 87.76000
 39.00000	 42.69398	 89.14000
 39.60000	 42.78849	 89.27000
 40.20000	 41.60093	 87.32000
 40.80000	 42.24484	 88.19000
 41.40000	 40.10707	 84.53000
 42.00000	 41.94594	 87.05000
 42.60000	 41.76046	 86.38000
 43.20000	 41.82286	 86.15000
 43.80000	 42.38105	 86.76000
 44.40000	 42.30102	 86.43000
 45.00000	 43.86781	 88.83000
 45.60000	 43.89973	 88.98000
 46.20000	 43.93945	 89.28000
 46.80000	 44.21471	 90.04000
 47.40000	 44.35692	 90.66000
 48.00000	 42.83943	 88.63000
 48.60000	 42.79703	 88.81000
 49.20000	 42.90299	 89.12000
 49.80000	 43.07322	 89.49000
 50.40000	 43.63551	 90.50000
 51.00000	 43.33860	 90.19000
 51.60000	 43.75416	 91.04000
 52.20000	 44.25680	 92.09000
 52.80000	 45.59815	 94.61000
 53.40000	 44.77153	 93.84000
 54.00000	 43.04807	 91.61000
 54.60000	 45.04954	 95.20000
 55.20000	 44.73707	 95.17000
 55.80000	 44.16044	 94.74000
 56.40000	 43.84326	 94.66000
 57.00000	 41.75411	 91.60000
 57.60000	 42.26798	 92.43000
 58.20000	 41.83921	 91.61000
 58.80000	 41.50892	 90.83000
 59.40000	 41.28864	 90.12000
 60.00000	 41.05387	 89.30000
 60.60000	 41.15347	 88.95000
 61.20000	 42.31357	 90.31000
 61.80000	 43.92446	 92.57000
 62.40000	 44.08490	 92.79000
 63.00000	 42.62972	 90.57000
 63.60000	 46.12247	 96.31000
 64.20000	 44.62406	 94.36000
 64.80000	 43.38085	 92.84000
 65.40000	 43.54748	 93.44000
 66.00000	 40.91487	 89.40000
 66.60000	 40.56673	 88.66000
 67.20000	 40.55195	 88.19000
 67.80000	 40.66704	 87.79000
 68.40000	 40.92430	 87.57000
 69.00000	 40.20279	 85.77000
 69.60000	 43.74814	 90.84000
 70.20000	 41.86323	 87.53000
 70.80000	 43.93940	 90.66000
 71.40000	 44.57191	 91.73000
 72.00000	 43.30563	 89.95000
 72.60000	 43.63191	 90.71000
 73.20000	 42.66171	 89.37000
 73.80000	 43.74295	 91.24000
 74.40000	 42.15436	 88.84000
 75.00000	 41.40532	 87.62000
 75.60000	 42.02906	 88.43000
 76.20000	 42.11144	 88.34000
 76.80000	 44.31759	 91.72000
 77.40000	 43.24539	 90.08000
 78.00000	 42.67304	 89.27000
 78.60000	 43.22086	 90.21000
 79.20000	 43.08884	 90.08000
 79.80000	 44.65461	 92.72000
 80.40000	 42.50647	 89.53000
 81.00000	 41.22716	 87.56000
 81.60000	 42.57292	 89.58000
 82.20000	 40.74032	 86.46000
 82.80000	 41.74185	 87.72000
 83.40000	 40.96429	 86.10000
 84.00000	 40.74983	 85.30000
 84.60000	 40.90245	 85.02000
 85.20000	 42.25279	 86.68000
 85.80000	 44.33515	 89.73000
 86.40000	 44.97610	 90.84000
 87.00000	 44.67320	 90.72000
 87.60000	 44.04850	 90.19000
 88.20000	 46.35141	 94.40000
 88.80000	 44.01158	 91.35000
 89.40000	 42.50241	 89.47000
 90.00000	 42.34440	 89.47000
 90.60000	 41.44854	 88.07000
 91.20000	 41.71438	 88.33000
 91.80000	 41.71239	 88.07000
 92.40000	 41.75420	 87.84000
 93.00000	 41.97546	 87.89000
 93.60000	 41.32086	 86.54000
 94.20000	 43.04952	 89.00000
 94.80000	 43.15637	 89.03000
 95.40000	 43.44062	 89.48000
 96.00000	 44.18431	 90.79000
 96.60000	 44.08447	 90.89000
 97.20000	 44.53009	 91.95000
 97.80000	 44.36955	 92.12000
 98.40000	 43.82023	 91.68000
 99.00000	 42.95965	 90.66000
 99.60000	 41.34988	 88.25000
100.20000	 41.01895	 87.60000
100.80000	 40.79776	 86.91000
101.40000	 40.91641	 86.63000
102.00000	 39.29652	 83.46000
102.60000	 41.62453	 86.47000
103.20000	 42.63353	 87.54000
103.80000	 43.33916	 88.38000
104.40000	 44.31093	 89.90000
105.00000	 42.92123	 87.84000
105.60000	 44.47528	 90.52000
106.20000	 44.29862	 90.57000
106.80000	 43.96716	 90.44000
107.40000	 44.17174	 91.17000
108.00000	 42.02339	 88.08000
108.60000	 43.50952	 90.61000
109.20000	 42.86614	 89.72000
109.80000	 42.87709	 89.83000
110.40000	 44.36218	 92.31000
111.00000	 43.60459	 91.33000
111.60000	 45.77650	 95.12000
112.20000	 45.31202	 94.92000
112.80000	 48.29259	100.43000
113.40000	 46.75699	 99.05000
114.00000	 45.37148	 97.93000
114.60000	 44.40051	 97.28000
115.20000	 43.25792	 96.09000
115.80000	 44.84370	 99.04000
116.40000	 41.43051	 93.90000
117.00000	 39.61713	 90.90000
117.60000	 41.05410	 92.69000
118.20000	 39.71035	 89.89000
118.80000	 41.54130	 92.05000
119.40000	 41.06058	 90.60000
120.00000	 41.04511	 89.93000
120.60000	 42.24631	 91.26000
121.20000	 40.58469	 88.11000
121.80000	 42.12220	 90.04000
122.40000	 41.06806	 87.90000
123.00000	 40.58223	 86.62000
123.60000	 40.44064	 85.80000
124.20000	 42.44965	 88.42000
124.80000	 41.21912	 86.02000
125.40000	 41.58662	 86.19000
126.00000	 42.13271	 86.69000
126.60000	 42.81109	 87.51000
127.20000	 44.75407	 90.55000
127.80000	 44.76707	 90.81000
128.40000	 43.05545	 88.45000
129.00000	 42.22845	 87.38000
129.60000	 45.30899	 92.48000
130.20000	 44.76506	 92.01000
130.80000	 43.72058	 90.82000
131.40000	 42.68666	 89.54000
132.00000	 42.47531	 89.39000
132.60000	 44.09339	 92.08000
133.20000	 42.69526	 90.01000
133.80000	 42.62268	 89.98000
134.40000	 48.00942	 98.78000
135.00000	 43.74227	 92.58000
135.60000	 40.80432	 88.31000
136.20000	 41.29966	 89.08000
136.80000	 40.31907	 87.22000
137.40000	 37.13655	 81.51000
138.00000	 41.76153	 87.94000
138.60000	 41.46763	 86.72000
139.20000	 42.00045	 87.01000
139.80000	 43.44742	 88.96000
140.40000	 44.86085	 91.16000
141.00000	 48.46979	 97.31000
141.60000	 46.58034	 95.21000
142.20000	 48.07321	 98.72000
142.80000	 45.76766	 96.29000
143.40000	 43.65573	 93.96000
144.00000	 41.64430	 91.36000
144.60000	 39.93304	 88.72000
145.20000	 40.02452	 88.49000
145.80000	 40.31965	 88.33000
146.40000	 39.06903	 85.56000
147.00000	 40.70709	 87.28000
147.60000	 41.25873	 87.36000
148.20000	 42.26487	 88.34000
148.80000	 42.97224	 89.07000
149.40000	 42.87492	 88.72000
150.00000	 45.64022	 93.15000
150.60000	 44.27166	 91.30000
151.20000	 46.17662	 94.83000
151.80000	 42.67144	 89.83000
152.40000	 43.14755	 90.96000
153.00000	 42.94677	 90.86000
153.60000	 41.40222	 88.47000
154.20000	 41.82475	 89.01000
154.80000	 39.90162	 85.64000
155.40000	 41.32128	 87.40000
156.00000	 42.17495	 88.28000
156.60000	 41.96023	 87.57000
157.20000	 43.71163	 90.12000
157.80000	 42.01970	 87.34000
158.40000	 42.90628	 88.67000
159.00000	 44.32601	 90.95000
159.60000	 45.32250	 92.79000
160.20000	 46.57302	 95.32000
160.80000	 44.33358	 92.48000
161.40000	 44.72138	 93.76000
162.00000	 42.81470	 91.26000
162.60000	 41.24805	 89.01000
163.20000	 42.21481	 90.50000
163.80000	 39.02196	 85.14000
164.40000	 39.75831	 85.69000
165.00000	 40.49391	 86.09000
165.60000	 41.00429	 86.16000
166.20000	 41.55023	 86.39000
166.80000	 41.40948	 85.64000
167.40000	 42.34860	 86.71000
168.00000	 43.07757	 87.61000
168.60000	 43.57324	 88.33000
169.20000	 44.67639	 90.22000
169.80000	 42.19665	 86.52000
170.40000	 43.51897	 88.79000
171.00000	 44.12398	 89.96000
171.60000	 43.86239	 89.84000
172.20000	 44.18699	 90.70000
172.80000	 42.29455	 88.00000
173.40000	 45.52744	 93.41000
174.00000	 44.74529	 92.61000
174.60000	 45.66140	 94.64000
175.20000	 45.98280	 95.86000
175.80000	 45.90305	 96.55000
176.40000	 44.60611	 95.30000
177.00000	 43.60004	 94.35000
177.60000	 42.64059	 93.23000
178.20000	 41.81870	 92.06000
178.80000	 40.34486	 89.56000
179.40000	 40.76218	 89.79000
180.00000	 40.48759	 88.77000
180.60000	 40.76981	 88.56000
181.20000	 40.99304	 88.25000
181.80000	 40.42093	 86.68000
182.40000	 43.39669	 90.84000
183.00000	 41.39965	 87.30000
183.60000	 42.11367	 88.11000
184.20000	 42.92585	 89.15000
184.80000	 43.45083	 89.88000
185.40000	 43.91355	 90.67000
186.00000	 42.56644	 88.66000
186.60000	 43.32123	 89.96000
187.20000	 43.32370	 90.08000
187.80000	 41.85861	 87.83000
188.40000	 42.90267	 89.47000
189.00000	 43.06614	 89.72000
189.60000	 43.76991	 90.90000
190.20000	 44.35825	 92.02000
190.80000	 44.73078	 92.94000
191.40000	 45.70928	 94.98000
192.00000	 42.89452	 91.04000
192.60000	 46.28891	 96.92000
193.20000	 43.16659	 92.50000
193.80000	 41.63789	 90.39000
194.40000	 43.16814	 92.89000
195.00000	 42.66695	 92.10000
195.60000	 43.30659	 93.11000
196.20000	 43.74280	 93.85000
196.80000	 44.00361	 94.40000
197.40000	 43.80617	 94.29000
198.00000	 42.85778	 92.97000
198.60000	 43.46837	 94.06000
199.20000	 39.64185	 87.93000
199.80000	 41.37016	 90.31000
200.40000	 40.83830	 88.97000
201.00000	 40.33126	 87.58000
201.60000	 39.69933	 85.87000
202.20000	 38.56900	 83.20000
202.80000	 40.70876	 85.63000
203.40000	 40.16948	 83.89000
204.00000	 41.21474	 84.77000
204.60000	 41.76977	 85.03000
205.20000	 41.13416	 83.53000
205.80000	 43.02565	 86.16000
206.40000	 43.26484	 86.38000
207.00000	 44.05147	 87.68000
207.60000	 42.36563	 85.16000
208.20000	 45.89446	 91.01000
208.80000	 45.13001	 90.30000
209.40000	 44.52723	 89.97000
210.00000	 44.37413	 90.34000
210.60000	 43.11535	 88.86000
211.20000	 43.04846	 89.11000
211.80000	 41.99232	 87.62000
212.40000	 42.70982	 88.80000
213.00000	 41.59605	 86.98000
213.60000	 41.57935	 86.78000
214.20000	 42.59864	 88.18000
214.80000	 44.31400	 90.82000
215.40000	 44.33275	 91.00000
216.00000	 44.42923	 91.47000
216.60000	 42.69473	 89.05000
217.20000	 43.47784	 90.53000
217.80000	 43.06335	 90.06000
218.40000	 41.91375	 88.33000
219.00000	 41.34146	 87.34000
219.60000	 40.21712	 85.26000
220.20000	 43.06615	 89.40000
220.80000	 43.54020	 89.95000
221.40000	 44.74904	 91.92000
222.00000	 41.90995	 87.58000
222.60000	 47.53891	 96.79000
223.20000	 43.81051	 91.42000
223.80000	 41.47518	 88.13000
224.40000	 42.22840	 89.43000
225.00000	 39.77958	 85.38000
225.60000	 41.99848	 88.52000
226.20000	 41.04436	 86.59000
226.80000	 43.82344	 90.67000
227.40000	 41.92578	 87.49000
228.00000	 41.29253	 86.29000
228.60000	 42.13326	 87.36000
229.20000	 43.11787	 88.72000
229.80000	 43.25304	 88.87000
230.40000	 43.83388	 89.86000
231.00000	 42.41996	 87.74000
231.60000	 45.82610	 93.35000
232.20000	 43.58151	 90.17000
232.80000	 44.43141	 91.93000
233.40000	 40.48531	 85.93000
234.00000	 43.28130	 90.38000
234.60000	 44.17591	 91.85000
235.20000	 42.61548	 89.51000
235.80000	 43.00922	 90.23000
236.40000	 39.39422	 84.40000
237.00000	 41.86965	 87.97000
237.60000	 40.17957	 84.83000
238.20000	 40.73229	 85.15000
238.80000	 39.99641	 83.35000
