  0.00000	 43.23410	 93.91000
  0.60000	 39.91826	 89.25000
  1.20000	 45.38963	 94.26000
  1.80000	 42.47406	 92.58000
  2.40000	 41.81173	 91.24000
  3.00000	 42.19512	 90.47000
  3.60000	 41.52547	 88.41000
  4.20000	 45.09028	 92.47000
  4.80000	 43.95350	 93.31000
  5.40000	 42.42814	 92.47000
  6.00000	 40.83652	 89.50000
  6.60000	 43.49739	 91.33000
  7.20000	 41.59240	 88.74000
  7.80000	 41.76409	 87.60000
  8.40000	 43.23394	 88.59000
  9.00000	 43.15107	 88.79000
  9.60000	 43.02416	 89.03000
 10.20000	 41.54887	 86.93000
 10.80000	 44.68374	 90.67000
 11.40000	 42.87690	 89.63000
 12.00000	 42.47256	 89.31000
 12.60000	 43.79725	 91.14000
 13.20000	 42.80080	 90.51000
 13.80000	 40.98027	 87.66000
 14.40000	 42.24421	 87.80000
 15.00000	 42.68550	 87.62000
 15.60000	 42.79648	 87.54000
 16.20000	 41.59211	 85.54000
 16.80000	 42.53265	 85.88000
 17.40000	 42.64173	 85.61000
 18.00000	 42.92737	 85.88000
 18.60000	 43.46695	 86.89000
 19.20000	 44.17746	 88.75000
 19.80000	 42.11615	 86.85000
 20.40000	 44.59455	 90.57000
 21.00000	 44.05284	 91.27000
 21.60000	 43.56332	 91.93000
 22.20000	 44.29588	 94.09000
 22.80000	 41.35238	 90.77000
 23.40000	 43.49906	 93.28000
 24.00000	 42.65264	 92.21000
 24.60000	 42.21900	 91.39000
 25.20000	 42.31869	 90.98000
 25.80000	 41.39852	 88.89000
 26.40000	 44.87506	 93.23000
 27.00000	 43.24457	 91.88000
 27.60000	 42.61656	 91.51000
 28.20000	 43.13133	 92.33000
 28.80000	 42.92710	 92.20000
 29.40000	 44.96104	 95.62000
 30.00000	 43.08642	 94.17000
 30.60000	 42.06132	 93.09000
 31.20000	 41.70359	 92.05000
 31.80000	 42.17818	 91.82000
 32.40000	 40.73287	 88.66000
 33.00000	 42.65237	 90.04000
 33.60000	 41.16751	 86.96000
 34.20000	 42.48054	 87.76000
 34.80000	 43.03276	 88.03000
 35.40000	 42.68912	 87.44000
 36.00000	 44.01885	 89.54000
 36.60000	 43.96985	 90.25000
 37.20000	 43.21067	 90.03000
 37.80000	 43.50492	 91.10000
 38.40000	 41.07483	 87.76000
 39.00000	 42.46315	 89.14000
 39.60000	 42.86373	 89.27000
 40.20000	 41.75996	 87.32000
 40.80000	 42.70862	 88.19000
 41.40000	 40.64240	 84.53000
 42.00000	 43.01461	 87.05000
 42.60000	 42.81189	 86.38000
 43.20000	 42.72430	 86.15000
 43.80000	 43.12477	 86.76000
 44.40000	 42.80313	 86.43000
 45.00000	 44.21056	 88.83000
 45.60000	 43.79668	 88.98000
 46.20000	 43.45235	 89.28000
 46.80000	 43.50090	 90.04000
 47.40000	 43.49752	 90.66000
 48.00000	 41.89024	 88.63000
 48.60000	 42.14736	 88.81000
 49.20000	 42.60237	 89.12000
 49.80000	 42.99953	 89.49000
 50.40000	 43.63091	 90.50000
 51.00000	 43.20509	 90.19000
 51.60000	 43.51740	 91.04000
 52.20000	 43.87779	 92.09000
 52.80000	 45.01235	 94.61000
 53.40000	 43.77016	 93.84000
 54.00000	 41.83720	 91.61000
 54.60000	 44.08876	 95.20000
 55.20000	 43.77859	 95.17000
 55.80000	 43.16557	 94.74000
 56.40000	 42.90798	 94.66000
 57.00000	 40.95352	 91.60000
 57.60000	 41.93533	 92.43000
 58.20000	 41.89091	 91.61000
 58.80000	 41.86825	 90.83000
 59.40000	 41.88550	 90.12000
 60.00000	 41.82255	 89.30000
 60.60000	 42.04984	 88.95000
 61.20000	 43.26592	 90.31000
 61.80000	 44.72044	 92.57000
 62.40000	 44.45236	 92.79000
 63.00000	 42.54393	 90.57000
 63.60000	 45.88227	 96.31000
 64.20000	 43.94484	 94.36000
 64.80000	 42.44716	 92.84000
 65.40000	 42.65827	 93.44000
 66.00000	 40.17057	 89.40000
 66.60000	 40.29006	 88.66000
 67.20000	 40.81051	 88.19000
 67.80000	 41.36419	 87.79000
 68.40000	 41.90002	 87.57000
 69.00000	 41.29092	 85.77000
 69.60000	 44.92143	 90.84000
 70.20000	 42.72073	 87.53000
 70.80000	 44.56261	 90.66000
 71.40000	 44.84173	 91.73000
 72.00000	 43.18627	 89.95000
 72.60000	 43.31107	 90.71000
 73.20000	 42.23752	 89.37000
 73.80000	 43.36990	 91.24000
 74.40000	 41.79901	 88.84000
 75.00000	 41.18582	 87.62000
 75.60000	 42.03305	 88.43000
 76.20000	 42.28289	 88.34000
 76.80000	 44.59097	 91.72000
 77.40000	 43.40131	 90.08000
 78.00000	 42.71473	 89.27000
 78.60000	 43.21245	 90.21000
 79.20000	 43.02995	 90.08000
 79.80000	 44.56412	 92.72000
 80.40000	 42.29451	 89.53000
 81.00000	 41.01648	 87.56000
 81.60000	 42.50083	 89.58000
 82.20000	 40.76158	 86.46000
 82.80000	 41.92921	 87.72000
 83.40000	 41.26212	 86.10000
 84.00000	 41.15615	 85.30000
 84.60000	 41.40744	 85.02000
 85.20000	 42.82463	 86.68000
 85.80000	 44.87529	 89.73000
 86.40000	 45.33730	 90.84000
 87.00000	 44.78482	 90.72000
 87.60000	 43.93347	 90.19000
 88.20000	 46.08723	 94.40000
 88.80000	 43.55694	 91.35000
 89.40000	 41.97287	 89.47000
 90.00000	 41.87159	 89.47000
 90.60000	 41.09340	 88.07000
 91.20000	 41.52382	 88.33000
 91.80000	 41.67323	 88.07000
 92.40000	 41.83687	 87.84000
 93.00000	 42.14521	 87.89000
 93.60000	 41.53940	 86.54000
 94.20000	 43.31210	 89.00000
 94.80000	 43.39706	 89.03000
 95.40000	 43.62708	 89.48000
 96.00000	 44.29982	 90.79000
 96.60000	 44.10947	 90.89000
 97.20000	 44.47121	 91.95000
 97.80000	 44.23044	 92.12000
 98.40000	 43.61903	 91.68000
 99.00000	 42.72854	 90.66000
 99.60000	 41.13020	 88.25000
100.20000	 40.86685	 87.60000
100.80000	 40.73879	 86.91000
101.40000	 40.95484	 86.63000
102.00000	 39.41827	 83.46000
102.60000	 41.84174	 86.47000
103.20000	 42.89497	 87.54000
103.80000	 43.59481	 88.38000
104.40000	 44.52406	 89.90000
105.00000	 43.06312	 87.84000
105.60000	 44.56170	 90.52000
106.20000	 44.32210	 90.57000
106.80000	 43.93486	 90.44000
107.40000	 44.09915	 91.17000
108.00000	 41.92159	 88.08000
108.60000	 43.41272	 90.61000
109.20000	 42.77540	 89.72000
109.80000	 42.79909	 89.83000
110.40000	 44.29891	 92.31000
111.00000	 43.54298	 91.33000
111.60000	 45.71654	 95.12000
112.20000	 45.23870	 94.92000
112.80000	 48.20469	100.43000
113.40000	 46.64008	 99.05000
114.00000	 45.23331	 97.93000
114.60000	 44.25719	 97.28000
115.20000	 43.12479	 96.09000
115.80000	 44.73336	 99.04000
116.40000	 41.34337	 93.90000
117.00000	 39.56080	 90.90000
117.60000	 41.03181	 92.69000
118.20000	 39.71606	 89.89000
118.80000	 41.56847	 92.05000
119.40000	 41.10052	 90.60000
120.00000	 41.09065	 89.93000
120.60000	 42.29149	 91.26000
121.20000	 40.62632	 88.11000
121.80000	 42.15555	 90.04000
122.40000	 41.09263	 87.90000
123.00000	 40.59520	 86.62000
123.60000	 40.43827	 85.80000
124.20000	 42.42846	 88.42000
124.80000	 41.18443	 86.02000
125.40000	 41.53709	 86.19000
126.00000	 42.06888	 86.69000
126.60000	 42.73606	 87.51000
127.20000	 44.67376	 90.55000
127.80000	 44.69719	 90.81000
128.40000	 43.00684	 88.45000
129.00000	 42.19615	 87.38000
129.60000	 45.28246	 92.48000
130.20000	 44.75982	 92.01000
130.80000	 43.74346	 90.82000
131.40000	 42.73307	 89.54000
132.00000	 42.53228	 89.39000
132.60000	 44.14974	 92.08000
133.20000	 42.75890	 90.01000
133.80000	 42.68666	 89.98000
134.40000	 48.06823	 98.78000
135.00000	 43.84853	 92.58000
135.60000	 40.95056	 88.31000
136.20000	 41.44494	 89.08000
136.80000	 40.43871	 87.22000
137.40000	 37.20383	 81.51000
138.00000	 41.72200	 87.94000
138.60000	 41.34251	 86.72000
139.20000	 41.80796	 87.01000
139.80000	 43.20954	 88.96000
140.40000	 44.61278	 91.16000
141.00000	 48.25531	 97.31000
141.60000	 46.47854	 95.21000
142.20000	 48.11083	 98.72000
142.80000	 45.97636	 96.29000
143.40000	 44.01790	 93.96000
144.00000	 42.10751	 91.36000
144.60000	 40.42413	 88.72000
145.20000	 40.46395	 88.49000
145.80000	 40.65588	 88.33000
146.40000	 39.27845	 85.56000
147.00000	 40.76085	 87.28000
147.60000	 41.16939	 87.36000
148.20000	 42.05913	 88.34000
148.80000	 42.69132	 89.07000
149.40000	 42.56316	 88.72000
150.00000	 45.32696	 93.15000
150.60000	 44.02514	 91.30000
151.20000	 46.02069	 94.83000
151.80000	 42.65062	 89.83000
152.40000	 43.22323	 90.96000
153.00000	 43.08747	 90.86000
153.60000	 41.57992	 88.47000
154.20000	 41.98871	 89.01000
154.80000	 40.02267	 85.64000
155.40000	 41.34325	 87.40000
156.00000	 42.08749	 88.28000
156.60000	 41.78386	 87.57000
157.20000	 43.46362	 90.12000
157.80000	 41.75218	 87.34000
158.40000	 42.62318	 88.67000
159.00000	 44.04234	 90.95000
159.60000	 45.08208	 92.79000
160.20000	 46.43360	 95.32000
160.80000	 44.36573	 92.48000
161.40000	 44.91905	 93.76000
162.00000	 43.16623	 91.26000
162.60000	 41.69323	 89.01000
163.20000	 42.66194	 90.50000
163.80000	 39.42632	 85.14000
164.40000	 40.01633	 85.69000
165.00000	 40.54571	 86.09000
165.60000	 40.84010	 86.16000
166.20000	 41.19136	 86.39000
166.80000	 40.89551	 85.64000
167.40000	 41.70907	 86.71000
168.00000	 42.35883	 87.61000
168.60000	 42.83173	 88.33000
169.20000	 43.96682	 90.22000
169.80000	 41.58711	 86.52000
170.40000	 42.98276	 88.79000
171.00000	 43.66112	 89.96000
171.60000	 43.49458	 89.84000
172.20000	 43.92353	 90.70000
172.80000	 42.14743	 88.00000
173.40000	 45.44346	 93.41000
174.00000	 44.77740	 92.61000
174.60000	 45.84050	 94.64000
175.20000	 46.35354	 95.86000
175.80000	 46.50685	 96.55000
176.40000	 45.46474	 95.30000
177.00000	 44.67681	 94.35000
177.60000	 43.86154	 93.23000
178.20000	 43.09176	 92.06000
178.80000	 41.57570	 89.56000
179.40000	 41.83590	 89.79000
180.00000	 41.34171	 88.77000
180.60000	 41.36742	 88.56000
181.20000	 41.32966	 88.25000
181.80000	 40.51298	 86.68000
182.40000	 43.24132	 90.84000
183.00000	 41.10976	 87.30000
183.60000	 41.71092	 88.11000
184.20000	 42.43568	 89.15000
184.80000	 42.92451	 89.88000
185.40000	 43.41097	 90.67000
186.00000	 42.14640	 88.66000
186.60000	 42.96467	 89.96000
187.20000	 43.03326	 90.08000
187.80000	 41.63912	 87.83000
188.40000	 42.69355	 89.47000
189.00000	 42.85996	 89.72000
189.60000	 43.57882	 90.90000
190.20000	 44.22372	 92.02000
190.80000	 44.71007	 92.94000
191.40000	 45.85714	 94.98000
192.00000	 43.28758	 91.04000
192.60000	 46.84919	 96.92000
193.20000	 43.96946	 92.50000
193.80000	 42.61299	 90.39000
194.40000	 44.16929	 92.89000
195.00000	 43.66041	 92.10000
195.60000	 44.26804	 93.11000
196.20000	 44.68869	 93.85000
196.80000	 44.97355	 94.40000
197.40000	 44.84212	 94.29000
198.00000	 43.97683	 92.97000
198.60000	 44.62990	 94.06000
199.20000	 40.84044	 87.93000
199.80000	 42.41850	 90.31000
200.40000	 41.67403	 88.97000
201.00000	 40.91589	 87.58000
201.60000	 39.98811	 85.87000
202.20000	 38.50427	 83.20000
202.80000	 40.19858	 85.63000
203.40000	 39.26608	 83.89000
204.00000	 39.95431	 84.77000
204.60000	 40.22795	 85.03000
205.20000	 39.39885	 83.53000
205.80000	 41.12179	 86.16000
206.40000	 41.29798	 86.38000
207.00000	 42.11707	 87.68000
207.60000	 40.56002	 85.16000
208.20000	 44.18629	 91.01000
208.80000	 43.66293	 90.30000
209.40000	 43.38382	 89.97000
210.00000	 43.55028	 90.34000
210.60000	 42.58256	 88.86000
211.20000	 42.71381	 89.11000
211.80000	 41.77825	 87.62000
212.40000	 42.51347	 88.80000
213.00000	 41.38498	 86.98000
213.60000	 41.28785	 86.78000
214.20000	 42.17425	 88.18000
214.80000	 43.78763	 90.82000
215.40000	 43.83670	 91.00000
216.00000	 44.06517	 91.47000
216.60000	 42.51929	 89.05000
217.20000	 43.42139	 90.53000
217.80000	 43.09858	 90.06000
218.40000	 42.01708	 88.33000
219.00000	 41.42667	 87.34000
219.60000	 40.18527	 85.26000
220.20000	 42.79355	 89.40000
220.80000	 43.10843	 89.95000
221.40000	 44.28847	 91.92000
222.00000	 41.56533	 87.58000
222.60000	 47.24224	 96.79000
223.20000	 43.79507	 91.42000
223.80000	 41.75605	 88.13000
224.40000	 42.58800	 89.43000
225.00000	 40.10778	 85.38000
225.60000	 42.11174	 88.52000
226.20000	 40.93430	 86.59000
226.80000	 43.48019	 90.67000
227.40000	 41.49389	 87.49000
228.00000	 40.78810	 86.29000
228.60000	 41.48509	 87.36000
229.20000	 42.33492	 88.72000
229.80000	 42.41970	 88.87000
230.40000	 43.01933	 89.86000
231.00000	 41.69726	 87.74000
231.60000	 45.15084	 93.35000
232.20000	 43.12491	 90.17000
232.80000	 44.19107	 91.93000
233.40000	 40.47212	 85.93000
234.00000	 43.25181	 90.38000
234.60000	 44.13106	 91.85000
235.20000	 42.66073	 89.51000
235.80000	 43.10206	 90.23000
236.40000	 39.51797	 84.40000
237.00000	 41.76955	 87.97000
237.60000	 39.85637	 84.83000
238.20000	 40.09862	 85.15000
238.80000	 39.03214	 83.35000
