  0.00000	 54.62681	 93.74000
  0.60000	 55.82000	 94.90000
  1.20000	 55.81637	 95.03000
  1.80000	 54.55962	 94.06000
  2.40000	 53.12634	 92.91000
  3.00000	 50.38876	 90.59000
  3.60000	 50.02790	 90.30000
  4.20000	 49.28670	 89.67000
  4.80000	 48.02497	 88.57000
  5.40000	 45.63828	 86.46000
  6.00000	 43.66806	 84.67000
  6.60000	 41.88753	 83.01000
  7.20000	 40.29171	 81.48000
  7.80000	 37.02000	 78.45000
  8.40000	 39.76094	 80.64000
  9.00000	 42.02794	 82.48000
  9.60000	 44.17546	 84.27000
 10.20000	 44.76438	 84.74000
 10.80000	 46.59753	 86.32000
 11.40000	 46.14436	 85.93000
 12.00000	 46.20336	 85.98000
 12.60000	 47.07807	 86.75000
 13.20000	 49.29019	 88.72000
 13.80000	 47.92683	 87.59000
 14.40000	 46.83183	 86.66000
 15.00000	 45.19243	 85.22000
 15.60000	 46.37596	 86.23000
 16.20000	 45.96122	 85.86000
 16.80000	 45.21956	 85.19000
 17.40000	 45.29203	 85.22000
 18.00000	 41.67591	 81.99000
 18.60000	 41.03222	 81.29000
 19.20000	 40.75521	 80.90000
 19.80000	 41.85976	 81.73000
 20.40000	 42.36978	 82.07000
 21.00000	 42.47548	 82.07000
 21.60000	 42.49593	 82.00000
 22.20000	 40.58593	 80.22000
 22.80000	 41.68171	 81.05000
 23.40000	 46.14732	 84.91000
 24.00000	 48.61353	 87.14000
 24.60000	 49.05526	 87.65000
 25.20000	 48.52924	 87.31000
 25.80000	 44.74567	 84.05000
 26.40000	 46.09124	 85.22000
 27.00000	 46.76807	 85.84000
 27.60000	 47.75630	 86.76000
 28.20000	 47.44976	 86.56000
 28.80000	 44.84733	 84.30000
 29.40000	 43.46571	 83.03000
 30.00000	 42.34481	 81.94000
 30.60000	 41.22560	 80.81000
 31.20000	 48.54197	 87.17000
 31.80000	 49.28667	 87.95000
 32.40000	 49.12477	 87.95000
 33.00000	 48.03480	 87.11000
 33.60000	 44.75214	 84.26000
 34.20000	 46.29870	 85.59000
 34.80000	 47.73046	 86.88000
 35.40000	 48.13334	 87.31000
 36.00000	 47.52415	 86.85000
 36.60000	 45.73098	 85.30000
 37.20000	 41.69876	 81.66000
 37.80000	 44.75208	 84.19000
 38.40000	 46.47996	 85.67000
 39.00000	 47.24400	 86.37000
 39.60000	 45.62664	 84.97000
 40.20000	 42.99367	 82.58000
 40.80000	 46.15815	 85.27000
 41.40000	 48.53990	 87.41000
 42.00000	 50.75089	 89.52000
 42.60000	 50.10098	 89.17000
 43.20000	 49.66620	 88.98000
 43.80000	 47.95295	 87.61000
 44.40000	 46.60221	 86.47000
 45.00000	 43.98648	 84.11000
 45.60000	 42.27718	 82.42000
 46.20000	 44.49129	 84.17000
 46.80000	 45.32981	 84.80000
 47.40000	 46.39467	 85.69000
 48.00000	 39.05039	 79.05000
 48.60000	 41.30079	 80.66000
 49.20000	 43.08088	 81.96000
 49.80000	 43.81723	 82.43000
 50.40000	 46.98853	 85.16000
 51.00000	 47.30790	 85.51000
 51.60000	 46.55229	 84.92000
 52.20000	 45.72404	 84.22000
 52.80000	 46.17184	 84.62000
 53.40000	 43.45249	 82.17000
 54.00000	 42.99021	 81.59000
 54.60000	 43.50101	 81.85000
 55.20000	 44.51891	 82.60000
 55.80000	 47.54891	 85.25000
 56.40000	 49.40775	 87.05000
 57.00000	 49.75256	 87.62000
 57.60000	 49.30874	 87.51000
 58.20000	 47.67810	 86.29000
 58.80000	 46.66669	 85.51000
 59.40000	 44.72259	 83.79000
 60.00000	 43.25854	 82.35000
 60.60000	 45.63037	 84.28000
 61.20000	 43.74808	 82.49000
 61.80000	 42.22676	 80.90000
 62.40000	 41.71810	 80.11000
 63.00000	 40.00756	 78.17000
 63.60000	 39.72937	 77.40000
 64.20000	 40.54918	 77.60000
 64.80000	 42.56760	 78.96000
 65.40000	 44.95298	 80.83000
 66.00000	 46.46375	 82.12000
 66.60000	 47.67029	 83.29000
 67.20000	 45.81294	 81.78000
 67.80000	 46.60067	 82.56000
 68.40000	 49.59864	 85.42000
 69.00000	 50.83631	 86.92000
 69.60000	 50.44600	 87.06000
 70.20000	 48.38347	 85.65000
 70.80000	 46.15047	 83.90000
 71.40000	 44.72070	 82.66000
 72.00000	 45.20633	 83.01000
 72.60000	 45.55568	 83.24000
 73.20000	 45.15511	 82.80000
 73.80000	 43.58989	 81.25000
 74.40000	 42.66551	 80.14000
 75.00000	 42.04371	 79.20000
 75.60000	 45.67381	 82.10000
 76.20000	 47.74528	 83.89000
 76.80000	 47.97120	 84.22000
 77.40000	 47.13306	 83.64000
 78.00000	 45.12107	 81.92000
 78.60000	 47.80671	 84.34000
 79.20000	 49.36642	 85.95000
 79.80000	 49.57601	 86.49000
 80.40000	 50.26773	 87.53000
 81.00000	 48.25143	 86.15000
 81.60000	 46.90427	 85.20000
 82.20000	 45.88898	 84.39000
 82.80000	 45.67744	 84.18000
 83.40000	 48.84460	 87.04000
 84.00000	 47.33409	 85.87000
 84.60000	 46.12050	 84.86000
 85.20000	 44.71799	 83.54000
 85.80000	 43.39670	 82.12000
 86.40000	 45.46920	 83.67000
 87.00000	 48.36087	 86.16000
 87.60000	 49.48578	 87.34000
 88.20000	 48.74057	 86.97000
 88.80000	 48.50824	 87.05000
 89.40000	 45.95762	 84.96000
 90.00000	 44.37862	 83.49000
 90.60000	 43.80989	 82.73000
 91.20000	 46.21073	 84.61000
 91.80000	 45.74711	 84.05000
 92.40000	 45.82450	 83.97000
 93.00000	 45.71410	 83.73000
 93.60000	 45.04311	 82.96000
 94.20000	 43.62930	 81.42000
 94.80000	 49.62757	 86.62000
 95.40000	 48.71050	 86.03000
 96.00000	 47.45330	 85.13000
 96.60000	 46.10867	 84.04000
 97.20000	 44.16446	 82.22000
 97.80000	 43.08842	 80.94000
 98.40000	 43.13238	 80.51000
 99.00000	 45.37330	 82.08000
 99.60000	 46.65978	 83.00000
100.20000	 46.35764	 82.63000
100.80000	 46.02613	 82.25000
101.40000	 45.31939	 81.50000
102.00000	 44.84125	 80.88000
102.60000	 49.70429	 85.20000
103.20000	 51.95615	 87.67000
103.80000	 48.14762	 84.85000
104.40000	 45.72237	 82.96000
105.00000	 43.48077	 80.89000
105.60000	 46.06437	 82.98000
106.20000	 45.54856	 82.38000
106.80000	 45.20436	 81.88000
107.40000	 46.64760	 83.01000
108.00000	 43.27039	 79.77000
108.60000	 42.55053	 78.61000
109.20000	 47.09636	 82.25000
109.80000	 49.67745	 84.60000
110.40000	 50.35529	 85.61000
111.00000	 49.75452	 85.64000
111.60000	 46.06156	 82.75000
112.20000	 48.74039	 85.41000
112.80000	 50.05650	 87.07000
113.40000	 51.19389	 88.78000
114.00000	 47.60708	 86.22000
114.60000	 46.57226	 85.62000
115.20000	 45.48092	 84.73000
115.80000	 43.18273	 82.44000
116.40000	 42.93663	 81.67000
117.00000	 45.39657	 83.32000
117.60000	 45.39627	 82.92000
118.20000	 48.92935	 85.94000
118.80000	 50.47192	 87.64000
119.40000	 50.08912	 87.88000
120.00000	 49.02590	 87.54000
120.60000	 46.52702	 85.71000
121.20000	 44.70082	 84.11000
121.80000	 43.60227	 82.81000
122.40000	 42.59779	 81.29000
123.00000	 44.73823	 82.52000
123.60000	 45.83778	 83.01000
124.20000	 46.33384	 83.13000
124.80000	 47.79495	 84.33000
125.40000	 47.86905	 84.50000
126.00000	 45.41783	 82.32000
126.60000	 45.59038	 82.30000
127.20000	 43.11957	 79.67000
127.80000	 42.79733	 78.64000
128.40000	 43.46086	 78.39000
129.00000	 49.35403	 83.30000
129.60000	 48.36391	 82.59000
130.20000	 47.91568	 82.46000
130.80000	 44.14952	 79.08000
131.40000	 42.80187	 77.36000
132.00000	 43.52504	 77.26000
132.60000	 45.81619	 78.71000
133.20000	 47.82818	 80.31000
133.80000	 51.39973	 83.96000
134.40000	 50.29811	 83.88000
135.00000	 48.82996	 83.45000
135.60000	 46.99879	 82.43000
136.20000	 45.19610	 81.01000
136.80000	 48.64315	 84.33000
137.40000	 49.05666	 85.25000
138.00000	 47.12040	 83.99000
138.60000	 45.81943	 82.98000
139.20000	 42.70261	 79.76000
139.80000	 47.01222	 83.18000
140.40000	 45.97064	 82.01000
141.00000	 45.04234	 80.79000
141.60000	 44.31897	 79.54000
142.20000	 43.52028	 77.97000
142.80000	 42.93381	 76.33000
143.40000	 48.51288	 80.77000
144.00000	 51.09152	 83.56000
144.60000	 51.06369	 84.67000
145.20000	 50.45479	 85.51000
145.80000	 46.87234	 83.29000
146.40000	 43.19255	 80.00000
147.00000	 47.83146	 84.11000
147.60000	 49.68232	 86.34000
148.20000	 48.26110	 85.80000
148.80000	 47.83364	 86.05000
149.40000	 44.10091	 82.68000
150.00000	 45.32334	 83.33000
150.60000	 46.75013	 84.31000
151.20000	 48.04096	 85.54000
151.80000	 49.39652	 87.34000
152.40000	 47.27712	 86.01000
153.00000	 47.20683	 86.33000
153.60000	 44.11364	 83.29000
154.20000	 43.43856	 81.70000
154.80000	 44.36378	 81.32000
155.40000	 47.16273	 83.12000
156.00000	 48.42353	 84.26000
156.60000	 46.72232	 82.84000
157.20000	 45.50956	 81.52000
157.80000	 44.13337	 79.51000
158.40000	 45.27844	 79.63000
159.00000	 48.00428	 81.82000
159.60000	 49.87901	 84.23000
160.20000	 46.54510	 81.82000
160.80000	 45.49197	 80.85000
161.40000	 46.05989	 81.12000
162.00000	 47.80911	 82.83000
162.60000	 50.84525	 86.82000
163.20000	 48.59308	 86.29000
163.80000	 47.01063	 85.84000
164.40000	 45.61768	 84.80000
165.00000	 43.92474	 82.49000
165.60000	 43.93963	 81.04000
166.20000	 47.66849	 83.69000
166.80000	 48.14256	 84.27000
167.40000	 47.13827	 83.66000
168.00000	 46.19085	 82.80000
168.60000	 45.04127	 81.16000
169.20000	 44.48702	 79.46000
169.80000	 48.06768	 82.36000
170.40000	 49.86955	 85.08000
171.00000	 46.74007	 83.10000
171.60000	 45.27078	 81.65000
172.20000	 45.27177	 80.93000
172.80000	 44.55923	 78.98000
173.40000	 47.58556	 81.22000
174.00000	 50.15151	 84.81000
174.60000	 48.07167	 84.47000
175.20000	 46.58994	 83.96000
175.80000	 45.56784	 82.94000
176.40000	 45.87959	 82.69000
177.00000	 48.31209	 85.28000
177.60000	 48.45556	 86.57000
178.20000	 48.05334	 87.55000
178.80000	 45.40065	 85.23000
179.40000	 45.01561	 83.85000
180.00000	 45.94952	 83.57000
180.60000	 46.06418	 82.65000
181.20000	 49.07979	 86.08000
181.80000	 47.93880	 86.29000
182.40000	 46.79892	 85.96000
183.00000	 44.40726	 82.69000
183.60000	 44.76989	 80.99000
184.20000	 46.36414	 81.02000
184.80000	 47.62855	 82.05000
185.40000	 48.55391	 84.17000
186.00000	 49.78709	 88.21000
186.60000	 45.49315	 85.11000
187.20000	 44.86200	 83.33000
187.80000	 45.94865	 82.92000
188.40000	 46.75944	 82.91000
189.00000	 48.78433	 86.02000
189.60000	 48.94615	 88.77000
190.20000	 46.65017	 87.96000
190.80000	 46.07868	 87.30000
191.40000	 45.50192	 85.38000
192.00000	 46.97891	 86.04000
192.60000	 48.05874	 87.90000
193.20000	 46.66661	 86.97000
193.80000	 46.02770	 85.64000
194.40000	 45.04397	 82.39000
195.00000	 45.76091	 80.64000
195.60000	 47.63942	 82.20000
196.20000	 48.16440	 84.43000
196.80000	 47.52784	 85.74000
197.40000	 47.02399	 86.49000
198.00000	 46.22776	 85.53000
198.60000	 45.51667	 82.91000
199.20000	 47.70989	 85.19000
199.80000	 47.58605	 86.48000
200.40000	 47.03295	 86.98000
201.00000	 46.92996	 87.46000
201.60000	 45.71874	 84.70000
202.20000	 45.54425	 81.45000
202.80000	 48.46869	 85.71000
203.40000	 46.92911	 85.46000
204.00000	 46.44146	 84.76000
204.60000	 46.54501	 84.14000
205.20000	 45.59107	 80.32000
205.80000	 46.88128	 80.41000
206.40000	 47.10306	 81.11000
207.00000	 47.17914	 82.59000
207.60000	 47.09667	 84.09000
208.20000	 46.25868	 82.58000
208.80000	 45.91305	 79.34000
209.40000	 47.54053	 82.00000
210.00000	 47.28189	 84.18000
210.60000	 47.10641	 86.26000
211.20000	 46.77901	 86.78000
211.80000	 46.11537	 83.56000
212.40000	 46.62485	 81.90000
