  0.00000	 49.18312	107.15000
  0.20000	 49.90949	107.28000
  0.40000	 50.46623	107.40000
  0.60000	 50.85036	107.51000
  0.80000	 51.08770	107.62000
  1.00000	 51.21274	107.74000
  1.20000	 51.25121	107.87000
  1.40000	 51.22916	108.01000
  1.60000	 51.18190	108.17000
  1.80000	 51.13904	108.36000
  2.00000	 51.15806	108.62000
  2.20000	 51.33013	109.03000
  2.40000	 51.46085	109.44000
  2.60000	 51.49389	109.80000
  2.80000	 51.42033	110.09000
  3.00000	 51.11157	110.18000
  3.20000	 50.54562	110.01000
  3.40000	 49.95673	109.73000
  3.60000	 49.41158	109.37000
  3.80000	 48.92561	108.93000
  4.00000	 48.53830	108.44000
  4.20000	 48.26418	107.92000
  4.40000	 48.10801	107.39000
  4.60000	 48.06732	106.87000
  4.80000	 48.12345	106.37000
  5.00000	 48.31475	105.95000
  5.20000	 48.69462	105.69000
  5.40000	 49.09683	105.49000
  5.60000	 49.44622	105.31000
  5.80000	 49.75405	105.17000
  6.00000	 49.95690	105.02000
  6.20000	 50.04170	104.84000
  6.40000	 50.07425	104.67000
  6.60000	 50.05834	104.50000
  6.80000	 50.02150	104.34000
  7.00000	 49.97601	104.19000
  7.20000	 49.94275	104.06000
  7.40000	 49.91471	103.94000
  7.60000	 49.89539	103.83000
  7.80000	 49.87486	103.72000
  8.00000	 49.86672	103.62000
  8.20000	 49.78968	103.46000
  8.40000	 49.73620	103.31000
  8.60000	 49.74104	103.20000
  8.80000	 49.80800	103.14000
  9.00000	 49.93668	103.14000
  9.20000	 50.30834	103.37000
  9.40000	 50.69191	103.67000
  9.60000	 51.02111	104.00000
  9.80000	 51.27898	104.35000
 10.00000	 51.42321	104.68000
 10.20000	 51.33207	104.87000
 10.40000	 51.15261	105.01000
 10.60000	 50.93874	105.12000
 10.80000	 50.70182	105.19000
 11.00000	 50.47216	105.23000
 11.20000	 50.24963	105.23000
 11.40000	 50.06524	105.21000
 11.60000	 49.90767	105.16000
 11.80000	 49.77528	105.08000
 12.00000	 49.68751	104.99000
 12.20000	 49.62448	104.88000
 12.40000	 49.60187	104.77000
 12.60000	 49.58606	104.64000
 12.80000	 49.55914	104.48000
 13.00000	 49.50697	104.28000
 13.20000	 49.41931	104.03000
 13.40000	 49.26653	103.70000
 13.60000	 49.10661	103.33000
 13.80000	 48.97966	102.95000
 14.00000	 48.87238	102.55000
 14.20000	 48.80551	102.15000
 14.40000	 48.76045	101.74000
 14.60000	 48.75411	101.34000
 14.80000	 48.80000	100.97000
 15.00000	 48.89655	100.64000
 15.20000	 49.06375	100.38000
 15.40000	 49.30561	100.21000
 15.60000	 49.70421	100.22000
 15.80000	 50.09594	100.30000
 16.00000	 50.44207	100.43000
 16.20000	 50.72631	100.60000
 16.40000	 50.95213	100.81000
 16.60000	 51.08142	101.02000
 16.80000	 51.15521	101.25000
 17.00000	 51.17809	101.49000
 17.20000	 51.16686	101.74000
 17.40000	 51.12488	101.99000
 17.60000	 51.00852	102.19000
 17.80000	 50.88465	102.38000
 18.00000	 50.77655	102.57000
 18.20000	 50.71313	102.78000
 18.40000	 50.69262	103.01000
 18.60000	 50.76743	103.31000
 18.80000	 50.93252	103.69000
 19.00000	 51.07501	104.07000
 19.20000	 51.16620	104.43000
 19.40000	 51.18559	104.75000
 19.60000	 51.07408	104.97000
 19.80000	 50.85571	105.09000
 20.00000	 50.60315	105.15000
 20.20000	 50.32303	105.14000
 20.40000	 50.04275	105.07000
 20.60000	 49.77233	104.94000
 20.80000	 49.51764	104.75000
 21.00000	 49.28110	104.50000
 21.20000	 49.07405	104.20000
 21.40000	 48.90418	103.86000
 21.60000	 48.76439	103.48000
 21.80000	 48.57761	103.00000
 22.00000	 48.42825	102.49000
 22.20000	 48.34410	101.98000
 22.40000	 48.32336	101.48000
 22.60000	 48.37309	101.01000
 22.80000	 48.57775	100.66000
 23.00000	 48.92529	100.45000
 23.20000	 49.24974	100.27000
 23.40000	 49.52371	100.11000
 23.60000	 49.73034	 99.96000
 23.80000	 49.85010	 99.80000
 24.00000	 49.71074	 99.47000
 24.20000	 49.53094	 99.12000
 24.40000	 49.35692	 98.77000
 24.60000	 49.21407	 98.43000
 24.80000	 49.11976	 98.11000
 25.00000	 49.14188	 97.87000
 25.20000	 49.28684	 97.73000
 25.40000	 49.43786	 97.61000
 25.60000	 49.60700	 97.53000
 25.80000	 49.77189	 97.48000
 26.00000	 49.91476	 97.45000
 26.20000	 49.93046	 97.35000
 26.40000	 49.94107	 97.27000
 26.60000	 49.97547	 97.23000
 26.80000	 50.05699	 97.25000
 27.00000	 50.17986	 97.33000
 27.20000	 50.44008	 97.56000
 27.40000	 50.84689	 97.97000
 27.60000	 51.21692	 98.43000
 27.80000	 51.51814	 98.92000
 28.00000	 51.74106	 99.43000
 28.20000	 51.83769	 99.91000
 28.40000	 51.77305	100.31000
 28.60000	 51.62810	100.67000
 28.80000	 51.46583	101.02000
 29.00000	 51.27043	101.33000
 29.20000	 51.07195	101.61000
 29.40000	 50.90567	101.88000
 29.60000	 50.75228	102.12000
 29.80000	 50.58013	102.30000
 30.00000	 50.41838	102.44000
 30.20000	 50.25703	102.53000
 30.40000	 49.86715	102.37000
 30.60000	 49.54098	102.18000
 30.80000	 49.33882	102.01000
 31.00000	 49.28130	101.89000
 31.20000	 49.41193	101.88000
 31.40000	 50.05949	102.30000
 31.60000	 50.78768	102.86000
 31.80000	 51.45008	103.48000
 32.00000	 51.97598	104.12000
 32.20000	 52.31846	104.74000
 32.40000	 52.24386	105.12000
 32.60000	 52.01897	105.43000
 32.80000	 51.69294	105.67000
 33.00000	 51.32075	105.85000
 33.20000	 50.93588	105.97000
 33.40000	 50.58564	106.05000
 33.60000	 50.24719	106.06000
 33.80000	 49.92985	106.00000
 34.00000	 49.63790	105.87000
 34.20000	 49.37173	105.67000
 34.40000	 48.94450	105.24000
 34.60000	 48.56685	104.74000
 34.80000	 48.30814	104.23000
 35.00000	 48.18692	103.74000
 35.20000	 48.21123	103.30000
 35.40000	 48.63490	103.16000
 35.60000	 49.20358	103.17000
 35.80000	 49.72142	103.21000
 36.00000	 50.12873	103.25000
 36.20000	 50.38647	103.26000
 36.40000	 50.27743	103.04000
 36.60000	 49.94216	102.66000
 36.80000	 49.56424	102.23000
 37.00000	 49.17787	101.75000
 37.20000	 48.84202	101.25000
 37.40000	 48.61241	100.77000
 37.60000	 48.54004	100.36000
 37.80000	 48.52080	 99.95000
 38.00000	 48.56225	 99.56000
 38.20000	 48.65784	 99.20000
 38.40000	 48.76612	 98.85000
 38.60000	 48.74798	 98.40000
 38.80000	 48.80015	 98.01000
 39.00000	 48.92303	 97.69000
 39.20000	 49.15926	 97.49000
 39.40000	 49.51848	 97.44000
 39.60000	 50.24648	 97.78000
 39.80000	 51.11830	 98.38000
 40.00000	 51.90664	 99.09000
 40.20000	 52.54819	 99.87000
 40.40000	 53.00224	100.68000
 40.60000	 53.10913	101.36000
 40.80000	 52.98933	101.96000
 41.00000	 52.74967	102.52000
 41.20000	 52.44013	103.04000
 41.40000	 52.07877	103.50000
 41.60000	 51.70048	103.90000
 41.80000	 51.30777	104.22000
 42.00000	 50.95579	104.49000
 42.20000	 50.64077	104.70000
 42.40000	 50.36529	104.85000
 42.60000	 50.08110	104.90000
 42.80000	 49.82518	104.88000
 43.00000	 49.61696	104.81000
 43.20000	 49.49378	104.73000
 43.40000	 49.43820	104.64000
 43.60000	 49.51247	104.61000
 43.80000	 49.70899	104.66000
 44.00000	 49.88971	104.70000
 44.20000	 50.01669	104.71000
 44.40000	 50.07475	104.68000
 44.60000	 50.01092	104.56000
 44.80000	 49.79776	104.31000
 45.00000	 49.55753	104.01000
 45.20000	 49.29539	103.65000
 45.40000	 49.04871	103.25000
 45.60000	 48.81266	102.80000
 45.80000	 48.60311	102.31000
 46.00000	 48.43118	101.79000
 46.20000	 48.30364	101.25000
 46.40000	 48.23521	100.71000
 46.60000	 48.22443	100.18000
 46.80000	 48.20989	 99.62000
 47.00000	 48.20765	 99.05000
 47.20000	 48.31383	 98.56000
 47.40000	 48.50569	 98.15000
 47.60000	 48.81723	 97.87000
 47.80000	 49.27463	 97.77000
 48.00000	 50.05775	 98.04000
 48.20000	 50.81719	 98.44000
 48.40000	 51.51328	 98.96000
 48.60000	 52.09904	 99.57000
 48.80000	 52.52136	100.22000
 49.00000	 52.73385	100.85000
 49.20000	 52.83466	101.51000
 49.40000	 52.83533	102.18000
 49.60000	 52.77096	102.86000
 49.80000	 52.67202	103.55000
 50.00000	 52.49372	104.19000
 50.20000	 52.31136	104.82000
 50.40000	 52.15377	105.45000
 50.60000	 52.01824	106.07000
 50.80000	 51.92111	106.69000
 51.00000	 51.83817	107.29000
 51.20000	 51.80350	107.90000
 51.40000	 51.78666	108.50000
 51.60000	 51.81707	109.12000
 51.80000	 51.87273	109.75000
 52.00000	 52.03711	110.47000
 52.20000	 52.17220	111.18000
 52.40000	 52.27319	111.88000
 52.60000	 52.30537	112.54000
 52.80000	 52.24293	113.13000
 53.00000	 52.06860	113.62000
 53.20000	 51.83023	114.03000
 53.40000	 51.54923	114.36000
 53.60000	 51.22120	114.59000
 53.80000	 50.88795	114.74000
 54.00000	 50.37664	114.65000
 54.20000	 49.92073	114.49000
 54.40000	 49.54989	114.28000
 54.60000	 49.29349	114.05000
 54.80000	 49.14611	113.81000
 55.00000	 49.32701	113.77000
 55.20000	 49.58810	113.77000
 55.40000	 49.82170	113.75000
 55.60000	 50.00866	113.71000
 55.80000	 50.08240	113.60000
 56.00000	 49.92454	113.31000
 56.20000	 49.64060	112.90000
 56.40000	 49.30862	112.41000
 56.60000	 48.97484	111.86000
 56.80000	 48.67676	111.27000
 57.00000	 48.40775	110.63000
 57.20000	 48.15759	109.93000
 57.40000	 47.99528	109.23000
 57.60000	 47.93054	108.55000
 57.80000	 47.96637	107.91000
 58.00000	 48.10088	107.33000
 58.20000	 48.45589	106.94000
 58.40000	 48.94631	106.71000
 58.60000	 49.42342	106.55000
 58.80000	 49.85334	106.45000
 59.00000	 50.20298	106.39000
 59.20000	 50.47472	106.37000
 59.40000	 50.57390	106.30000
 59.60000	 50.61111	106.25000
 59.80000	 50.61878	106.23000
 60.00000	 50.60188	106.23000
 60.20000	 50.57504	106.25000
 60.40000	 50.52631	106.27000
 60.60000	 50.47861	106.30000
 60.80000	 50.47355	106.37000
 61.00000	 50.52111	106.49000
 61.20000	 50.62608	106.67000
 61.40000	 50.77768	106.91000
 61.60000	 51.03337	107.27000
 61.80000	 51.31291	107.70000
 62.00000	 51.60264	108.20000
 62.20000	 51.90387	108.78000
 62.40000	 52.20779	109.44000
 62.60000	 52.65815	110.31000
 62.80000	 53.04221	111.23000
 63.00000	 53.31376	112.16000
 63.20000	 53.46360	113.08000
 63.40000	 53.46836	113.95000
 63.60000	 53.22228	114.65000
 63.80000	 52.85026	115.24000
 64.00000	 52.42072	115.74000
 64.20000	 51.95710	116.14000
 64.40000	 51.48743	116.44000
 64.60000	 50.86998	116.50000
 64.80000	 50.27013	116.43000
 65.00000	 49.79581	116.31000
 65.20000	 49.47396	116.17000
 65.40000	 49.29387	116.02000
 65.60000	 49.46805	116.07000
 65.80000	 49.82197	116.23000
 66.00000	 50.17041	116.39000
 66.20000	 50.43631	116.51000
 66.40000	 50.60926	116.59000
 66.60000	 50.51777	116.48000
 66.80000	 50.25736	116.23000
 67.00000	 49.93500	115.90000
 67.20000	 49.57763	115.49000
 67.40000	 49.21854	115.01000
 67.60000	 48.83738	114.43000
 67.80000	 48.43678	113.74000
 68.00000	 48.13273	113.03000
 68.20000	 47.95173	112.33000
 68.40000	 47.90870	111.67000
 68.60000	 48.00919	111.08000
 68.80000	 48.45942	110.77000
 69.00000	 48.94271	110.53000
 69.20000	 49.42168	110.36000
 69.40000	 49.84797	110.24000
 69.60000	 50.21079	110.17000
 69.80000	 50.45115	110.10000
 70.00000	 50.61841	110.06000
 70.20000	 50.71579	110.04000
 70.40000	 50.77252	110.05000
 70.60000	 50.78089	110.07000
 70.80000	 50.76931	110.11000
 71.00000	 50.73903	110.16000
 71.20000	 50.68999	110.21000
 71.40000	 50.65580	110.28000
 71.60000	 50.60616	110.34000
 71.80000	 50.46721	110.32000
 72.00000	 50.32687	110.28000
 72.20000	 50.26249	110.28000
 72.40000	 50.30232	110.35000
 72.60000	 50.46442	110.52000
 72.80000	 50.94264	110.98000
 73.00000	 51.52487	111.60000
 73.20000	 52.07692	112.30000
 73.40000	 52.52169	113.03000
 73.60000	 52.84851	113.78000
 73.80000	 52.92006	114.42000
 74.00000	 52.86035	115.02000
 74.20000	 52.69439	115.57000
 74.40000	 52.44673	116.06000
 74.60000	 52.10460	116.45000
 74.80000	 51.59929	116.65000
 75.00000	 51.12736	116.79000
 75.20000	 50.74174	116.90000
 75.40000	 50.46753	117.00000
 75.60000	 50.39771	117.18000
 75.80000	 50.50981	117.45000
 76.00000	 50.67023	117.73000
 76.20000	 50.81772	117.99000
 76.40000	 50.91439	118.21000
 76.60000	 50.91021	118.35000
 76.80000	 50.81507	118.41000
 77.00000	 50.65580	118.40000
 77.20000	 50.41347	118.29000
 77.40000	 50.12052	118.09000
 77.60000	 49.65680	117.68000
 77.80000	 49.17574	117.16000
 78.00000	 48.71997	116.55000
 78.20000	 48.34493	115.89000
 78.40000	 48.03452	115.17000
 78.60000	 47.75704	114.37000
 78.80000	 47.58558	113.56000
 79.00000	 47.54519	112.78000
 79.20000	 47.60570	112.03000
 79.40000	 47.79437	111.36000
 79.60000	 48.29326	110.96000
 79.80000	 48.89411	110.71000
 80.00000	 49.43370	110.51000
 80.20000	 49.86992	110.34000
 80.40000	 50.16646	110.17000
 80.60000	 50.15330	109.84000
 80.80000	 49.99779	109.45000
 81.00000	 49.78727	109.04000
 81.20000	 49.56366	108.62000
 81.40000	 49.35996	108.20000
 81.60000	 49.21137	107.80000
 81.80000	 49.13105	107.43000
 82.00000	 49.10135	107.08000
 82.20000	 49.14875	106.78000
 82.40000	 49.25795	106.53000
 82.60000	 49.41268	106.33000
 82.80000	 49.60897	106.19000
 83.00000	 49.85458	106.13000
 83.20000	 50.15585	106.17000
 83.40000	 50.50608	106.32000
 83.60000	 51.04891	106.72000
 83.80000	 51.61610	107.26000
 84.00000	 52.11679	107.88000
 84.20000	 52.50128	108.54000
 84.40000	 52.74682	109.21000
 84.60000	 52.79655	109.82000
 84.80000	 52.71415	110.39000
 85.00000	 52.51546	110.90000
 85.20000	 52.21683	111.33000
 85.40000	 51.84495	111.67000
 85.60000	 51.13395	111.66000
 85.80000	 50.47122	111.57000
 86.00000	 49.95177	111.46000
 86.20000	 49.60957	111.36000
 86.40000	 49.52875	111.36000
 86.60000	 49.92910	111.69000
 86.80000	 50.39271	112.07000
 87.00000	 50.81314	112.45000
 87.20000	 51.13018	112.80000
 87.40000	 51.24602	113.04000
 87.60000	 51.10141	113.10000
 87.80000	 50.85646	113.08000
 88.00000	 50.52028	112.96000
 88.20000	 50.14821	112.76000
 88.40000	 49.69500	112.42000
 88.60000	 49.17793	111.93000
 88.80000	 48.73876	111.39000
 89.00000	 48.42626	110.84000
 89.20000	 48.26160	110.31000
 89.40000	 48.31132	109.88000
 89.60000	 48.60022	109.61000
 89.80000	 48.95510	109.40000
 90.00000	 49.33794	109.25000
 90.20000	 49.68533	109.13000
 90.40000	 50.00625	109.06000
 90.60000	 50.26890	109.02000
 90.80000	 50.46291	109.00000
 91.00000	 50.57338	108.98000
 91.20000	 50.60397	108.95000
 91.40000	 50.55050	108.89000
 91.60000	 50.41249	108.78000
 91.80000	 50.24969	108.65000
 92.00000	 50.05631	108.48000
 92.20000	 49.86025	108.28000
 92.40000	 49.59150	107.98000
 92.60000	 49.25829	107.57000
 92.80000	 49.03089	107.18000
 93.00000	 48.93739	106.84000
 93.20000	 49.00442	106.59000
 93.40000	 49.44239	106.64000
 93.60000	 50.09705	106.92000
 93.80000	 50.69569	107.25000
 94.00000	 51.19024	107.61000
 94.20000	 51.50579	107.94000
 94.40000	 51.45255	108.06000
 94.60000	 51.21882	108.08000
 94.80000	 50.88958	108.03000
 95.00000	 50.51768	107.92000
 95.20000	 50.12327	107.74000
 95.40000	 49.65034	107.42000
 95.60000	 49.25565	107.07000
 95.80000	 48.95499	106.70000
 96.00000	 48.79921	106.36000
 96.20000	 48.78891	106.07000
 96.40000	 49.02012	105.94000
 96.60000	 49.33625	105.88000
 96.80000	 49.68869	105.88000
 97.00000	 50.03775	105.93000
 97.20000	 50.39981	106.06000
 97.40000	 50.75875	106.27000
 97.60000	 51.04625	106.51000
 97.80000	 51.20819	106.73000
 98.00000	 51.26294	106.93000
 98.20000	 51.12951	107.02000
 98.40000	 50.84862	107.00000
 98.60000	 50.50825	106.91000
 98.80000	 50.16266	106.77000
 99.00000	 49.82064	106.57000
 99.20000	 49.40435	106.23000
 99.40000	 49.00617	105.81000
 99.60000	 48.73916	105.40000
 99.80000	 48.62458	105.03000
100.00000	 48.68254	104.74000
100.20000	 49.19852	104.81000
100.40000	 49.82755	105.02000
100.60000	 50.39872	105.27000
100.80000	 50.86423	105.54000
101.00000	 51.13790	105.76000
101.20000	 51.06673	105.78000
101.40000	 50.87044	105.74000
101.60000	 50.57808	105.63000
101.80000	 50.25056	105.47000
102.00000	 49.86955	105.22000
102.20000	 49.35859	104.79000
102.40000	 48.96342	104.36000
102.60000	 48.73091	103.97000
102.80000	 48.70068	103.67000
103.00000	 48.97559	103.58000
103.20000	 49.65435	103.84000
103.40000	 50.36788	104.21000
103.60000	 51.01123	104.64000
103.80000	 51.53943	105.11000
104.00000	 51.84619	105.53000
104.20000	 51.94640	105.89000
104.40000	 51.91322	106.22000
104.60000	 51.76036	106.50000
104.80000	 51.50306	106.71000
105.00000	 51.02929	106.72000
105.20000	 50.53428	106.65000
105.40000	 50.10706	106.55000
105.60000	 49.82799	106.48000
105.80000	 49.69745	106.45000
106.00000	 49.96974	106.70000
106.20000	 50.34157	107.03000
106.40000	 50.70057	107.38000
106.60000	 51.02301	107.75000
106.80000	 51.22677	108.08000
107.00000	 51.27282	108.33000
107.20000	 51.21866	108.53000
107.40000	 51.08708	108.68000
107.60000	 50.88952	108.77000
107.80000	 50.56810	108.73000
108.00000	 50.16727	108.57000
108.20000	 49.78544	108.35000
108.40000	 49.49366	108.12000
108.60000	 49.28855	107.88000
108.80000	 49.24029	107.70000
109.00000	 49.33267	107.59000
109.20000	 49.48640	107.51000
109.40000	 49.65299	107.44000
109.60000	 49.83834	107.40000
109.80000	 50.03875	107.40000
110.00000	 50.21849	107.42000
110.20000	 50.34935	107.44000
110.40000	 50.41095	107.44000
110.60000	 50.40179	107.41000
110.80000	 50.25550	107.28000
111.00000	 50.04664	107.09000
111.20000	 49.82044	106.86000
111.40000	 49.58063	106.58000
111.60000	 49.35132	106.26000
111.80000	 49.00089	105.78000
112.00000	 48.70484	105.27000
112.20000	 48.51118	104.77000
112.40000	 48.46592	104.33000
112.60000	 48.56609	103.97000
112.80000	 49.10134	103.97000
113.00000	 49.72023	104.10000
113.20000	 50.30507	104.30000
113.40000	 50.77291	104.52000
113.60000	 51.09839	104.74000
113.80000	 51.09898	104.79000
114.00000	 50.96665	104.79000
114.20000	 50.75270	104.75000
114.40000	 50.45688	104.64000
114.60000	 50.14760	104.49000
114.80000	 49.65094	104.13000
115.00000	 49.23246	103.75000
115.20000	 48.93594	103.38000
115.40000	 48.77683	103.04000
115.60000	 48.79295	102.78000
115.80000	 49.22686	102.84000
116.00000	 49.70820	102.97000
116.20000	 50.16163	103.14000
116.40000	 50.55262	103.34000
116.60000	 50.80284	103.51000
116.80000	 50.84342	103.58000
117.00000	 50.78859	103.62000
117.20000	 50.66479	103.63000
117.40000	 50.47374	103.59000
117.60000	 50.22892	103.49000
117.80000	 49.93036	103.31000
118.00000	 49.63518	103.08000
118.20000	 49.36759	102.81000
118.40000	 49.14440	102.51000
118.60000	 48.96416	102.18000
118.80000	 48.77559	101.78000
119.00000	 48.65976	101.38000
119.20000	 48.62735	101.00000
119.40000	 48.68337	100.66000
119.60000	 48.86309	100.41000
119.80000	 49.31992	100.41000
120.00000	 49.76300	100.46000
120.20000	 50.13380	100.53000
120.40000	 50.40202	100.60000
120.60000	 50.52787	100.63000
120.80000	 50.33634	100.45000
121.00000	 50.08146	100.23000
121.20000	 49.79540	 99.97000
121.40000	 49.51481	 99.68000
121.60000	 49.27875	 99.38000
121.80000	 49.05781	 99.04000
122.00000	 48.92571	 98.72000
122.20000	 48.87230	 98.42000
122.40000	 48.91778	 98.17000
122.60000	 49.05200	 97.98000
122.80000	 49.34313	 97.93000
123.00000	 49.71887	 97.99000
123.20000	 50.11321	 98.13000
123.40000	 50.49374	 98.34000
123.60000	 50.84833	 98.62000
123.80000	 51.20577	 99.00000
124.00000	 51.53652	 99.46000
124.20000	 51.77124	 99.94000
124.40000	 51.90081	100.42000
124.60000	 51.90035	100.86000
124.80000	 51.70779	101.18000
125.00000	 51.37998	101.39000
125.20000	 51.02922	101.55000
125.40000	 50.68251	101.66000
125.60000	 50.38109	101.74000
125.80000	 50.08544	101.75000
126.00000	 49.83726	101.72000
126.20000	 49.68058	101.69000
126.40000	 49.60201	101.66000
126.60000	 49.60793	101.65000
126.80000	 49.75797	101.73000
127.00000	 50.05294	101.93000
127.20000	 50.32673	102.14000
127.40000	 50.56319	102.36000
127.60000	 50.70853	102.55000
127.80000	 50.72317	102.67000
128.00000	 50.59251	102.69000
128.20000	 50.41555	102.67000
128.40000	 50.22385	102.62000
128.60000	 50.04330	102.55000
128.80000	 49.87040	102.45000
129.00000	 49.73381	102.34000
129.20000	 49.64380	102.23000
129.40000	 49.59431	102.12000
129.60000	 49.60036	102.03000
129.80000	 49.64953	101.96000
130.00000	 49.72919	101.91000
130.20000	 49.86236	101.91000
130.40000	 50.02209	101.95000
130.60000	 50.23071	102.06000
130.80000	 50.48435	102.25000
131.00000	 50.91737	102.65000
131.20000	 51.31892	103.11000
131.40000	 51.62052	103.58000
131.60000	 51.80516	104.04000
131.80000	 51.85513	104.46000
132.00000	 51.57811	104.65000
132.20000	 51.24613	104.79000
132.40000	 50.91729	104.90000
132.60000	 50.61381	104.98000
132.80000	 50.37169	105.05000
133.00000	 50.20394	105.12000
133.20000	 50.12679	105.21000
133.40000	 50.13688	105.33000
133.60000	 50.21489	105.48000
133.80000	 50.37570	105.69000
134.00000	 50.74542	106.09000
134.20000	 51.10465	106.53000
134.40000	 51.41153	106.99000
134.60000	 51.61356	107.43000
134.80000	 51.70793	107.84000
135.00000	 51.56171	108.09000
135.20000	 51.33499	108.28000
135.40000	 51.05806	108.41000
135.60000	 50.75651	108.48000
135.80000	 50.46178	108.50000
136.00000	 50.01308	108.32000
136.20000	 49.64124	108.11000
136.40000	 49.40677	107.92000
136.60000	 49.35228	107.80000
136.80000	 49.46944	107.77000
137.00000	 50.08789	108.15000
137.20000	 50.80792	108.68000
137.40000	 51.46857	109.27000
137.60000	 51.99724	109.88000
137.80000	 52.36837	110.49000
138.00000	 52.38917	110.92000
138.20000	 52.25572	111.29000
138.40000	 52.01261	111.60000
138.60000	 51.71250	111.86000
138.80000	 51.37676	112.06000
139.00000	 50.91691	112.10000
139.20000	 50.50945	112.10000
139.40000	 50.18897	112.08000
139.60000	 50.01120	112.09000
139.80000	 49.96881	112.14000
140.00000	 50.24279	112.41000
140.20000	 50.65528	112.80000
140.40000	 51.05454	113.22000
140.60000	 51.40452	113.66000
140.80000	 51.65917	114.09000
141.00000	 51.75282	114.45000
141.20000	 51.74249	114.77000
141.40000	 51.62793	115.03000
141.60000	 51.43629	115.23000
141.80000	 51.18199	115.36000
142.00000	 50.76271	115.31000
142.20000	 50.34648	115.19000
142.40000	 49.95236	115.00000
142.60000	 49.62586	114.77000
142.80000	 49.36562	114.50000
143.00000	 49.21043	114.23000
143.20000	 49.11896	113.94000
143.40000	 49.12021	113.67000
143.60000	 49.19036	113.42000
143.80000	 49.32950	113.21000
144.00000	 49.64049	113.15000
144.20000	 49.96654	113.14000
144.40000	 50.23963	113.14000
144.60000	 50.44143	113.14000
144.80000	 50.55168	113.12000
145.00000	 50.50189	113.01000
145.20000	 50.39035	112.87000
145.40000	 50.22656	112.69000
145.60000	 50.00767	112.45000
145.80000	 49.77746	112.17000
146.00000	 49.34203	111.67000
146.20000	 48.97508	111.15000
146.40000	 48.74124	110.66000
146.60000	 48.65175	110.22000
146.80000	 48.76401	109.90000
147.00000	 49.32563	109.95000
147.20000	 49.93500	110.10000
147.40000	 50.50129	110.31000
147.60000	 50.95491	110.54000
147.80000	 51.22440	110.73000
148.00000	 51.23818	110.80000
148.20000	 51.12173	110.82000
148.40000	 50.90101	110.78000
148.60000	 50.60098	110.67000
148.80000	 50.19739	110.44000
149.00000	 49.57707	109.96000
149.20000	 49.06122	109.46000
149.40000	 48.71752	108.99000
149.60000	 48.57875	108.59000
149.80000	 48.77459	108.40000
150.00000	 49.45957	108.61000
150.20000	 50.17061	108.91000
150.40000	 50.82310	109.27000
150.60000	 51.34440	109.65000
150.80000	 51.60505	109.94000
151.00000	 51.62515	110.13000
151.20000	 51.49608	110.26000
151.40000	 51.25989	110.33000
151.60000	 50.93260	110.32000
151.80000	 50.38990	110.09000
152.00000	 49.81565	109.75000
152.20000	 49.33532	109.38000
152.40000	 49.02559	109.04000
152.60000	 48.91679	108.77000
152.80000	 49.25265	108.81000
153.00000	 49.75329	108.99000
153.20000	 50.27856	109.24000
153.40000	 50.75629	109.53000
153.60000	 51.12136	109.82000
153.80000	 51.29386	110.04000
154.00000	 51.33270	110.22000
154.20000	 51.28791	110.38000
154.40000	 51.14979	110.49000
154.60000	 50.92366	110.53000
154.80000	 50.58133	110.45000
155.00000	 50.25025	110.33000
155.20000	 49.93555	110.16000
155.40000	 49.68251	109.97000
155.60000	 49.46713	109.74000
155.80000	 49.28674	109.47000
156.00000	 49.21679	109.23000
156.20000	 49.23754	109.02000
156.40000	 49.38448	108.89000
156.60000	 49.77632	108.97000
156.80000	 50.33511	109.24000
157.00000	 50.83614	109.55000
157.20000	 51.23838	109.88000
157.40000	 51.47119	110.17000
157.60000	 51.41605	110.30000
157.80000	 51.19258	110.33000
158.00000	 50.86954	110.28000
158.20000	 50.48619	110.15000
158.40000	 50.08673	109.95000
158.60000	 49.52136	109.53000
158.80000	 49.01805	109.05000
159.00000	 48.66854	108.58000
159.20000	 48.48326	108.14000
159.40000	 48.50554	107.79000
159.60000	 48.96994	107.77000
159.80000	 49.50977	107.84000
160.00000	 50.05242	107.98000
160.20000	 50.54203	108.17000
160.40000	 50.91656	108.37000
160.60000	 51.15611	108.56000
160.80000	 51.30032	108.76000
161.00000	 51.33349	108.94000
161.20000	 51.30468	109.12000
161.40000	 51.17846	109.25000
161.60000	 50.97187	109.32000
161.80000	 50.75911	109.37000
162.00000	 50.57994	109.42000
162.20000	 50.42958	109.46000
162.40000	 50.32229	109.50000
162.60000	 50.26661	109.55000
162.80000	 50.25478	109.61000
163.00000	 50.27730	109.68000
163.20000	 50.33591	109.77000
163.40000	 50.53495	109.98000
163.60000	 50.71881	110.20000
163.80000	 50.84341	110.40000
164.00000	 50.88715	110.56000
164.20000	 50.81409	110.64000
164.40000	 50.51857	110.53000
164.60000	 50.17170	110.34000
164.80000	 49.81135	110.08000
165.00000	 49.45602	109.75000
165.20000	 49.10637	109.34000
165.40000	 48.74784	108.83000
165.60000	 48.46928	108.29000
165.80000	 48.29757	107.75000
166.00000	 48.24939	107.24000
166.20000	 48.35590	106.81000
166.40000	 48.71865	106.58000
166.60000	 49.10554	106.40000
166.80000	 49.47421	106.26000
167.00000	 49.75983	106.12000
167.20000	 49.92597	105.95000
167.40000	 49.90434	105.68000
167.60000	 49.84211	105.41000
167.80000	 49.73396	105.12000
168.00000	 49.63268	104.84000
168.20000	 49.54782	104.57000
168.40000	 49.51903	104.34000
168.60000	 49.48449	104.10000
168.80000	 49.45747	103.86000
169.00000	 49.41457	103.60000
169.20000	 49.34712	103.31000
169.40000	 49.12178	102.87000
169.60000	 48.93940	102.43000
169.80000	 48.83758	102.02000
170.00000	 48.83144	101.66000
170.20000	 48.96257	101.40000
170.40000	 49.41060	101.42000
170.60000	 49.88149	101.52000
170.80000	 50.29960	101.66000
171.00000	 50.61826	101.81000
171.20000	 50.82945	101.96000
171.40000	 50.76209	101.95000
171.60000	 50.60292	101.90000
171.80000	 50.39575	101.82000
172.00000	 50.16656	101.71000
172.20000	 49.93537	101.57000
172.40000	 49.61237	101.31000
172.60000	 49.33829	101.03000
172.80000	 49.16403	100.77000
173.00000	 49.10326	100.55000
173.20000	 49.17182	100.40000
173.40000	 49.54977	100.50000
173.60000	 50.03627	100.73000
173.80000	 50.53027	101.04000
174.00000	 50.95917	101.39000
174.20000	 51.30264	101.77000
174.40000	 51.48282	102.11000
174.60000	 51.54585	102.43000
174.80000	 51.52865	102.74000
175.00000	 51.45556	103.04000
175.20000	 51.33714	103.32000
175.40000	 51.19376	103.58000
175.60000	 51.01878	103.80000
175.80000	 50.85116	104.00000
176.00000	 50.68797	104.17000
176.20000	 50.53553	104.31000
176.40000	 50.37403	104.40000
176.60000	 50.21965	104.45000
176.80000	 50.08552	104.47000
177.00000	 49.96998	104.46000
177.20000	 49.89308	104.44000
177.40000	 49.88204	104.44000
177.60000	 49.93463	104.47000
177.80000	 49.95383	104.46000
178.00000	 49.92562	104.40000
178.20000	 49.85345	104.29000
178.40000	 49.65150	104.05000
178.60000	 49.30813	103.65000
178.80000	 48.97002	103.19000
179.00000	 48.65005	102.67000
179.20000	 48.38990	102.12000
179.40000	 48.19779	101.55000
179.60000	 48.04109	100.94000
179.80000	 47.96899	100.34000
180.00000	 47.98665	 99.77000
180.20000	 48.10619	 99.26000
180.40000	 48.32318	 98.83000
180.60000	 48.70017	 98.56000
180.80000	 49.28755	 98.53000
181.00000	 49.85748	 98.59000
181.20000	 50.33999	 98.70000
181.40000	 50.73021	 98.86000
181.60000	 51.01057	 99.05000
181.80000	 51.04707	 99.14000
182.00000	 50.99951	 99.23000
182.20000	 50.89847	 99.32000
182.40000	 50.77019	 99.41000
182.60000	 50.64694	 99.51000
182.80000	 50.53029	 99.61000
183.00000	 50.44102	 99.72000
183.20000	 50.35909	 99.82000
183.40000	 50.31057	 99.93000
183.60000	 50.28124	100.04000
183.80000	 50.25671	100.14000
184.00000	 50.20073	100.20000
184.20000	 50.15209	100.25000
184.40000	 50.14513	100.32000
184.60000	 50.16177	100.40000
184.80000	 50.21918	100.51000
185.00000	 50.37702	100.71000
185.20000	 50.63758	101.02000
185.40000	 50.87160	101.35000
185.60000	 51.03674	101.67000
185.80000	 51.12508	101.97000
186.00000	 51.11253	102.22000
186.20000	 50.85683	102.28000
186.40000	 50.55515	102.28000
186.60000	 50.24535	102.23000
186.80000	 49.95700	102.14000
187.00000	 49.72273	102.03000
187.20000	 49.54234	101.90000
187.40000	 49.39904	101.74000
187.60000	 49.34404	101.60000
187.80000	 49.36052	101.48000
188.00000	 49.44163	101.39000
188.20000	 49.57932	101.34000
188.40000	 49.98459	101.53000
188.60000	 50.40671	101.79000
188.80000	 50.73957	102.05000
189.00000	 50.96820	102.30000
189.20000	 51.05477	102.50000
189.40000	 50.86017	102.51000
189.60000	 50.41439	102.31000
189.80000	 49.94052	102.04000
190.00000	 49.50689	101.73000
190.20000	 49.14203	101.39000
190.40000	 48.87337	101.04000
190.60000	 48.86617	100.83000
190.80000	 48.94000	100.64000
191.00000	 49.03335	100.44000
191.20000	 49.13970	100.24000
191.40000	 49.23296	100.03000
191.60000	 49.22438	 99.74000
191.80000	 49.01975	 99.28000
192.00000	 48.88187	 98.85000
192.20000	 48.84501	 98.48000
192.40000	 48.92014	 98.19000
192.60000	 49.14451	 98.03000
192.80000	 49.78592	 98.26000
193.00000	 50.54331	 98.69000
193.20000	 51.24965	 99.22000
193.40000	 51.85929	 99.83000
193.60000	 52.32146	100.48000
193.80000	 52.54650	101.08000
194.00000	 52.57383	101.63000
194.20000	 52.50704	102.18000
194.40000	 52.37119	102.72000
194.60000	 52.19897	103.25000
194.80000	 52.01642	103.77000
195.00000	 51.84251	104.28000
195.20000	 51.66649	104.76000
195.40000	 51.52169	105.23000
195.60000	 51.38755	105.67000
195.80000	 51.27788	106.09000
196.00000	 51.19109	106.49000
196.20000	 51.11232	106.86000
196.40000	 51.02772	107.19000
196.60000	 50.92543	107.47000
196.80000	 50.79606	107.69000
197.00000	 50.70199	107.90000
197.20000	 50.54678	108.02000
197.40000	 50.32811	108.04000
197.60000	 50.04740	107.95000
197.80000	 49.68545	107.72000
198.00000	 49.00902	107.13000
198.20000	 48.27520	106.35000
198.40000	 47.60959	105.46000
198.60000	 47.06815	104.50000
198.80000	 46.67711	103.50000
199.00000	 46.46000	102.50000
199.20000	 46.58903	101.68000
199.40000	 46.87737	100.94000
199.60000	 47.24569	100.26000
199.80000	 47.63776	 99.63000
200.00000	 48.03280	 99.06000
200.20000	 48.43060	 98.57000
200.40000	 48.83638	 98.18000
200.60000	 49.32791	 97.97000
200.80000	 49.73102	 97.81000
201.00000	 50.04802	 97.70000
201.20000	 50.25420	 97.61000
201.40000	 50.36937	 97.54000
201.60000	 50.35828	 97.44000
201.80000	 50.16013	 97.23000
202.00000	 49.95907	 97.03000
202.20000	 49.77727	 96.84000
202.40000	 49.62830	 96.66000
202.60000	 49.53000	 96.50000
202.80000	 49.53881	 96.41000
203.00000	 49.63985	 96.39000
203.20000	 49.76812	 96.40000
203.40000	 49.89980	 96.43000
203.60000	 50.01536	 96.47000
203.80000	 50.12318	 96.53000
204.00000	 50.04807	 96.46000
204.20000	 49.94460	 96.37000
204.40000	 49.92939	 96.35000
204.60000	 50.00733	 96.41000
204.80000	 50.19899	 96.58000
205.00000	 50.65466	 97.01000
205.20000	 51.42583	 97.79000
205.40000	 52.15160	 98.67000
205.60000	 52.76053	 99.61000
205.80000	 53.18038	100.55000
206.00000	 53.35113	101.42000
206.20000	 53.15476	102.08000
206.40000	 52.82851	102.67000
206.60000	 52.44858	103.21000
206.80000	 52.05510	103.70000
207.00000	 51.68855	104.15000
207.20000	 51.42315	104.61000
207.40000	 51.18757	105.02000
207.60000	 50.95918	105.36000
207.80000	 50.75063	105.64000
208.00000	 50.53678	105.84000
208.20000	 50.08748	105.76000
208.40000	 49.68321	105.61000
208.60000	 49.40963	105.46000
208.80000	 49.29819	105.35000
209.00000	 49.36636	105.32000
209.20000	 49.94322	105.69000
209.40000	 50.67409	106.24000
209.60000	 51.35451	106.85000
209.80000	 51.89578	107.47000
210.00000	 52.24756	108.06000
210.20000	 52.20897	108.43000
210.40000	 51.93682	108.66000
210.60000	 51.56024	108.81000
210.80000	 51.12552	108.88000
211.00000	 50.64697	108.85000
211.20000	 50.14444	108.71000
211.40000	 49.64250	108.46000
211.60000	 49.20398	108.14000
211.80000	 48.85404	107.77000
212.00000	 48.58402	107.35000
212.20000	 48.40327	106.90000
212.40000	 48.24604	106.38000
212.60000	 48.19185	105.87000
212.80000	 48.21564	105.37000
213.00000	 48.33882	104.92000
213.20000	 48.54325	104.53000
213.40000	 48.88076	104.27000
213.60000	 49.42866	104.24000
213.80000	 49.96011	104.29000
214.00000	 50.42877	104.40000
214.20000	 50.80319	104.55000
214.40000	 51.08820	104.74000
214.60000	 51.21499	104.90000
214.80000	 51.25856	105.07000
215.00000	 51.24353	105.25000
215.20000	 51.19251	105.44000
215.40000	 51.11308	105.63000
215.60000	 51.04500	105.84000
215.80000	 50.97415	106.05000
216.00000	 50.89705	106.25000
216.20000	 50.80914	106.43000
216.40000	 50.70552	106.58000
216.60000	 50.54685	106.66000
216.80000	 50.27698	106.61000
217.00000	 50.05843	106.55000
217.20000	 49.88168	106.47000
217.40000	 49.77955	106.40000
217.60000	 49.76437	106.36000
217.80000	 50.02652	106.53000
218.00000	 50.30603	106.73000
218.20000	 50.54518	106.93000
218.40000	 50.68810	107.09000
218.60000	 50.70573	107.18000
218.80000	 50.40847	107.02000
219.00000	 49.97952	106.72000
219.20000	 49.55330	106.36000
219.40000	 49.17513	105.96000
219.60000	 48.88873	105.55000
219.80000	 48.75846	105.19000
220.00000	 48.86519	104.97000
220.20000	 49.01370	104.76000
220.40000	 49.20235	104.58000
220.60000	 49.38564	104.41000
220.80000	 49.53865	104.24000
221.00000	 49.58661	104.01000
221.20000	 49.57496	103.75000
221.40000	 49.57197	103.51000
221.60000	 49.62629	103.33000
221.80000	 49.73109	103.21000
222.00000	 49.93468	103.20000
222.20000	 50.37887	103.44000
222.40000	 50.80887	103.75000
222.60000	 51.18514	104.11000
222.80000	 51.48005	104.50000
223.00000	 51.67678	104.90000
223.20000	 51.61763	105.16000
223.40000	 51.47617	105.39000
223.60000	 51.31806	105.62000
223.80000	 51.19856	105.88000
224.00000	 51.13744	106.18000
224.20000	 51.14572	106.53000
224.40000	 51.22729	106.94000
224.60000	 51.39231	107.43000
224.80000	 51.61100	107.99000
225.00000	 51.91273	108.66000
225.20000	 52.42496	109.57000
225.40000	 53.14832	110.76000
225.60000	 53.71735	111.96000
225.80000	 54.07362	113.12000
226.00000	 54.16000	114.17000
226.20000	 53.73553	114.86000
226.40000	 52.83170	115.13000
226.60000	 51.84427	115.22000
226.80000	 50.85500	115.14000
227.00000	 49.94610	114.92000
227.20000	 49.18623	114.60000
227.40000	 48.63106	114.23000
227.60000	 48.20947	113.77000
227.80000	 47.92919	113.25000
228.00000	 47.75562	112.67000
228.20000	 47.66611	112.04000
228.40000	 47.65116	111.38000
228.60000	 47.67946	110.69000
228.80000	 47.74823	109.99000
229.00000	 47.85715	109.30000
229.20000	 47.99617	108.63000
229.40000	 48.15823	107.99000
229.60000	 48.43136	107.47000
229.80000	 48.79858	107.08000
230.00000	 49.12697	106.73000
230.20000	 49.36133	106.38000
230.40000	 49.50757	106.03000
230.60000	 49.55505	105.66000
230.80000	 49.37339	105.14000
231.00000	 49.07725	104.53000
231.20000	 48.79610	103.91000
231.40000	 48.54773	103.28000
231.60000	 48.37590	102.67000
231.80000	 48.26580	102.07000
232.00000	 48.31394	101.57000
232.20000	 48.42399	101.11000
232.40000	 48.57630	100.69000
232.60000	 48.76490	100.32000
232.80000	 48.98507	100.01000
233.00000	 49.19883	 99.74000
233.20000	 49.40972	 99.52000
233.40000	 49.63486	 99.37000
233.60000	 49.89037	 99.31000
233.80000	 50.15563	 99.33000
234.00000	 50.44749	 99.45000
234.20000	 50.99993	 99.88000
234.40000	 51.47787	100.37000
234.60000	 51.85350	100.90000
234.80000	 52.08880	101.43000
235.00000	 52.15984	101.92000
235.20000	 51.83543	102.14000
235.40000	 51.37925	102.25000
235.60000	 50.90291	102.30000
235.80000	 50.47603	102.32000
236.00000	 50.11566	102.31000
236.20000	 49.86184	102.30000
236.40000	 49.71731	102.30000
236.60000	 49.67640	102.32000
236.80000	 49.71661	102.36000
237.00000	 49.82626	102.43000
237.20000	 50.00504	102.55000
237.40000	 50.26329	102.75000
237.60000	 50.52832	102.99000
237.80000	 50.80752	103.29000
238.00000	 51.06415	103.63000
238.20000	 51.36179	104.07000
238.40000	 51.74568	104.66000
238.60000	 52.01083	105.24000
238.80000	 52.13274	105.78000
239.00000	 52.09970	106.25000
239.20000	 51.79463	106.52000
239.40000	 51.12618	106.46000
239.60000	 50.42135	106.28000
239.80000	 49.72483	105.98000
240.00000	 49.11264	105.60000
240.20000	 48.60555	105.15000
240.40000	 48.29128	104.71000
240.60000	 48.07274	104.22000
240.80000	 47.94939	103.70000
241.00000	 47.90569	103.16000
241.20000	 47.91452	102.60000
241.40000	 47.94054	102.01000
241.60000	 47.97790	101.40000
241.80000	 48.05878	100.81000
242.00000	 48.16618	100.24000
242.20000	 48.30891	 99.71000
242.40000	 48.49532	 99.24000
242.60000	 48.79030	 98.90000
242.80000	 49.14415	 98.67000
243.00000	 49.48863	 98.51000
243.20000	 49.81273	 98.42000
243.40000	 50.09943	 98.39000
243.60000	 50.33787	 98.41000
243.80000	 50.51097	 98.46000
244.00000	 50.67690	 98.58000
244.20000	 50.80696	 98.74000
244.40000	 50.92272	 98.95000
244.60000	 51.03179	 99.21000
244.80000	 51.18632	 99.56000
245.00000	 51.37158	 99.99000
245.20000	 51.50274	100.43000
245.40000	 51.59936	100.89000
245.60000	 51.63489	101.34000
245.80000	 51.56545	101.73000
246.00000	 51.31067	101.97000
246.20000	 51.07276	102.20000
246.40000	 50.91299	102.46000
246.60000	 50.84281	102.76000
246.80000	 50.93366	103.17000
247.00000	 51.35449	103.86000
247.20000	 51.77682	104.60000
247.40000	 52.11800	105.34000
247.60000	 52.33788	106.05000
247.80000	 52.38881	106.68000
248.00000	 52.06698	107.03000
248.20000	 51.64948	107.28000
248.40000	 51.20162	107.45000
248.60000	 50.75370	107.54000
248.80000	 50.33803	107.56000
249.00000	 49.98804	107.53000
249.20000	 49.70292	107.45000
249.40000	 49.48739	107.33000
249.60000	 49.32922	107.17000
249.80000	 49.23748	106.99000
250.00000	 49.19454	106.79000
250.20000	 49.14889	106.54000
250.40000	 49.13756	106.28000
250.60000	 49.18230	106.04000
250.80000	 49.27804	105.83000
251.00000	 49.43078	105.67000
251.20000	 49.63332	105.57000
251.40000	 49.98265	105.63000
251.60000	 50.39824	105.81000
251.80000	 50.79592	106.06000
252.00000	 51.14021	106.36000
252.20000	 51.44086	106.72000
252.40000	 51.67701	107.12000
252.60000	 51.81193	107.52000
252.80000	 51.91108	107.96000
253.00000	 51.97653	108.43000
253.20000	 52.03331	108.94000
253.40000	 52.09087	109.49000
253.60000	 52.20190	110.12000
253.80000	 52.36281	110.83000
254.00000	 52.49739	111.56000
254.20000	 52.58515	112.29000
254.40000	 52.61089	113.00000
254.60000	 52.56442	113.67000
254.80000	 52.42847	114.27000
255.00000	 52.23727	114.81000
255.20000	 51.97626	115.26000
255.40000	 51.65658	115.61000
255.60000	 51.27701	115.84000
255.80000	 50.74436	115.85000
256.00000	 50.11915	115.66000
256.20000	 49.53775	115.36000
256.40000	 49.02248	114.96000
256.60000	 48.58502	114.47000
256.80000	 48.25169	113.92000
257.00000	 48.05040	113.35000
257.20000	 47.92970	112.74000
257.40000	 47.85229	112.08000
257.60000	 47.80845	111.38000
257.80000	 47.79093	110.65000
258.00000	 47.79487	109.90000
258.20000	 47.73683	109.07000
258.40000	 47.68671	108.22000
258.60000	 47.66239	107.37000
258.80000	 47.67924	106.54000
259.00000	 47.74952	105.75000
259.20000	 47.87071	105.01000
259.40000	 48.09674	104.38000
259.60000	 48.55240	103.99000
259.80000	 48.98094	103.66000
260.00000	 49.35421	103.38000
260.20000	 49.65531	103.14000
260.40000	 49.87678	102.93000
260.60000	 50.00676	102.73000
260.80000	 49.89037	102.39000
261.00000	 49.74836	102.06000
261.20000	 49.62705	101.76000
261.40000	 49.55057	101.50000
261.60000	 49.52266	101.28000
261.80000	 49.57602	101.13000
262.00000	 49.80314	101.14000
262.20000	 50.04593	101.20000
262.40000	 50.30193	101.32000
262.60000	 50.55950	101.50000
262.80000	 50.77602	101.71000
263.00000	 50.92924	101.93000
263.20000	 51.01587	102.15000
263.40000	 51.09486	102.41000
263.60000	 51.19569	102.73000
263.80000	 51.31926	103.11000
264.00000	 51.51031	103.59000
264.20000	 51.90838	104.30000
264.40000	 52.25751	105.05000
264.60000	 52.52938	105.82000
264.80000	 52.69475	106.58000
265.00000	 52.73522	107.30000
265.20000	 52.48015	107.81000
265.40000	 52.14994	108.25000
265.60000	 51.79243	108.63000
265.80000	 51.41134	108.93000
266.00000	 51.05192	109.17000
266.20000	 50.67960	109.31000
266.40000	 50.32968	109.37000
266.60000	 50.06435	109.40000
266.80000	 49.87457	109.40000
267.00000	 49.76993	109.39000
267.20000	 49.75445	109.39000
267.40000	 49.85103	109.44000
267.60000	 50.00675	109.52000
267.80000	 50.22014	109.65000
268.00000	 50.45567	109.82000
268.20000	 50.73018	110.06000
268.40000	 51.20990	110.53000
268.60000	 51.65418	111.06000
268.80000	 51.99187	111.60000
269.00000	 52.19324	112.12000
269.20000	 52.26542	112.61000
269.40000	 52.06133	112.92000
269.60000	 51.74065	113.14000
269.80000	 51.35711	113.28000
270.00000	 50.94482	113.34000
270.20000	 50.52997	113.32000
270.40000	 50.06152	113.16000
270.60000	 49.58474	112.88000
270.80000	 49.20614	112.56000
271.00000	 48.94272	112.22000
271.20000	 48.80076	111.88000
271.40000	 48.81317	111.59000
271.60000	 49.16335	111.54000
271.80000	 49.53749	111.52000
272.00000	 49.84328	111.48000
272.20000	 50.05571	111.41000
272.40000	 50.15196	111.29000
272.60000	 49.94867	110.95000
272.80000	 49.58860	110.47000
273.00000	 49.19539	109.92000
273.20000	 48.81909	109.32000
273.40000	 48.49809	108.69000
273.60000	 48.23604	108.03000
273.80000	 48.09903	107.40000
274.00000	 48.02210	106.76000
274.20000	 48.01284	106.13000
274.40000	 48.06406	105.52000
274.60000	 48.14476	104.92000
274.80000	 48.22799	104.32000
275.00000	 48.30364	103.72000
275.20000	 48.43463	103.18000
275.40000	 48.62969	102.72000
275.60000	 48.89445	102.36000
275.80000	 49.23191	102.12000
276.00000	 49.82755	102.18000
276.20000	 50.44311	102.38000
276.40000	 51.00678	102.68000
276.60000	 51.47462	103.05000
276.80000	 51.84029	103.48000
277.00000	 52.04885	103.91000
277.20000	 52.12992	104.34000
277.40000	 52.15070	104.80000
277.60000	 52.09093	105.25000
277.80000	 52.00248	105.71000
278.00000	 51.88332	106.16000
278.20000	 51.75254	106.60000
278.40000	 51.60134	107.01000
278.60000	 51.43160	107.38000
278.80000	 51.24351	107.70000
279.00000	 50.93232	107.87000
279.20000	 50.57092	107.93000
279.40000	 50.29440	107.98000
279.60000	 50.11174	108.03000
279.80000	 50.05760	108.12000
280.00000	 50.35088	108.46000
280.20000	 50.82225	108.96000
280.40000	 51.20961	109.44000
280.60000	 51.44017	109.85000
280.80000	 51.47609	110.15000
281.00000	 50.99855	110.04000
281.20000	 50.20228	109.61000
281.40000	 49.40292	109.06000
281.60000	 48.67759	108.42000
281.80000	 48.09218	107.73000
282.00000	 47.74754	107.08000
282.20000	 47.72690	106.57000
282.40000	 47.83114	106.08000
282.60000	 48.02780	105.62000
282.80000	 48.26537	105.18000
283.00000	 48.52472	104.77000
283.20000	 48.71259	104.33000
283.40000	 48.84701	103.88000
283.60000	 49.00861	103.49000
283.80000	 49.23531	103.20000
284.00000	 49.52377	103.02000
284.20000	 49.91495	103.00000
284.40000	 50.67217	103.39000
284.60000	 51.40117	103.91000
284.80000	 52.02072	104.51000
285.00000	 52.48300	105.15000
285.20000	 52.78205	105.81000
285.40000	 52.78537	106.35000
285.60000	 52.60983	106.82000
285.80000	 52.33215	107.24000
286.00000	 51.98587	107.60000
286.20000	 51.62089	107.91000
286.40000	 51.19540	108.11000
286.60000	 50.71568	108.18000
286.80000	 50.28921	108.19000
287.00000	 49.92362	108.14000
287.20000	 49.62980	108.04000
287.40000	 49.42265	107.91000
287.60000	 49.27508	107.74000
287.80000	 49.18292	107.54000
288.00000	 49.17530	107.35000
288.20000	 49.21767	107.16000
288.40000	 49.31324	106.99000
288.60000	 49.46472	106.86000
288.80000	 49.73190	106.84000
289.00000	 50.02623	106.88000
289.20000	 50.30491	106.96000
289.40000	 50.56902	107.09000
289.60000	 50.78896	107.25000
289.80000	 51.00066	107.47000
