0.60	41.33	50.91
1.20	41.71	52.62
1.80	42.61	53.67
2.40	43.08	53.81
3.00	42.93	54.08
3.60	42.42	54.15
4.20	40.40	53.01
4.80	41.37	53.66
5.40	41.76	53.99
6.00	40.04	54.10
6.60	40.67	53.28
7.20	41.08	52.65
7.80	38.61	52.53
8.40	39.70	52.87
9.00	40.63	53.09
9.60	39.51	52.93
10.20	38.71	52.83
10.80	38.39	51.50
11.40	38.12	52.05
12.00	37.98	52.39
12.60	38.84	52.48
13.20	38.88	52.40
13.80	39.02	52.45
14.40	39.41	51.60
15.00	39.86	51.31
15.60	40.21	53.20
16.20	41.00	53.52
16.80	41.30	53.63
17.40	41.33	53.46
18.00	40.16	52.78
18.60	39.43	52.15
19.20	39.88	52.89
19.80	40.18	52.46
20.40	40.65	52.37
21.00	39.16	50.96
21.60	38.66	50.12
22.20	40.21	50.69
22.80	39.74	50.39
23.40	39.61	50.11
24.00	40.22	50.15
24.60	40.39	49.11
25.20	40.88	48.79
25.80	42.40	50.96
26.40	42.71	51.85
27.00	42.87	52.46
27.60	43.01	53.04
28.20	42.67	52.57
28.80	42.37	52.50
29.40	42.51	53.79
30.00	41.61	53.91
30.60	40.79	53.85
31.20	38.71	53.91
31.80	39.44	52.93
32.40	39.97	52.27
33.00	41.20	52.72
33.60	40.63	53.05
34.20	40.10	53.29
34.80	41.30	53.60
35.40	39.73	53.09
36.00	38.44	52.69
36.60	40.66	53.31
37.20	39.57	53.79
37.80	38.46	54.40
38.40	39.13	54.18
39.00	39.40	54.01
39.60	37.40	52.88
40.20	39.04	53.42
40.80	40.10	53.71
41.40	37.02	54.22
42.00	39.23	53.74
42.60	41.14	53.64
43.20	38.84	52.42
43.80	37.58	51.69
44.40	37.24	52.16
45.00	38.03	52.25
45.60	38.62	52.28
46.20	37.54	52.88
46.80	38.63	52.01
47.40	39.62	51.37
48.00	38.58	52.15
48.60	39.83	52.78
49.20	40.68	53.13
49.80	41.51	53.63
50.40	41.81	53.90
51.00	41.13	52.47
51.60	41.28	53.33
52.20	41.28	53.84
52.80	43.85	53.74
53.40	41.79	53.44
54.00	40.46	52.81
54.60	39.71	52.36
55.20	39.71	52.08
55.80	42.38	52.84
56.40	40.89	52.38
57.00	39.74	52.03
57.60	40.13	51.56
58.20	38.79	50.91
58.80	37.74	50.14
59.40	40.28	51.63
60.00	39.86	52.37
60.60	39.40	52.31
61.20	39.22	51.61
61.80	39.01	51.22
62.40	37.85	49.47
63.00	38.37	50.78
63.60	38.94	51.84
64.20	40.76	51.98
64.80	40.62	52.28
65.40	40.67	52.67
66.00	42.37	52.82
66.60	41.26	53.91
67.20	40.68	54.51
67.80	41.29	54.89
68.40	40.68	53.95
69.00	40.32	53.39
69.60	39.87	53.66
70.20	40.46	53.83
70.80	40.60	53.83
71.40	38.31	54.50
72.00	39.54	53.20
72.60	40.31	52.40
73.20	39.56	52.63
73.80	39.83	53.68
74.40	40.13	54.40
75.00	43.32	53.92
75.60	40.87	53.67
76.20	39.85	53.73
76.80	43.15	52.78
77.40	43.33	54.47
78.00	43.27	55.60
78.60	43.56	55.94
79.20	42.12	55.97
79.80	41.40	55.96
80.40	41.84	54.79
81.00	41.91	55.62
81.60	41.89	56.02
82.20	42.38	56.15
82.80	41.29	55.21
83.40	40.62	54.48
84.00	40.58	54.98
84.60	40.99	54.72
85.20	41.43	54.38
85.80	40.68	54.33
86.40	40.54	54.19
87.00	40.71	53.27
87.60	42.13	53.52
88.20	43.12	53.76
88.80	44.53	54.12
89.40	43.30	54.23
90.00	42.63	54.31
90.60	43.83	53.84
91.20	43.29	53.99
91.80	42.83	54.06
92.40	40.40	54.36
93.00	42.02	54.41
93.60	43.19	54.47
94.20	40.10	53.64
94.80	40.27	53.10
95.40	40.06	53.12
96.00	41.38	52.77
96.60	42.14	52.47
97.20	41.25	52.73
97.80	40.94	51.78
98.40	40.95	50.81
99.00	41.17	52.34
99.60	41.25	53.05
100.20	41.85	51.92
100.80	44.07	53.41
101.40	45.69	55.50
102.00	47.49	57.28
102.60	47.86	59.11
103.20	43.60	57.96
103.80	45.11	60.32
104.40	43.77	61.12
105.00	42.57	59.35
105.60	41.61	57.21
106.20	41.02	57.34
106.80	40.46	57.29
107.40	36.91	55.89
108.00	37.96	55.32
108.60	38.83	54.84
109.20	37.79	54.04
109.80	38.04	53.36
110.40	38.15	53.94
111.00	38.32	52.22
111.60	38.34	52.20
112.20	37.05	32.37
112.80	38.38	54.01
113.40	39.42	64.91
114.00	40.14	53.69
114.60	40.72	53.05
115.20	40.36	52.74
115.80	40.24	52.55
116.40	39.23	47.78
117.00	42.66	50.09
117.60	41.48	51.39
118.20	40.57	50.97
118.80	39.26	51.08
119.40	38.44	51.06
120.00	38.37	49.35
120.60	37.84	50.49
121.20	37.54	51.25
121.80	37.30	52.03
122.40	36.95	51.51
123.00	36.73	51.10
123.60	36.30	52.24
124.20	36.56	51.19
124.80	36.82	50.37
125.40	37.04	52.32
126.00	37.76	52.51
126.60	38.35	52.61
127.20	37.25	52.62
127.80	36.68	52.58
128.40	37.23	52.42
129.00	36.68	52.25
129.60	36.94	52.34
130.20	39.40	53.33
130.80	38.74	53.66
131.40	38.19	53.84
132.00	37.61	53.79
132.60	37.31	53.27
133.20	37.35	52.96
133.80	39.31	54.08
134.40	38.99	54.23
135.00	38.61	54.26
135.60	39.22	54.12
136.20	39.32	53.99
136.80	37.75	52.53
137.40	38.75	53.60
138.00	39.44	54.40
138.60	38.69	54.34
139.20	39.94	54.89
139.80	40.73	55.52
140.40	38.71	53.30
141.00	39.42	54.77
141.60	39.87	55.83
142.20	39.35	55.83
142.80	39.64	55.82
143.40	40.01	56.17
144.00	37.40	54.83
144.60	38.71	54.10
145.20	39.76	54.98
145.80	39.21	55.00
146.40	38.75	54.95
147.00	37.04	55.04
147.60	37.50	54.04
148.20	38.02	53.15
148.80	36.50	54.17
149.40	38.02	54.88
150.00	39.56	55.96
150.60	38.73	55.21
151.20	38.46	54.83
151.80	39.01	54.83
152.40	39.37	55.57
153.00	39.42	55.95
153.60	39.46	56.36
154.20	38.35	55.24
154.80	37.82	54.46
155.40	38.12	55.12
156.00	39.38	55.20
156.60	40.19	55.16
157.20	37.33	55.37
157.80	37.45	55.34
158.40	37.62	54.43
159.00	37.63	55.04
159.60	38.12	55.35
160.20	38.29	55.30
160.80	41.05	55.09
161.40	38.50	54.77
162.00	36.37	52.87
162.60	38.03	53.79
163.20	39.20	54.36
163.80	40.64	54.59
164.40	39.12	54.42
165.00	38.62	54.31
165.60	40.53	54.82
166.20	38.09	54.14
166.80	40.18	54.21
167.40	41.62	55.92
168.00	42.54	56.46
168.60	41.72	56.91
169.20	41.00	57.95
169.80	41.43	57.15
170.40	40.42	56.83
171.00	39.56	57.08
171.60	41.77	57.57
172.20	40.94	57.84
172.80	40.33	57.97
173.40	40.99	57.70
174.00	40.94	57.56
174.60	40.87	57.10
175.20	41.59	58.55
175.80	41.72	58.33
176.40	42.05	58.21
177.00	37.83	59.15
177.60	40.75	57.66
178.20	42.54	57.16
178.80	41.98	59.59
179.40	42.90	61.89
180.00	42.85	61.84
180.60	42.49	61.77
181.20	39.63	60.86
181.80	40.47	61.35
182.40	40.64	61.47
183.00	37.13	60.11
183.60	38.25	59.58
184.20	39.31	59.45
184.80	36.20	57.84
185.40	37.05	56.92
186.00	37.88	57.13
186.60	37.82	57.36
187.20	37.89	57.55
187.80	39.12	58.15
188.40	38.16	57.70
189.00	38.21	57.68
189.60	40.05	59.14
190.20	40.58	59.34
190.80	40.51	59.31
191.40	38.90	58.90
192.00	38.57	58.30
192.60	40.42	58.32
193.20	41.81	59.98
193.80	38.73	59.59
194.40	38.64	59.17
195.00	38.69	59.44
195.60	38.60	58.02
196.20	38.69	57.19
196.80	39.88	57.47
197.40	39.04	58.02
198.00	38.62	58.34
198.60	39.35	57.68
199.20	35.78	57.41
199.80	39.59	57.74
200.40	42.08	59.55
201.00	42.86	59.13
201.60	41.03	59.15
202.20	39.82	59.37
202.80	39.06	57.47
203.40	40.05	59.00
204.00	40.36	59.91
204.60	39.86	60.00
205.20	39.87	59.49
205.80	37.79	58.95
206.40	36.28	57.59
207.00	36.48	58.07
207.60	37.21	58.14
208.20	37.54	57.96
208.80	39.75	56.99
209.40	37.34	56.28
210.00	35.16	55.66
210.60	36.76	55.70
211.20	37.55	55.59
211.80	36.90	55.21
212.40	36.85	54.75
213.00	36.90	54.32
