  0.00000	 70.45588	 64.73000
  0.60000	 70.19295	 64.56000
  1.20000	 70.44748	 64.78000
  1.80000	 67.01409	 62.18000
  2.40000	 64.83262	 60.49000
  3.00000	 62.16430	 58.40000
  3.60000	 62.00809	 58.20000
  4.20000	 67.63709	 62.43000
  4.80000	 68.63784	 63.20000
  5.40000	 68.96785	 63.47000
  6.00000	 69.41146	 63.83000
  6.60000	 69.06514	 63.59000
  7.20000	 70.46579	 64.68000
  7.80000	 72.47132	 66.25000
  8.40000	 73.19063	 66.86000
  9.00000	 70.21729	 64.65000
  9.60000	 67.96882	 62.95000
 10.20000	 66.07533	 61.49000
 10.80000	 67.86058	 62.82000
 11.40000	 64.99714	 60.62000
 12.00000	 63.12368	 59.14000
 12.60000	 63.27813	 59.19000
 13.20000	 61.61933	 57.86000
 13.80000	 63.17263	 58.97000
 14.40000	 63.76304	 59.37000
 15.00000	 62.62563	 58.46000
 15.60000	 61.88307	 57.84000
 16.20000	 64.63825	 59.89000
 16.80000	 64.33334	 59.64000
 17.40000	 64.34566	 59.63000
 18.00000	 65.15317	 60.23000
 18.60000	 64.27174	 59.55000
 19.20000	 67.84921	 62.27000
 19.80000	 67.11463	 61.74000
 20.40000	 66.80113	 61.52000
 21.00000	 65.84155	 60.80000
 21.60000	 65.74972	 60.73000
 22.20000	 68.11690	 62.54000
 22.80000	 69.04417	 63.28000
 23.40000	 68.12833	 62.62000
 24.00000	 66.89263	 61.70000
 24.60000	 66.04701	 61.06000
 25.20000	 67.90949	 62.48000
 25.80000	 68.91560	 63.27000
 26.40000	 69.30490	 63.60000
 27.00000	 68.46192	 62.99000
 27.60000	 67.82011	 62.52000
 28.20000	 68.01508	 62.68000
 28.80000	 68.93975	 63.40000
 29.40000	 71.16975	 65.13000
 30.00000	 69.10212	 63.60000
 30.60000	 69.40226	 63.85000
 31.20000	 69.12416	 63.66000
 31.80000	 68.70939	 63.36000
 32.40000	 69.50613	 63.98000
 33.00000	 68.42090	 63.17000
 33.60000	 66.68995	 61.85000
 34.20000	 66.45356	 61.65000
 34.80000	 68.70292	 63.35000
 35.40000	 67.86549	 62.72000
 36.00000	 67.78867	 62.66000
 36.60000	 65.53024	 60.93000
 37.20000	 67.74200	 62.59000
 37.80000	 68.82720	 63.42000
 38.40000	 66.18124	 61.41000
 39.00000	 67.37335	 62.30000
 39.60000	 66.69956	 61.78000
 40.20000	 65.85402	 61.12000
 40.80000	 64.47293	 60.04000
 41.40000	 64.56446	 60.07000
 42.00000	 63.14726	 58.95000
 42.60000	 64.19544	 59.70000
 43.20000	 64.33137	 59.77000
 43.80000	 63.15440	 58.84000
 44.40000	 62.59622	 58.37000
 45.00000	 62.09577	 57.94000
 45.60000	 61.65162	 57.55000
 46.20000	 61.40626	 57.31000
 46.80000	 60.91159	 56.88000
 47.40000	 59.97596	 56.11000
 48.00000	 59.48255	 55.67000
 48.60000	 59.56663	 55.67000
 49.20000	 60.16565	 56.07000
 49.80000	 57.18000	 53.74000
 50.40000	 60.41126	 56.13000
 51.00000	 62.53244	 57.72000
 51.60000	 62.39121	 57.61000
 52.20000	 62.25217	 57.50000
 52.80000	 63.10858	 58.15000
 53.40000	 65.68801	 60.13000
 54.00000	 66.95527	 61.14000
 54.60000	 66.34834	 60.73000
 55.20000	 67.39125	 61.57000
 55.80000	 69.97571	 63.60000
 56.40000	 72.45505	 65.58000
 57.00000	 78.86000	 70.59000
 57.60000	 71.60967	 65.23000
 58.20000	 70.33378	 64.33000
 58.80000	 69.07492	 63.42000
 59.40000	 67.24209	 62.05000
 60.00000	 68.59457	 63.09000
 60.60000	 65.34923	 60.63000
 61.20000	 62.67242	 58.56000
 61.80000	 61.25573	 57.42000
 62.40000	 62.09332	 57.99000
 63.00000	 63.51055	 59.02000
 63.60000	 60.81946	 56.93000
 64.20000	 61.04770	 57.04000
 64.80000	 61.64463	 57.44000
 65.40000	 62.33005	 57.92000
 66.00000	 64.85515	 59.82000
 66.60000	 64.65350	 59.67000
 67.20000	 65.76280	 60.52000
 67.80000	 64.46093	 59.54000
 68.40000	 64.21590	 59.35000
 69.00000	 65.75259	 60.52000
 69.60000	 67.62795	 61.97000
 70.20000	 64.30907	 59.47000
 70.80000	 64.88166	 59.90000
 71.40000	 65.31286	 60.23000
 72.00000	 65.42285	 60.32000
 72.60000	 67.08695	 61.60000
 73.20000	 63.36363	 58.78000
 73.80000	 64.25667	 59.44000
 74.40000	 64.60912	 59.70000
 75.00000	 64.64073	 59.72000
 75.60000	 63.57339	 58.90000
 76.20000	 62.68114	 58.20000
 76.80000	 62.03801	 57.68000
 77.40000	 60.77589	 56.68000
 78.00000	 62.12039	 57.66000
 78.60000	 63.31901	 58.55000
 79.20000	 62.32421	 57.78000
 79.80000	 61.85556	 57.40000
 80.40000	 60.97469	 56.70000
 81.00000	 62.26328	 57.65000
 81.60000	 65.73487	 60.29000
 82.20000	 63.56304	 58.66000
 82.80000	 62.47774	 57.83000
 83.40000	 62.23493	 57.63000
 84.00000	 63.19749	 58.35000
 84.60000	 66.15459	 60.61000
 85.20000	 68.53710	 62.47000
 85.80000	 66.88201	 61.27000
 86.40000	 67.13145	 61.50000
 87.00000	 71.62861	 64.98000
 87.60000	 71.42427	 64.92000
 88.20000	 70.71014	 64.46000
 88.80000	 68.82764	 63.09000
 89.40000	 67.31176	 61.97000
 90.00000	 66.96350	 61.72000
 90.60000	 68.74053	 63.09000
 91.20000	 67.42905	 62.12000
 91.80000	 66.01298	 61.05000
 92.40000	 63.90404	 59.43000
 93.00000	 62.88998	 58.62000
 93.60000	 63.83781	 59.30000
 94.20000	 64.99993	 60.16000
 94.80000	 65.22389	 60.32000
 95.40000	 70.37055	 64.25000
 96.00000	 66.85223	 61.62000
 96.60000	 64.51222	 59.84000
 97.20000	 65.70407	 60.73000
 97.80000	 66.10187	 61.03000
 98.40000	 65.93022	 60.90000
 99.00000	 63.27817	 58.87000
 99.60000	 63.15570	 58.74000
100.20000	 62.36520	 58.10000
100.80000	 60.26476	 56.45000
101.40000	 62.53620	 58.12000
102.00000	 63.99017	 59.20000
102.60000	 64.43517	 59.53000
103.20000	 65.14582	 60.07000
103.80000	 64.57581	 59.64000
104.40000	 65.07506	 60.02000
105.00000	 62.78132	 58.27000
105.60000	 67.41642	 61.79000
106.20000	 64.92298	 59.92000
106.80000	 65.66591	 60.49000
107.40000	 65.84716	 60.64000
108.00000	 64.96761	 59.98000
108.60000	 64.79743	 59.85000
109.20000	 66.35564	 61.04000
109.80000	 65.83436	 60.66000
110.40000	 64.74886	 59.84000
111.00000	 63.06899	 58.55000
111.60000	 64.73797	 59.80000
112.20000	 64.49303	 59.61000
112.80000	 65.85978	 60.65000
113.40000	 70.48300	 64.20000
114.00000	 64.60934	 59.78000
114.60000	 64.88401	 59.98000
115.20000	 64.72174	 59.85000
115.80000	 63.79051	 59.13000
116.40000	 64.92689	 59.98000
117.00000	 59.81976	 56.07000
117.60000	 60.35644	 56.41000
118.20000	 58.36724	 54.83000
118.80000	 57.74007	 54.27000
119.40000	 59.14187	 55.26000
120.00000	 60.41952	 56.18000
120.60000	 60.53193	 56.23000
121.20000	 59.67148	 55.54000
121.80000	 61.59388	 56.97000
122.40000	 63.60946	 58.50000
123.00000	 64.58220	 59.26000
123.60000	 64.63761	 59.33000
124.20000	 63.43997	 58.44000
124.80000	 62.69716	 57.88000
125.40000	 68.39910	 62.24000
126.00000	 70.91679	 64.24000
126.60000	 68.30014	 62.34000
127.20000	 66.53650	 61.05000
127.80000	 65.47623	 60.27000
128.40000	 65.82314	 60.55000
129.00000	 68.26995	 62.44000
129.60000	 64.87241	 59.89000
130.20000	 62.91135	 58.39000
130.80000	 63.29815	 58.66000
131.40000	 63.11365	 58.50000
132.00000	 65.29631	 60.15000
132.60000	 64.61564	 59.64000
133.20000	 64.40531	 59.48000
133.80000	 64.61702	 59.64000
134.40000	 64.94250	 59.89000
135.00000	 67.34070	 61.73000
135.60000	 67.09652	 61.58000
136.20000	 66.06286	 60.82000
136.80000	 65.45550	 60.37000
137.40000	 65.78826	 60.63000
138.00000	 64.93940	 59.99000
138.60000	 65.38722	 60.33000
139.20000	 63.08209	 58.57000
139.80000	 61.57556	 57.39000
140.40000	 61.29513	 57.13000
141.00000	 60.85823	 56.75000
141.60000	 61.03870	 56.84000
142.20000	 62.30920	 57.77000
142.80000	 63.22658	 58.45000
143.40000	 63.56369	 58.70000
144.00000	 62.29944	 57.73000
144.60000	 66.52061	 60.94000
145.20000	 65.75166	 60.39000
145.80000	 65.01286	 59.85000
146.40000	 64.27641	 59.30000
147.00000	 62.70453	 58.10000
147.60000	 64.92477	 59.78000
148.20000	 63.99363	 59.08000
148.80000	 63.31515	 58.56000
149.40000	 62.79221	 58.15000
150.00000	 62.00290	 57.53000
150.60000	 62.89884	 58.19000
151.20000	 63.39759	 58.56000
151.80000	 63.52048	 58.65000
152.40000	 63.86302	 58.91000
153.00000	 62.44785	 57.83000
153.60000	 66.95263	 61.26000
154.20000	 68.09654	 62.18000
154.80000	 68.76739	 62.75000
155.40000	 68.72636	 62.78000
156.00000	 69.55486	 63.47000
156.60000	 70.13929	 63.98000
157.20000	 70.36690	 64.22000
157.80000	 68.08749	 62.54000
158.40000	 68.20695	 62.66000
159.00000	 68.00050	 62.53000
159.60000	 67.34296	 62.05000
160.20000	 67.23510	 61.98000
160.80000	 65.03904	 60.31000
161.40000	 64.33311	 59.75000
162.00000	 63.92512	 59.41000
162.60000	 63.66525	 59.18000
163.20000	 64.83154	 60.04000
163.80000	 64.34042	 59.65000
164.40000	 63.21589	 58.77000
165.00000	 63.74287	 59.14000
165.60000	 64.29660	 59.54000
166.20000	 64.38081	 59.59000
166.80000	 64.48824	 59.66000
167.40000	 64.04358	 59.31000
168.00000	 64.63829	 59.75000
168.60000	 65.14274	 60.13000
169.20000	 65.45479	 60.37000
169.80000	 64.27141	 59.47000
170.40000	 63.69736	 59.02000
171.00000	 62.66171	 58.21000
171.60000	 64.49183	 59.58000
172.20000	 66.05182	 60.77000
172.80000	 63.32307	 58.70000
173.40000	 63.54532	 58.85000
174.00000	 63.67029	 58.93000
174.60000	 63.68694	 58.93000
175.20000	 63.63667	 58.88000
175.80000	 64.29195	 59.37000
176.40000	 62.62112	 58.09000
177.00000	 62.96598	 58.33000
177.60000	 63.18486	 58.48000
178.20000	 63.30667	 58.56000
178.80000	 62.87605	 58.22000
179.40000	 63.64133	 58.79000
180.00000	 64.02576	 59.08000
180.60000	 64.58605	 59.51000
181.20000	 64.40473	 59.38000
181.80000	 66.93312	 61.32000
182.40000	 67.61425	 61.88000
183.00000	 69.38531	 63.28000
183.60000	 68.56808	 62.72000
184.20000	 68.49047	 62.71000
184.80000	 69.21653	 63.31000
185.40000	 70.33961	 64.22000
186.00000	 69.08234	 63.32000
186.60000	 68.17990	 62.67000
187.20000	 66.94435	 61.75000
187.80000	 68.68694	 63.09000
188.40000	 68.07327	 62.65000
189.00000	 67.38169	 62.14000
189.60000	 66.39038	 61.39000
190.20000	 65.92696	 61.03000
190.80000	 65.20969	 60.47000
191.40000	 64.21623	 59.69000
192.00000	 62.17934	 58.10000
192.60000	 60.84140	 57.02000
193.20000	 58.52778	 55.18000
193.80000	 62.12946	 57.84000
194.40000	 59.81617	 56.03000
195.00000	 58.70233	 55.11000
195.60000	 58.13707	 54.60000
196.20000	 58.64575	 54.91000
196.80000	 59.12459	 55.21000
197.40000	 60.30732	 56.06000
198.00000	 59.22880	 55.20000
198.60000	 58.70143	 54.75000
199.20000	 58.77988	 54.76000
199.80000	 59.81923	 55.51000
200.40000	 59.89483	 55.54000
201.00000	 60.07086	 55.65000
201.60000	 60.29363	 55.80000
202.20000	 59.59549	 55.25000
202.80000	 62.51552	 57.46000
203.40000	 61.42180	 56.64000
204.00000	 59.53829	 55.20000
204.60000	 61.22997	 56.47000
205.20000	 62.26241	 57.26000
205.80000	 62.67557	 57.59000
206.40000	 62.18099	 57.23000
207.00000	 62.69025	 57.63000
207.60000	 65.64905	 59.91000
208.20000	 70.75389	 63.87000
208.80000	 70.65135	 63.91000
209.40000	 71.79097	 64.89000
210.00000	 74.17640	 66.83000
210.60000	 75.51224	 67.99000
211.20000	 72.64277	 65.94000
211.80000	 71.60237	 65.24000
212.40000	 70.31532	 64.33000
