  0.00000	 68.91295	 64.73000
  0.60000	 68.94347	 64.56000
  1.20000	 69.13761	 64.78000
  1.80000	 68.19718	 62.18000
  2.40000	 68.53738	 60.49000
  3.00000	 68.35238	 58.40000
  3.60000	 68.96189	 58.20000
  4.20000	 70.62509	 62.43000
  4.80000	 69.09477	 63.20000
  5.40000	 68.84429	 63.47000
  6.00000	 69.06108	 63.83000
  6.60000	 68.88453	 63.59000
  7.20000	 69.54213	 64.68000
  7.80000	 69.83183	 66.25000
  8.40000	 69.34166	 66.86000
  9.00000	 67.84780	 64.65000
  9.60000	 68.09727	 62.95000
 10.20000	 68.35126	 61.49000
 10.80000	 69.91722	 62.82000
 11.40000	 67.88530	 60.62000
 12.00000	 67.93280	 59.14000
 12.60000	 68.96517	 59.19000
 13.20000	 68.18582	 57.86000
 13.80000	 69.53368	 58.97000
 14.40000	 69.24680	 59.37000
 15.00000	 68.19543	 58.46000
 15.60000	 68.22499	 57.84000
 16.20000	 70.20577	 59.89000
 16.80000	 68.91544	 59.64000
 17.40000	 68.69281	 59.63000
 18.00000	 69.18552	 60.23000
 18.60000	 68.37131	 59.55000
 19.20000	 70.82015	 62.27000
 19.80000	 68.87606	 61.74000
 20.40000	 68.50326	 61.52000
 21.00000	 68.14858	 60.80000
 21.60000	 68.69653	 60.73000
 22.20000	 70.47976	 62.54000
 22.80000	 70.00373	 63.28000
 23.40000	 68.48885	 62.62000
 24.00000	 67.83496	 61.70000
 24.60000	 68.05604	 61.06000
 25.20000	 70.10309	 62.48000
 25.80000	 70.17089	 63.27000
 26.40000	 69.57011	 63.60000
 27.00000	 68.41983	 62.99000
 27.60000	 68.21652	 62.52000
 28.20000	 68.89358	 62.68000
 28.80000	 69.75200	 63.40000
 29.40000	 71.01262	 65.13000
 30.00000	 68.14338	 63.60000
 30.60000	 68.70837	 63.85000
 31.20000	 68.70365	 63.66000
 31.80000	 68.64040	 63.36000
 32.40000	 69.58619	 63.98000
 33.00000	 68.48594	 63.17000
 33.60000	 67.40469	 61.85000
 34.20000	 68.19910	 61.65000
 34.80000	 70.69417	 63.35000
 35.40000	 69.22035	 62.72000
 36.00000	 68.93167	 62.66000
 36.60000	 66.98040	 60.93000
 37.20000	 69.89111	 62.59000
 37.80000	 70.50771	 63.42000
 38.40000	 67.41415	 61.41000
 39.00000	 69.08937	 62.30000
 39.60000	 68.50175	 61.78000
 40.20000	 68.00216	 61.12000
 40.80000	 67.28721	 60.04000
 41.40000	 68.27107	 60.07000
 42.00000	 67.49030	 58.95000
 42.60000	 69.23471	 59.70000
 43.20000	 69.35437	 59.77000
 43.80000	 68.05819	 58.84000
 44.40000	 67.81908	 58.37000
 45.00000	 67.79259	 57.94000
 45.60000	 67.86677	 57.55000
 46.20000	 68.10356	 57.31000
 46.80000	 67.98704	 56.88000
 47.40000	 67.45602	 56.11000
 48.00000	 67.53892	 55.67000
 48.60000	 68.15724	 55.67000
 49.20000	 69.01405	 56.07000
 49.80000	 65.97378	 53.74000
 50.40000	 70.08436	 56.13000
 51.00000	 71.70512	 57.72000
 51.60000	 70.26337	 57.61000
 52.20000	 69.13814	 57.50000
 52.80000	 69.43008	 58.15000
 53.40000	 71.45833	 60.13000
 54.00000	 71.51013	 61.14000
 54.60000	 69.56265	 60.73000
 55.20000	 69.94162	 61.57000
 55.80000	 71.92039	 63.60000
 56.40000	 73.21810	 65.58000
 57.00000	 78.08453	 70.59000
 57.60000	 67.19316	 65.23000
 58.20000	 65.65565	 64.33000
 58.80000	 65.18641	 63.42000
 59.40000	 64.66291	 62.05000
 60.00000	 67.86498	 63.09000
 60.60000	 65.37978	 60.63000
 61.20000	 64.05369	 58.56000
 61.80000	 64.46460	 57.42000
 62.40000	 67.20099	 57.99000
 63.00000	 69.74212	 59.02000
 63.60000	 66.95641	 56.93000
 64.20000	 67.78626	 57.04000
 64.80000	 68.78012	 57.44000
 65.40000	 69.54425	 57.92000
 66.00000	 72.01493	 59.82000
 66.60000	 70.79627	 59.67000
 67.20000	 71.15466	 60.52000
 67.80000	 68.77939	 59.54000
 68.40000	 68.14754	 59.35000
 69.00000	 69.76630	 60.52000
 69.60000	 71.48707	 61.97000
 70.20000	 67.04391	 59.47000
 70.80000	 67.86878	 59.90000
 71.40000	 68.52410	 60.23000
 72.00000	 68.72807	 60.32000
 72.60000	 70.61979	 61.60000
 73.20000	 66.05024	 58.78000
 73.80000	 67.55828	 59.44000
 74.40000	 68.29017	 59.70000
 75.00000	 68.51456	 59.72000
 75.60000	 67.41648	 58.90000
 76.20000	 66.70789	 58.20000
 76.80000	 66.44774	 57.68000
 77.40000	 65.56897	 56.68000
 78.00000	 67.84727	 57.66000
 78.60000	 69.54687	 58.55000
 79.20000	 68.32511	 57.78000
 79.80000	 67.81521	 57.40000
 80.40000	 66.90926	 56.70000
 81.00000	 68.67019	 57.65000
 81.60000	 72.65610	 60.29000
 82.20000	 69.36852	 58.66000
 82.80000	 67.74724	 57.83000
 83.40000	 67.42576	 57.63000
 84.00000	 68.64313	 58.35000
 84.60000	 72.02249	 60.61000
 85.20000	 74.14665	 62.47000
 85.80000	 71.09617	 61.27000
 86.40000	 70.64293	 61.50000
 87.00000	 75.27295	 64.98000
 87.60000	 73.72491	 64.92000
 88.20000	 71.72282	 64.46000
 88.80000	 68.69312	 63.09000
 89.40000	 66.67251	 61.97000
 90.00000	 66.50852	 61.72000
 90.60000	 69.02918	 63.09000
 91.20000	 67.62377	 62.12000
 91.80000	 66.26729	 61.05000
 92.40000	 64.31652	 59.43000
 93.00000	 63.99175	 58.62000
 93.60000	 66.10368	 59.30000
 94.20000	 68.19224	 60.16000
 94.80000	 68.80095	 60.32000
 95.40000	 75.03281	 64.25000
 96.00000	 70.02574	 61.62000
 96.60000	 66.88066	 59.84000
 97.20000	 68.39947	 60.73000
 97.80000	 68.88418	 61.03000
 98.40000	 68.64403	 60.90000
 99.00000	 65.48032	 58.87000
 99.60000	 65.75821	 58.74000
100.20000	 65.29438	 58.10000
100.80000	 63.36178	 56.45000
101.40000	 66.91994	 58.12000
102.00000	 69.09084	 59.20000
102.60000	 69.68800	 59.53000
103.20000	 70.40977	 60.07000
103.80000	 69.42547	 59.64000
104.40000	 69.78411	 60.02000
105.00000	 66.74886	 58.27000
105.60000	 72.39331	 61.79000
106.20000	 68.87169	 59.92000
106.80000	 69.56182	 60.49000
107.40000	 69.53832	 60.64000
108.00000	 68.25290	 59.98000
108.60000	 67.98459	 59.85000
109.20000	 69.86999	 61.04000
109.80000	 69.05988	 60.66000
110.40000	 67.63362	 59.84000
111.00000	 65.66187	 58.55000
111.60000	 67.99382	 59.80000
112.20000	 67.81497	 59.61000
112.80000	 69.57368	 60.65000
113.40000	 75.05361	 64.20000
114.00000	 67.18807	 59.78000
114.60000	 67.47923	 59.98000
115.20000	 67.32408	 59.85000
115.80000	 66.30872	 59.13000
116.40000	 67.93517	 59.98000
117.00000	 61.85775	 56.07000
117.60000	 63.24233	 56.41000
118.20000	 61.52619	 54.83000
118.80000	 61.64814	 54.27000
119.40000	 64.23515	 55.26000
120.00000	 66.38264	 56.18000
120.60000	 66.80682	 56.23000
121.20000	 65.90195	 55.54000
121.80000	 68.39955	 56.97000
122.40000	 70.73336	 58.50000
123.00000	 71.49996	 59.26000
123.60000	 71.00110	 59.33000
124.20000	 68.98702	 58.44000
124.80000	 67.72801	 57.88000
125.40000	 74.49101	 62.24000
126.00000	 76.77608	 64.24000
126.60000	 72.50276	 62.34000
127.20000	 69.62274	 61.05000
127.80000	 67.94867	 60.27000
128.40000	 68.25171	 60.55000
129.00000	 71.17500	 62.44000
129.60000	 66.73039	 59.89000
130.20000	 64.42196	 58.39000
130.80000	 65.25329	 58.66000
131.40000	 65.36731	 58.50000
132.00000	 68.36517	 60.15000
132.60000	 67.57867	 59.64000
133.20000	 67.37569	 59.48000
133.80000	 67.68627	 59.64000
134.40000	 68.09862	 59.89000
135.00000	 71.00290	 61.73000
135.60000	 70.40946	 61.58000
136.20000	 68.85743	 60.82000
136.80000	 67.95678	 60.37000
137.40000	 68.31088	 60.63000
138.00000	 67.21093	 59.99000
138.60000	 67.79977	 60.33000
139.20000	 64.97336	 58.57000
139.80000	 63.34823	 57.39000
140.40000	 63.38093	 57.13000
141.00000	 63.22983	 56.75000
141.60000	 63.83404	 56.84000
142.20000	 65.70849	 57.77000
142.80000	 66.97070	 58.45000
143.40000	 67.37641	 58.70000
144.00000	 65.73953	 57.73000
144.60000	 70.96732	 60.94000
145.20000	 69.66730	 60.39000
145.80000	 68.45714	 59.85000
146.40000	 67.34358	 59.30000
147.00000	 65.29778	 58.10000
147.60000	 68.10235	 59.78000
148.20000	 66.84256	 59.08000
148.80000	 65.96445	 58.56000
149.40000	 65.34078	 58.15000
150.00000	 64.43209	 57.53000
150.60000	 65.66907	 58.19000
151.20000	 66.33194	 58.56000
151.80000	 66.46965	 58.65000
152.40000	 66.85666	 58.91000
153.00000	 65.03027	 57.83000
153.60000	 70.65944	 61.26000
154.20000	 71.78772	 62.18000
154.80000	 72.24174	 62.75000
155.40000	 71.79148	 62.78000
156.00000	 72.47167	 63.47000
156.60000	 72.84267	 63.98000
157.20000	 72.77868	 64.22000
157.80000	 69.62525	 62.54000
158.40000	 69.65938	 62.66000
159.00000	 69.31956	 62.53000
159.60000	 68.45055	 62.05000
160.20000	 68.32105	 61.98000
160.80000	 65.59679	 60.31000
161.40000	 64.86673	 59.75000
162.00000	 64.54332	 59.41000
162.60000	 64.40785	 59.18000
163.20000	 66.04425	 60.04000
163.80000	 65.51257	 59.65000
164.40000	 64.19194	 58.77000
165.00000	 64.98484	 59.14000
165.60000	 65.76530	 59.54000
166.20000	 65.90961	 59.59000
166.80000	 66.06551	 59.66000
167.40000	 65.51495	 59.31000
168.00000	 66.28546	 59.75000
168.60000	 66.90815	 60.13000
169.20000	 67.26106	 60.37000
169.80000	 65.71993	 59.47000
170.40000	 65.00249	 59.02000
171.00000	 63.73030	 58.21000
171.60000	 66.10497	 59.58000
172.20000	 68.05014	 60.77000
172.80000	 64.52226	 58.70000
173.40000	 64.83028	 58.85000
174.00000	 65.00539	 58.93000
174.60000	 65.03356	 58.93000
175.20000	 64.97182	 58.88000
175.80000	 65.79852	 59.37000
176.40000	 63.66035	 58.09000
177.00000	 64.12814	 58.33000
177.60000	 64.41892	 58.48000
178.20000	 64.57341	 58.56000
178.80000	 64.02075	 58.22000
179.40000	 64.99246	 58.79000
180.00000	 65.45363	 59.08000
180.60000	 66.12435	 59.51000
181.20000	 65.83960	 59.38000
181.80000	 68.99812	 61.32000
182.40000	 69.74423	 61.88000
183.00000	 71.86490	 63.28000
183.60000	 70.66661	 62.72000
184.20000	 70.44825	 62.71000
184.80000	 71.26801	 63.31000
185.40000	 72.58673	 64.22000
186.00000	 70.86557	 63.32000
186.60000	 69.64134	 62.67000
187.20000	 68.02477	 61.75000
187.80000	 70.23228	 63.09000
188.40000	 69.40274	 62.65000
189.00000	 68.49242	 62.14000
189.60000	 67.21801	 61.39000
190.20000	 66.63739	 61.03000
190.80000	 65.73993	 60.47000
191.40000	 64.50009	 59.69000
192.00000	 61.94122	 58.10000
192.60000	 60.30298	 57.02000
193.20000	 57.42885	 55.18000
193.80000	 62.13777	 57.84000
194.40000	 59.20970	 56.03000
195.00000	 57.84201	 55.11000
195.60000	 57.18000	 54.60000
196.20000	 57.88689	 54.91000
196.80000	 58.53532	 55.21000
197.40000	 60.06857	 56.06000
198.00000	 58.68044	 55.20000
198.60000	 58.00598	 54.75000
199.20000	 58.10755	 54.76000
199.80000	 59.43431	 55.51000
200.40000	 59.50728	 55.54000
201.00000	 59.70483	 55.65000
201.60000	 59.95780	 55.80000
202.20000	 59.02262	 55.25000
202.80000	 62.74410	 57.46000
203.40000	 61.27837	 56.64000
204.00000	 58.80525	 55.20000
204.60000	 60.94720	 56.47000
205.20000	 62.22831	 57.26000
205.80000	 62.70650	 57.59000
206.40000	 62.01421	 57.23000
207.00000	 62.62061	 57.63000
207.60000	 66.38747	 59.91000
208.20000	 72.91874	 63.87000
208.80000	 72.71949	 63.91000
209.40000	 74.13645	 64.89000
210.00000	 77.17239	 66.83000
210.60000	 78.86000	 67.99000
211.20000	 75.11909	 65.94000
211.80000	 73.75554	 65.24000
212.40000	 72.07897	 64.33000
