  0.00000	 65.51354	 64.78000
  0.60000	 65.20275	 63.17000
  1.20000	 65.11843	 60.81000
  1.80000	 65.37873	 59.29000
  2.40000	 65.46107	 58.33000
  3.00000	 65.88522	 58.95000
  3.60000	 65.91687	 59.90000
  4.20000	 64.54266	 57.28000
  4.80000	 66.61959	 59.97000
  5.40000	 64.58741	 57.46000
  6.00000	 65.05203	 56.39000
  6.60000	 66.39617	 58.21000
  7.20000	 65.52517	 58.11000
  7.80000	 65.02575	 57.22000
  8.40000	 66.73208	 59.84000
  9.00000	 66.14204	 60.95000
  9.60000	 65.17239	 60.37000
 10.20000	 65.23958	 59.92000
 10.80000	 65.42728	 59.60000
 11.40000	 65.19737	 58.80000
 12.00000	 66.65707	 60.68000
 12.60000	 65.32657	 59.98000
 13.20000	 65.23209	 59.58000
 13.80000	 65.25719	 59.10000
 14.40000	 65.15315	 58.40000
 15.00000	 65.43707	 58.19000
 15.60000	 65.40773	 57.89000
 16.20000	 65.67092	 58.07000
 16.80000	 65.48994	 57.95000
 17.40000	 64.34266	 56.26000
 18.00000	 67.15999	 58.93000
 18.60000	 65.72749	 58.65000
 19.20000	 65.69723	 59.05000
 19.80000	 65.57906	 59.20000
 20.40000	 65.30015	 58.95000
 21.00000	 65.88791	 59.51000
 21.60000	 64.34047	 57.82000
 22.20000	 64.20112	 56.51000
 22.80000	 65.83063	 57.15000
 23.40000	 65.92717	 57.32000
 24.00000	 65.64054	 57.31000
 24.60000	 64.28693	 55.87000
 25.20000	 64.83246	 55.57000
 25.80000	 65.64593	 55.89000
 26.40000	 68.52321	 59.27000
 27.00000	 66.65677	 59.55000
 27.60000	 65.44926	 59.50000
 28.20000	 64.77423	 59.05000
 28.80000	 64.59198	 58.45000
 29.40000	 67.00093	 60.38000
 30.00000	 65.78305	 59.95000
 30.60000	 65.76994	 60.20000
 31.20000	 64.80217	 59.39000
 31.80000	 64.98614	 59.14000
 32.40000	 65.80027	 59.55000
 33.00000	 66.46530	 60.28000
 33.60000	 65.97012	 60.30000
 34.20000	 64.56669	 59.21000
 34.80000	 64.55572	 58.70000
 35.40000	 69.31319	 62.77000
 36.00000	 65.65585	 61.12000
 36.60000	 64.02460	 59.88000
 37.20000	 64.74628	 59.90000
 37.80000	 63.15605	 57.85000
 38.40000	 65.59131	 58.79000
 39.00000	 67.25136	 60.06000
 39.60000	 66.54104	 60.07000
 40.20000	 65.99420	 60.12000
 40.80000	 65.40174	 59.92000
 41.40000	 65.74871	 60.28000
 42.00000	 68.85339	 63.23000
 42.60000	 67.63894	 63.61000
 43.20000	 66.76746	 64.00000
 43.80000	 63.60910	 61.98000
 44.40000	 64.65370	 62.30000
 45.00000	 69.73893	 66.30000
 45.60000	 67.06501	 65.43000
 46.20000	 65.07579	 64.45000
 46.80000	 63.71240	 63.22000
 47.40000	 63.18217	 62.03000
 48.00000	 64.16565	 61.76000
 48.60000	 64.91110	 61.52000
 49.20000	 63.59423	 59.82000
 49.80000	 63.80905	 59.04000
 50.40000	 64.19277	 58.45000
 51.00000	 64.66225	 58.08000
 51.60000	 65.12253	 57.91000
 52.20000	 64.90156	 57.40000
 52.80000	 65.87091	 57.88000
 53.40000	 64.66713	 56.92000
 54.00000	 64.90817	 56.86000
 54.60000	 66.51913	 57.96000
 55.20000	 66.29214	 58.05000
 55.80000	 66.86107	 58.81000
 56.40000	 65.34903	 58.10000
 57.00000	 67.52897	 59.96000
 57.60000	 66.50664	 59.80000
 58.20000	 65.77174	 59.67000
 58.80000	 65.63864	 59.80000
 59.40000	 64.84401	 59.32000
 60.00000	 62.19188	 57.15000
 60.60000	 69.22161	 61.80000
 61.20000	 66.05995	 60.08000
 61.80000	 64.34370	 58.98000
 62.40000	 64.24298	 58.71000
 63.00000	 63.79172	 58.06000
 63.60000	 67.57789	 60.50000
 64.20000	 66.23332	 59.82000
 64.80000	 65.96308	 59.81000
 65.40000	 66.25874	 60.19000
 66.00000	 66.26645	 60.41000
 66.60000	 69.49065	 63.06000
 67.20000	 67.30821	 62.30000
 67.80000	 66.04042	 61.91000
 68.40000	 62.35014	 59.43000
 69.00000	 64.77625	 60.72000
 69.60000	 65.52430	 61.04000
 70.20000	 63.70223	 59.59000
 70.80000	 63.28141	 58.87000
 71.40000	 63.36443	 58.40000
 72.00000	 64.68061	 58.82000
 72.60000	 65.14421	 58.84000
 73.20000	 64.59502	 58.25000
 73.80000	 64.67958	 58.08000
 74.40000	 64.40989	 57.68000
 75.00000	 69.48580	 61.14000
 75.60000	 67.31646	 60.17000
 76.20000	 66.06335	 59.68000
 76.80000	 65.43751	 59.46000
 77.40000	 66.00960	 59.97000
 78.00000	 69.03168	 62.29000
 78.60000	 65.68454	 60.48000
 79.20000	 64.74956	 59.98000
 79.80000	 63.39592	 58.98000
 80.40000	 64.93831	 59.79000
 81.00000	 65.30554	 59.91000
 81.60000	 63.50032	 58.54000
 82.20000	 62.59094	 57.57000
 82.80000	 61.02706	 55.97000
 83.40000	 65.02161	 58.06000
 84.00000	 67.07373	 59.26000
 84.60000	 67.78135	 59.87000
 85.20000	 66.97478	 59.61000
 85.80000	 66.26640	 59.39000
 86.40000	 66.89751	 60.04000
 87.00000	 69.57613	 62.20000
 87.60000	 73.07206	 65.28000
 88.20000	 63.95776	 60.01000
 88.80000	 67.22059	 62.40000
 89.40000	 69.73277	 64.49000
 90.00000	 73.49889	 67.74000
 90.60000	 69.33084	 65.94000
 91.20000	 64.36723	 63.19000
 91.80000	 61.29991	 61.12000
 92.40000	 59.70521	 59.56000
 93.00000	 60.21514	 59.12000
 93.60000	 60.99983	 58.81000
 94.20000	 59.27083	 56.80000
 94.80000	 56.78889	 54.08000
 95.40000	 57.79467	 53.48000
 96.00000	 60.67600	 54.24000
 96.60000	 62.24288	 54.42000
 97.20000	 62.47986	 53.94000
 97.80000	 62.34905	 53.33000
 98.40000	 63.88835	 53.93000
 99.00000	 66.95213	 55.79000
 99.60000	 65.78245	 55.12000
100.20000	 66.01786	 55.40000
100.80000	 65.80526	 55.43000
101.40000	 65.99837	 55.74000
102.00000	 67.74041	 57.14000
102.60000	 66.07225	 56.38000
103.20000	 67.14805	 57.37000
103.80000	 64.65146	 56.00000
104.40000	 63.61140	 55.39000
105.00000	 64.81912	 56.17000
105.60000	 62.91237	 54.89000
106.20000	 62.92865	 54.74000
106.80000	 62.99368	 54.59000
107.40000	 67.40765	 57.40000
108.00000	 69.24168	 58.86000
108.60000	 69.93146	 59.79000
109.20000	 69.12985	 59.84000
109.80000	 67.53412	 59.32000
110.40000	 68.97044	 60.72000
111.00000	 70.69453	 62.41000
111.60000	 66.49088	 60.22000
112.20000	 63.74016	 58.66000
112.80000	 62.23148	 57.63000
113.40000	 62.41594	 57.53000
114.00000	 64.24148	 58.49000
114.60000	 62.95970	 57.47000
115.20000	 62.64067	 57.01000
115.80000	 61.79604	 56.16000
116.40000	 64.55882	 57.68000
117.00000	 67.34163	 59.44000
117.60000	 67.71986	 59.85000
118.20000	 64.52541	 57.94000
118.80000	 66.19044	 59.09000
119.40000	 67.11866	 59.85000
120.00000	 68.15949	 60.77000
120.60000	 66.04928	 59.66000
121.20000	 64.24058	 58.60000
121.80000	 62.72896	 57.57000
122.40000	 62.16549	 57.02000
123.00000	 64.14105	 58.10000
123.60000	 65.16162	 58.67000
124.20000	 64.28362	 58.06000
124.80000	 64.41819	 58.09000
125.40000	 66.72860	 59.60000
126.00000	 69.12329	 61.35000
126.60000	 64.48505	 58.58000
127.20000	 63.96631	 58.27000
127.80000	 63.17811	 57.70000
128.40000	 61.28026	 56.30000
129.00000	 62.05944	 56.54000
129.60000	 61.18137	 55.70000
130.20000	 61.96925	 55.92000
130.80000	 63.26446	 56.54000
131.40000	 65.58455	 57.96000
132.00000	 66.59902	 58.70000
132.60000	 67.02750	 59.16000
133.20000	 63.72899	 57.18000
133.80000	 71.21809	 62.21000
134.40000	 68.34314	 60.79000
135.00000	 66.55418	 59.95000
135.60000	 66.18134	 59.92000
136.20000	 65.05641	 59.33000
136.80000	 68.65550	 61.80000
137.40000	 64.15079	 59.07000
138.00000	 64.94858	 59.60000
138.60000	 64.67156	 59.43000
139.20000	 64.74865	 59.47000
139.80000	 65.83022	 60.18000
140.40000	 64.21545	 59.16000
141.00000	 64.16703	 59.09000
141.60000	 62.57428	 57.98000
142.20000	 62.54262	 57.81000
142.80000	 62.26825	 57.47000
143.40000	 61.72709	 56.94000
144.00000	 61.31331	 56.47000
144.60000	 61.87090	 56.63000
145.20000	 62.87382	 57.13000
145.80000	 61.18843	 55.92000
146.40000	 62.67676	 56.74000
147.00000	 63.80106	 57.41000
147.60000	 64.60665	 57.95000
148.20000	 65.10855	 58.35000
148.80000	 64.94914	 58.35000
149.40000	 69.08258	 61.19000
150.00000	 65.36083	 59.05000
150.60000	 66.14267	 59.70000
151.20000	 64.62755	 58.85000
151.80000	 63.11218	 57.91000
152.40000	 62.32584	 57.36000
153.00000	 59.20873	 55.22000
153.60000	 57.77183	 54.03000
154.20000	 58.47461	 54.18000
154.80000	 58.78806	 54.12000
155.40000	 58.17775	 53.49000
156.00000	 59.07631	 53.85000
156.60000	 57.94938	 52.94000
157.20000	 61.95345	 55.38000
157.80000	 62.22880	 55.57000
158.40000	 62.89059	 56.05000
159.00000	 63.21888	 56.35000
159.60000	 63.42820	 56.59000
160.20000	 63.86804	 56.99000
160.80000	 63.14187	 56.64000
161.40000	 62.62273	 56.39000
162.00000	 59.11489	 54.15000
162.60000	 64.61796	 57.67000
163.20000	 63.29367	 56.94000
163.80000	 62.57654	 56.56000
164.40000	 62.59690	 56.63000
165.00000	 62.13315	 56.38000
165.60000	 64.03734	 57.66000
166.20000	 66.71649	 59.52000
166.80000	 66.44351	 59.55000
167.40000	 65.12752	 58.88000
168.00000	 64.42703	 58.55000
168.60000	 65.13144	 59.10000
169.20000	 65.33469	 59.34000
169.80000	 61.50785	 56.95000
170.40000	 58.18978	 54.75000
171.00000	 60.03454	 55.80000
171.60000	 60.95605	 56.32000
172.20000	 61.22936	 56.46000
172.80000	 60.73967	 56.12000
173.40000	 61.06511	 56.30000
174.00000	 61.39744	 56.50000
174.60000	 62.41386	 57.16000
175.20000	 61.91541	 56.87000
175.80000	 60.63948	 56.06000
176.40000	 63.60925	 57.97000
177.00000	 62.57258	 57.37000
177.60000	 61.90914	 56.98000
178.20000	 62.57283	 57.43000
178.80000	 59.75372	 55.64000
179.40000	 63.22816	 57.85000
180.00000	 63.92402	 58.36000
180.60000	 70.44317	 62.66000
181.20000	 52.52845	 51.31000
181.80000	 59.67667	 55.69000
182.40000	 73.12778	 64.35000
183.00000	 74.28000	 65.41000
183.60000	 70.26820	 63.14000
184.20000	 68.00086	 61.87000
184.80000	 69.02207	 62.65000
185.40000	 67.35855	 61.71000
186.00000	 67.57156	 61.93000
186.60000	 65.83535	 60.89000
187.20000	 62.57446	 58.82000
187.80000	 60.08439	 57.17000
188.40000	 54.83384	 53.69000
189.00000	 56.05202	 54.27000
189.60000	 55.63060	 53.84000
190.20000	 56.86039	 54.48000
190.80000	 55.46028	 53.47000
191.40000	 53.54130	 52.11000
192.00000	 52.01905	 50.98000
192.60000	 49.88000	 49.44000
193.20000	 50.12922	 49.41000
193.80000	 53.04911	 51.12000
194.40000	 53.92014	 51.59000
195.00000	 53.59255	 51.32000
195.60000	 55.94237	 52.77000
196.20000	 51.53212	 49.94000
196.80000	 53.60663	 51.19000
197.40000	 55.32540	 52.26000
198.00000	 57.37719	 53.58000
198.60000	 57.36817	 53.62000
199.20000	 58.81390	 54.59000
199.80000	 57.92343	 54.09000
200.40000	 60.31487	 55.67000
201.00000	 63.77677	 57.97000
201.60000	 65.58080	 59.26000
202.20000	 65.82236	 59.57000
202.80000	 64.57276	 58.92000
203.40000	 63.16652	 58.14000
204.00000	 63.02994	 58.14000
204.60000	 66.70495	 60.56000
205.20000	 65.81808	 60.12000
205.80000	 64.93517	 59.66000
206.40000	 64.00542	 59.15000
207.00000	 63.04197	 58.60000
207.60000	 61.75892	 57.83000
208.20000	 65.08487	 59.97000
208.80000	 63.26358	 58.88000
209.40000	 61.84702	 58.02000
210.00000	 61.32687	 57.71000
210.60000	 59.47660	 56.55000
211.20000	 59.58180	 56.61000
211.80000	 59.75952	 56.72000
212.40000	 59.99342	 56.87000
