  0.00000	 40.86824	 93.74000
  0.60000	 40.11197	 92.67000
  1.20000	 41.41469	 94.25000
  1.80000	 41.84816	 94.74000
  2.40000	 41.49977	 94.23000
  3.00000	 40.94133	 93.44000
  3.60000	 38.70456	 90.46000
  4.20000	 42.41724	 95.14000
  4.80000	 45.71589	 99.39000
  5.40000	 46.72409	100.76000
  6.00000	 48.19684	102.76000
  6.60000	 47.09978	101.46000
  7.20000	 46.69338	101.02000
  7.80000	 47.04512	101.55000
  8.40000	 47.01415	101.59000
  9.00000	 46.22585	100.64000
  9.60000	 44.69155	 98.69000
 10.20000	 43.81153	 97.54000
 10.80000	 41.41218	 94.38000
 11.40000	 40.12549	 92.59000
 12.00000	 41.57623	 94.33000
 12.60000	 42.26370	 95.13000
 13.20000	 42.06444	 94.80000
 13.80000	 41.85392	 94.45000
 14.40000	 41.21932	 93.54000
 15.00000	 39.42341	 91.09000
 15.60000	 40.36955	 92.16000
 16.20000	 42.25464	 94.50000
 16.80000	 42.65914	 94.98000
 17.40000	 43.81426	 96.46000
 18.00000	 44.26930	 97.07000
 18.60000	 43.72680	 96.39000
 19.20000	 42.41781	 94.68000
 19.80000	 44.19463	 96.96000
 20.40000	 44.15204	 96.93000
 21.00000	 43.92175	 96.65000
 21.60000	 42.75660	 95.13000
 22.20000	 41.88418	 93.94000
 22.80000	 40.76097	 92.38000
 23.40000	 40.52103	 91.93000
 24.00000	 42.46941	 94.35000
 24.60000	 43.37883	 95.50000
 25.20000	 43.77528	 96.02000
 25.80000	 42.63151	 94.53000
 26.40000	 42.20848	 93.93000
 27.00000	 42.01493	 93.61000
 27.60000	 44.05822	 96.23000
 28.20000	 44.20765	 96.46000
 28.80000	 44.46570	 96.84000
 29.40000	 43.21556	 95.24000
 30.00000	 41.95188	 93.55000
 30.60000	 41.94649	 93.45000
 31.20000	 43.37846	 95.25000
 31.80000	 44.07414	 96.16000
 32.40000	 44.36101	 96.57000
 33.00000	 43.38215	 95.32000
 33.60000	 40.81886	 91.91000
 34.20000	 43.68989	 95.54000
 34.80000	 45.10588	 97.42000
 35.40000	 45.47255	 98.00000
 36.00000	 44.63907	 97.01000
 36.60000	 43.88699	 96.07000
 37.20000	 41.20229	 92.51000
 37.80000	 41.93066	 93.30000
 38.40000	 42.99997	 94.59000
 39.00000	 44.66641	 96.75000
 39.60000	 44.04011	 95.98000
 40.20000	 44.08508	 96.06000
 40.80000	 44.91867	 97.19000
 41.40000	 45.29519	 97.77000
 42.00000	 48.52674	102.18000
 42.60000	 50.22000	104.78000
 43.20000	 50.21076	105.24000
 43.80000	 49.68829	105.01000
 44.40000	 47.61599	102.66000
 45.00000	 42.49309	 96.06000
 45.60000	 44.42922	 98.46000
 46.20000	 44.96060	 99.12000
 46.80000	 44.02761	 97.87000
 47.40000	 42.50746	 95.76000
 48.00000	 41.39173	 94.06000
 48.60000	 38.90903	 90.43000
 49.20000	 38.15000	 88.89000
 49.80000	 40.75163	 91.78000
 50.40000	 42.68427	 94.01000
 51.00000	 43.09009	 94.39000
 51.60000	 43.09490	 94.29000
 52.20000	 42.31715	 93.15000
 52.80000	 42.34357	 93.02000
 53.40000	 43.81468	 94.83000
 54.00000	 44.88964	 96.25000
 54.60000	 44.94151	 96.41000
 55.20000	 42.10534	 92.70000
 55.80000	 41.62729	 91.88000
 56.40000	 42.06414	 92.22000
 57.00000	 43.84163	 94.40000
 57.60000	 44.55326	 95.33000
 58.20000	 44.87069	 95.82000
 58.80000	 44.47301	 95.39000
 59.40000	 43.57767	 94.25000
 60.00000	 46.54375	 98.22000
 60.60000	 48.93827	101.73000
 61.20000	 48.02521	101.06000
 61.80000	 46.78212	 99.87000
 62.40000	 45.24219	 98.13000
 63.00000	 43.83578	 96.37000
 63.60000	 45.08560	 98.01000
 64.20000	 44.53071	 97.32000
 64.80000	 45.35110	 98.43000
 65.40000	 43.61095	 96.16000
 66.00000	 41.44486	 93.11000
 66.60000	 45.45296	 98.15000
 67.20000	 45.69295	 98.53000
 67.80000	 45.48032	 98.37000
 68.40000	 44.75632	 97.51000
 69.00000	 44.69293	 97.46000
 69.60000	 43.37144	 95.68000
 70.20000	 45.97406	 99.06000
 70.80000	 47.17103	100.84000
 71.40000	 47.73626	101.95000
 72.00000	 46.09287	100.16000
 72.60000	 44.87398	 98.75000
 73.20000	 42.10609	 95.04000
 73.80000	 44.10643	 97.42000
 74.40000	 45.03333	 98.54000
 75.00000	 44.95849	 98.43000
 75.60000	 44.12687	 97.30000
 76.20000	 43.21259	 95.95000
 76.80000	 42.29967	 94.46000
 77.40000	 43.69440	 95.97000
 78.00000	 45.26394	 97.89000
 78.60000	 46.47090	 99.56000
 79.20000	 46.55907	 99.92000
 79.80000	 45.23647	 98.41000
 80.40000	 42.47707	 94.76000
 81.00000	 46.05480	 99.36000
 81.60000	 46.13872	 99.63000
 82.20000	 45.41167	 98.85000
 82.80000	 43.93760	 96.96000
 83.40000	 42.42927	 94.79000
 84.00000	 40.68406	 92.02000
 84.60000	 42.54385	 93.87000
 85.20000	 43.40142	 94.56000
 85.80000	 43.53796	 94.41000
 86.40000	 42.36815	 92.52000
 87.00000	 40.77885	 89.89000
 87.60000	 42.92812	 92.13000
 88.20000	 45.40086	 95.11000
 88.80000	 45.97827	 95.92000
 89.40000	 44.73488	 94.41000
 90.00000	 43.31655	 92.52000
 90.60000	 41.90489	 90.40000
 91.20000	 44.09836	 92.97000
 91.80000	 46.05979	 95.52000
 92.40000	 46.41668	 96.22000
 93.00000	 45.73758	 95.63000
 93.60000	 42.36788	 91.26000
 94.20000	 45.53728	 95.35000
 94.80000	 47.10166	 97.66000
 95.40000	 47.11305	 98.14000
 96.00000	 46.27322	 97.52000
 96.60000	 44.54427	 95.56000
 97.20000	 44.04875	 94.99000
 97.80000	 46.40254	 98.21000
 98.40000	 46.00260	 97.98000
 99.00000	 45.92791	 98.18000
 99.60000	 44.16023	 96.03000
100.20000	 43.61905	 95.26000
100.80000	 44.42858	 96.20000
101.40000	 45.46614	 97.55000
102.00000	 45.20676	 97.29000
102.60000	 43.48804	 94.99000
103.20000	 41.99607	 92.69000
103.80000	 41.32071	 91.18000
104.40000	 41.93276	 91.24000
105.00000	 43.85714	 93.17000
105.60000	 44.82833	 94.13000
106.20000	 45.66837	 95.17000
106.80000	 44.03820	 93.01000
107.40000	 42.10275	 90.18000
108.00000	 45.66823	 94.63000
108.60000	 45.67421	 94.73000
109.20000	 45.44380	 94.60000
109.80000	 45.16339	 94.41000
110.40000	 44.56644	 93.74000
111.00000	 43.56060	 92.37000
111.60000	 46.82147	 96.75000
112.20000	 47.07676	 97.54000
112.80000	 48.60631	100.29000
113.40000	 47.97699	100.41000
114.00000	 46.33555	 99.08000
114.60000	 46.12682	 99.44000
115.20000	 47.15075	101.43000
115.80000	 48.62718	104.24000
116.40000	 48.24731	104.78000
117.00000	 45.94948	102.60000
117.60000	 44.70181	101.40000
118.20000	 40.69404	 95.89000
118.80000	 42.70061	 97.84000
119.40000	 43.39395	 98.12000
120.00000	 43.48505	 97.65000
120.60000	 41.81650	 94.70000
121.20000	 41.16683	 92.80000
121.80000	 41.18630	 91.61000
122.40000	 43.55608	 93.70000
123.00000	 46.56377	 97.26000
123.60000	 48.04043	 99.51000
124.20000	 47.95382	100.14000
124.80000	 46.15117	 98.51000
125.40000	 44.39789	 96.60000
126.00000	 44.55766	 96.94000
126.60000	 44.26760	 96.55000
127.20000	 43.61413	 95.49000
127.80000	 42.96694	 94.20000
128.40000	 41.43289	 91.37000
129.00000	 40.58976	 89.02000
129.60000	 43.11527	 91.17000
130.20000	 44.77548	 92.66000
130.80000	 45.76690	 93.75000
131.40000	 46.06772	 94.29000
132.00000	 44.40136	 92.21000
132.60000	 42.77262	 89.79000
133.20000	 45.56611	 93.30000
133.80000	 46.58158	 94.94000
134.40000	 45.94714	 94.59000
135.00000	 45.21534	 94.03000
135.60000	 42.97634	 91.04000
136.20000	 41.84583	 88.91000
136.80000	 43.68365	 90.61000
137.40000	 45.27131	 92.37000
138.00000	 45.82117	 93.16000
138.60000	 45.53188	 93.03000
139.20000	 44.88648	 92.39000
139.80000	 43.94951	 91.13000
140.40000	 46.05421	 94.07000
141.00000	 46.24082	 94.82000
141.60000	 47.28669	 97.06000
142.20000	 46.12238	 96.45000
142.80000	 44.07071	 94.18000
143.40000	 44.04309	 94.15000
144.00000	 45.78535	 96.61000
144.60000	 47.38576	 99.45000
145.20000	 46.99013	 99.99000
145.80000	 46.69438	100.72000
146.40000	 43.05458	 96.25000
147.00000	 42.80002	 95.43000
147.60000	 45.16749	 98.21000
148.20000	 46.81469	100.71000
148.80000	 45.38341	 99.27000
149.40000	 44.34909	 98.01000
150.00000	 43.73447	 96.90000
150.60000	 43.35575	 95.74000
151.20000	 45.37291	 98.04000
151.80000	 45.83749	 98.77000
152.40000	 45.38842	 98.44000
153.00000	 44.76849	 97.75000
153.60000	 45.04885	 98.21000
154.20000	 43.24504	 95.41000
154.80000	 45.69359	 98.49000
155.40000	 46.79406	100.54000
156.00000	 46.73379	101.51000
156.60000	 45.96748	101.54000
157.20000	 44.51229	100.12000
157.80000	 43.28670	 98.17000
158.40000	 42.34990	 95.72000
159.00000	 44.08661	 96.83000
159.60000	 44.81620	 97.06000
160.20000	 44.57265	 96.20000
160.80000	 44.27654	 95.24000
161.40000	 44.20698	 94.52000
162.00000	 44.19419	 93.84000
162.60000	 45.21911	 94.92000
163.20000	 46.43060	 97.06000
163.80000	 45.71680	 96.92000
164.40000	 45.70895	 97.77000
165.00000	 43.96463	 95.62000
165.60000	 43.96833	 95.21000
166.20000	 46.53845	 99.07000
166.80000	 47.31508	101.66000
167.40000	 45.64423	100.86000
168.00000	 43.51299	 98.15000
168.60000	 42.98630	 96.39000
169.20000	 43.21461	 95.07000
169.80000	 45.09097	 96.62000
170.40000	 44.83877	 95.79000
171.00000	 43.98378	 93.88000
171.60000	 43.69959	 92.34000
172.20000	 42.39235	 88.48000
172.80000	 44.69926	 90.10000
173.40000	 45.91062	 91.66000
174.00000	 46.28738	 93.20000
174.60000	 45.99831	 94.30000
175.20000	 45.53591	 95.08000
175.80000	 45.09590	 95.50000
176.40000	 44.43197	 94.91000
177.00000	 46.33806	 98.59000
177.60000	 45.98995	 99.71000
178.20000	 44.51742	 98.40000
178.80000	 44.21228	 97.74000
179.40000	 40.99842	 90.25000
180.00000	 44.45022	 92.39000
180.60000	 45.97940	 94.11000
181.20000	 46.12013	 95.35000
181.80000	 45.90586	 96.66000
182.40000	 45.11473	 96.77000
183.00000	 44.45365	 96.13000
183.60000	 44.82559	 96.65000
184.20000	 46.38090	100.16000
184.80000	 46.05968	101.76000
185.40000	 45.13081	101.83000
186.00000	 44.62366	101.44000
186.60000	 43.88885	 99.38000
187.20000	 44.83491	 99.81000
187.80000	 44.71059	 98.94000
188.40000	 44.26018	 97.15000
189.00000	 44.12979	 95.35000
189.60000	 44.14904	 93.57000
190.20000	 43.98481	 91.28000
190.80000	 45.05910	 91.93000
191.40000	 45.96183	 94.38000
192.00000	 45.49473	 95.45000
192.60000	 44.99465	 95.88000
193.20000	 44.71911	 95.83000
193.80000	 44.38380	 94.76000
194.40000	 44.55529	 94.14000
195.00000	 45.80463	 96.94000
195.60000	 45.65682	 98.73000
196.20000	 45.13947	 99.45000
196.80000	 44.80476	 99.43000
197.40000	 44.47844	 98.28000
198.00000	 44.82819	 98.14000
198.60000	 45.32202	 99.31000
199.20000	 44.70353	 98.27000
199.80000	 44.57145	 97.16000
200.40000	 43.90943	 93.51000
201.00000	 44.23853	 91.08000
201.60000	 44.43984	 89.06000
202.20000	 45.10531	 89.73000
202.80000	 45.33957	 91.52000
203.40000	 45.14878	 92.98000
204.00000	 45.07300	 94.40000
204.60000	 44.61820	 93.77000
205.20000	 44.83424	 93.94000
205.80000	 45.14279	 95.26000
206.40000	 45.07752	 96.33000
207.00000	 44.93197	 96.81000
207.60000	 44.07425	 92.71000
208.20000	 44.73811	 91.66000
208.80000	 45.12498	 92.58000
209.40000	 44.86044	 92.54000
210.00000	 44.71464	 91.84000
210.60000	 44.32874	 88.41000
211.20000	 44.78444	 87.51000
211.80000	 45.06370	 88.85000
212.40000	 44.98483	 90.43000
