  0.00000	 46.84621	 91.19000
  0.60000	 45.57702	 91.05000
  1.20000	 43.40697	 89.76000
  1.80000	 46.56013	 91.46000
  2.40000	 46.34097	 93.33000
  3.00000	 45.75034	 94.80000
  3.60000	 42.32208	 92.76000
  4.20000	 44.97612	 92.53000
  4.80000	 46.64313	 93.94000
  5.40000	 48.97661	 98.04000
  6.00000	 45.69612	 99.45000
  6.60000	 44.30899	 99.01000
  7.20000	 42.24132	 95.83000
  7.80000	 44.63929	 94.34000
  8.40000	 47.61220	 95.97000
  9.00000	 45.47860	 96.38000
  9.60000	 43.99862	 95.44000
 10.20000	 43.82201	 93.96000
 10.80000	 43.47727	 91.98000
 11.40000	 43.24478	 89.81000
 12.00000	 47.71439	 92.08000
 12.60000	 45.16995	 92.77000
 13.20000	 44.80544	 93.18000
 13.80000	 44.89092	 93.39000
 14.40000	 44.67181	 93.23000
 15.00000	 44.72667	 93.02000
 15.60000	 49.29006	 97.15000
 16.20000	 46.48223	 99.21000
 16.80000	 44.34897	 98.99000
 17.40000	 43.19801	 96.88000
 18.00000	 44.25556	 95.21000
 18.60000	 43.38331	 92.77000
 19.20000	 46.42374	 93.40000
 19.80000	 45.17306	 93.48000
 20.40000	 46.67851	 95.23000
 21.00000	 42.80219	 93.45000
 21.60000	 44.56365	 92.84000
 22.20000	 45.58315	 93.15000
 22.80000	 47.55991	 95.66000
 23.40000	 45.85130	 96.95000
 24.00000	 44.64889	 96.90000
 24.60000	 47.12049	 98.73000
 25.20000	 43.14475	 96.82000
 25.80000	 45.26331	 96.43000
 26.40000	 47.02819	 97.73000
 27.00000	 46.01538	 98.49000
 27.60000	 45.85063	 99.11000
 28.20000	 44.53313	 98.30000
 28.80000	 42.92648	 95.64000
 29.40000	 47.60413	 97.12000
 30.00000	 46.33827	 98.04000
 30.60000	 45.52271	 98.44000
 31.20000	 45.21090	 98.34000
 31.80000	 43.85924	 96.73000
 32.40000	 42.45952	 93.51000
 33.00000	 47.96985	 95.35000
 33.60000	 45.75597	 95.95000
 34.20000	 45.37755	 96.43000
 34.80000	 45.48943	 96.83000
 35.40000	 45.70936	 97.31000
 36.00000	 44.09206	 96.19000
 36.60000	 46.71961	 97.32000
 37.20000	 48.21558	100.13000
 37.80000	 45.18221	100.40000
 38.40000	 45.00360	100.05000
 39.00000	 44.64633	 98.92000
 39.60000	 44.79590	 97.75000
 40.20000	 47.53870	 99.25000
 40.80000	 46.52513	100.29000
 41.40000	 45.29454	100.25000
 42.00000	 41.89951	 96.65000
 42.60000	 44.11122	 94.52000
 43.20000	 45.31305	 93.72000
 43.80000	 46.78878	 94.94000
 44.40000	 45.68525	 95.69000
 45.00000	 44.95455	 95.79000
 45.60000	 44.41919	 95.14000
 46.20000	 45.90335	 95.69000
 46.80000	 46.56782	 97.02000
 47.40000	 47.63039	 99.56000
 48.00000	 45.41427	100.10000
 48.60000	 44.22678	 99.07000
 49.20000	 42.78894	 96.13000
 49.80000	 44.53803	 94.50000
 50.40000	 49.00086	 97.44000
 51.00000	 46.26966	 98.76000
 51.60000	 44.54124	 98.45000
 52.20000	 44.65304	 97.69000
 52.80000	 44.40522	 96.41000
 53.40000	 44.30982	 94.99000
 54.00000	 47.05262	 96.28000
 54.60000	 48.35513	 99.35000
 55.20000	 45.93802	100.54000
 55.80000	 46.94394	102.31000
 56.40000	 44.60145	101.53000
 57.00000	 43.30647	 98.98000
 57.60000	 49.07720	101.50000
 58.20000	 47.32695	103.11000
 58.80000	 43.79572	101.55000
 59.40000	 43.77025	 99.28000
 60.00000	 43.15531	 96.07000
 60.60000	 42.19053	 91.96000
 61.20000	 46.34985	 92.00000
 61.80000	 45.81266	 92.49000
 62.40000	 45.42497	 93.19000
 63.00000	 43.19055	 91.82000
 63.60000	 44.02726	 90.88000
 64.20000	 45.91454	 91.70000
 64.80000	 48.26304	 95.16000
 65.40000	 45.10183	 96.10000
 66.00000	 44.58857	 96.13000
 66.60000	 41.63278	 92.78000
 67.20000	 47.15890	 94.09000
 67.80000	 46.96040	 95.84000
 68.40000	 44.35561	 95.57000
 69.00000	 44.76061	 95.32000
 69.60000	 42.03892	 92.22000
 70.20000	 41.88526	 88.58000
 70.80000	 51.34000	 93.95000
 71.40000	 44.32238	 94.20000
 72.00000	 44.22410	 94.15000
 72.60000	 44.60054	 93.83000
 73.20000	 44.46595	 93.20000
 73.80000	 43.71690	 91.83000
 74.40000	 47.00889	 93.56000
 75.00000	 45.82582	 94.66000
 75.60000	 44.36392	 94.45000
 76.20000	 44.24020	 93.76000
 76.80000	 41.57038	 90.28000
 77.40000	 44.50058	 89.23000
 78.00000	 46.61644	 90.62000
 78.60000	 47.58307	 93.69000
 79.20000	 46.15861	 95.81000
 79.80000	 45.44227	 96.96000
 80.40000	 45.60078	 97.74000
 81.00000	 44.06556	 96.71000
 81.60000	 48.79166	 99.81000
 82.20000	 47.08423	101.75000
 82.80000	 45.45041	102.10000
 83.40000	 42.83069	 99.39000
 84.00000	 40.56777	 93.81000
 84.60000	 49.52582	 96.34000
 85.20000	 46.83675	 97.72000
 85.80000	 45.05091	 97.95000
 86.40000	 44.80397	 97.57000
 87.00000	 44.17063	 96.26000
 87.60000	 43.84703	 94.46000
 88.20000	 48.80723	 97.39000
 88.80000	 47.07246	 99.47000
 89.40000	 45.25775	 99.94000
 90.00000	 45.23303	 99.85000
 90.60000	 42.52831	 96.79000
 91.20000	 49.40881	 99.83000
 91.80000	 49.54489	103.85000
 92.40000	 44.57460	103.63000
 93.00000	 45.28913	103.22000
 93.60000	 43.97969	100.99000
 94.20000	 45.60233	100.03000
 94.80000	 46.59912	100.27000
 95.40000	 47.37231	101.69000
 96.00000	 45.14733	101.29000
 96.60000	 44.22967	 99.74000
 97.20000	 43.80402	 97.44000
 97.80000	 42.02659	 93.35000
 98.40000	 48.23094	 95.14000
 99.00000	 45.57814	 95.48000
 99.60000	 46.94948	 97.45000
100.20000	 45.34546	 97.95000
100.80000	 40.02000	 93.06000
101.40000	 48.84451	 95.64000
102.00000	 47.05401	 97.43000
102.60000	 45.82982	 98.53000
103.20000	 43.85982	 97.44000
103.80000	 44.51211	 96.40000
104.40000	 43.76518	 94.49000
105.00000	 43.78555	 92.60000
105.60000	 48.21868	 95.10000
106.20000	 45.58087	 95.91000
106.80000	 46.74767	 97.86000
107.40000	 46.36687	 99.33000
108.00000	 43.82672	 98.16000
108.60000	 46.29274	 98.76000
109.20000	 50.95547	103.87000
109.80000	 44.59239	103.64000
110.40000	 44.53263	102.60000
111.00000	 44.50764	100.81000
111.60000	 44.18788	 98.55000
112.20000	 45.19955	 97.34000
112.80000	 48.43368	 99.60000
113.40000	 45.78859	100.09000
114.00000	 44.88860	 99.65000
114.60000	 42.17248	 96.22000
115.20000	 42.04860	 92.15000
115.80000	 49.84094	 95.49000
116.40000	 45.47207	 96.07000
117.00000	 44.25255	 95.65000
117.60000	 44.64118	 95.12000
118.20000	 44.29659	 94.09000
118.80000	 45.74190	 94.42000
119.40000	 48.47447	 97.63000
120.00000	 46.31324	 99.30000
120.60000	 44.98064	 99.47000
121.20000	 43.81019	 97.93000
121.80000	 42.83311	 94.97000
122.40000	 44.98678	 93.84000
123.00000	 47.27980	 95.34000
123.60000	 44.79808	 95.20000
124.20000	 45.34848	 95.54000
124.80000	 43.22071	 93.73000
125.40000	 44.31403	 92.65000
126.00000	 44.72151	 92.02000
126.60000	 46.20689	 93.08000
127.20000	 47.72253	 95.98000
127.80000	 45.75760	 97.34000
128.40000	 46.06451	 98.67000
129.00000	 43.21569	 96.91000
129.60000	 45.33892	 96.56000
130.20000	 50.13603	100.83000
130.80000	 46.08736	102.06000
131.40000	 42.94337	 99.96000
132.00000	 44.07868	 97.99000
132.60000	 44.23731	 95.96000
133.20000	 44.06897	 94.00000
133.80000	 48.57742	 96.64000
134.40000	 45.57060	 97.29000
135.00000	 45.97330	 98.31000
135.60000	 41.91181	 95.20000
136.20000	 44.39778	 93.77000
136.80000	 49.11129	 96.95000
137.40000	 47.46188	 99.54000
138.00000	 43.86966	 98.85000
138.60000	 44.82651	 98.27000
139.20000	 45.03475	 97.53000
139.80000	 44.81807	 96.61000
140.40000	 49.89042	100.62000
141.00000	 44.75583	100.49000
141.60000	 43.81371	 99.02000
142.20000	 44.25058	 97.32000
142.80000	 43.57707	 94.88000
143.40000	 46.45512	 95.28000
144.00000	 46.41996	 96.26000
144.60000	 44.61451	 95.90000
145.20000	 42.40204	 93.22000
145.80000	 44.64905	 92.23000
146.40000	 46.03435	 92.81000
147.00000	 47.43441	 95.27000
147.60000	 46.48081	 97.24000
148.20000	 44.83443	 97.51000
148.80000	 43.03432	 95.52000
149.40000	 45.35481	 95.17000
150.00000	 46.93318	 96.50000
150.60000	 45.35927	 96.80000
151.20000	 44.58242	 96.30000
151.80000	 43.66343	 94.65000
152.40000	 41.52787	 90.73000
153.00000	 47.82684	 92.58000
153.60000	 45.40823	 93.10000
154.20000	 44.65545	 93.21000
154.80000	 44.49734	 92.95000
155.40000	 44.51517	 92.54000
156.00000	 44.33040	 91.91000
156.60000	 48.47274	 95.25000
157.20000	 46.14314	 96.96000
157.80000	 47.32327	 99.67000
158.40000	 42.98849	 97.99000
159.00000	 44.98659	 97.37000
159.60000	 45.61442	 97.16000
160.20000	 48.58576	100.02000
160.80000	 46.11840	101.06000
161.40000	 43.92105	 99.79000
162.00000	 44.35401	 98.28000
162.60000	 40.04185	 92.43000
163.20000	 48.80303	 94.51000
163.80000	 47.13325	 96.27000
164.40000	 45.99094	 97.61000
165.00000	 46.90089	 99.61000
165.60000	 43.80845	 98.47000
166.20000	 44.45965	 97.34000
166.80000	 48.61263	 99.94000
167.40000	 46.10149	100.76000
168.00000	 45.29540	100.74000
168.60000	 44.92050	 99.96000
169.20000	 43.11633	 97.20000
169.80000	 45.33800	 96.29000
170.40000	 49.06070	 99.29000
171.00000	 44.04214	 98.36000
171.60000	 44.07527	 97.08000
172.20000	 42.64216	 94.02000
172.80000	 44.84877	 92.87000
173.40000	 48.54710	 95.69000
174.00000	 46.04470	 97.04000
174.60000	 44.70136	 97.09000
175.20000	 42.26428	 94.30000
175.80000	 44.95901	 93.48000
176.40000	 46.62622	 94.50000
177.00000	 47.68925	 97.13000
177.60000	 45.60788	 98.14000
178.20000	 44.24321	 97.51000
178.80000	 43.56345	 95.67000
179.40000	 41.46251	 91.49000
180.00000	 49.42787	 94.68000
180.60000	 44.80421	 94.68000
181.20000	 44.12043	 94.12000
181.80000	 44.13778	 93.18000
182.40000	 43.04558	 91.06000
183.00000	 43.89651	 89.66000
183.60000	 47.29412	 91.73000
184.20000	 45.98310	 93.28000
184.80000	 43.77957	 92.85000
185.40000	 44.05211	 92.18000
186.00000	 42.85494	 90.10000
186.60000	 44.76066	 89.68000
187.20000	 46.43274	 91.18000
187.80000	 45.29368	 92.11000
188.40000	 42.96837	 90.82000
189.00000	 43.93455	 89.97000
189.60000	 43.26233	 88.39000
190.20000	 45.67612	 89.16000
190.80000	 47.63219	 92.25000
191.40000	 44.29105	 92.66000
192.00000	 43.48539	 91.87000
192.60000	 44.23793	 91.25000
193.20000	 42.84689	 89.22000
193.80000	 46.75576	 90.84000
194.40000	 46.05547	 92.38000
195.00000	 44.43431	 92.61000
195.60000	 41.36091	 89.56000
196.20000	 43.59797	 87.98000
196.80000	 44.40146	 87.31000
197.40000	 47.11125	 89.72000
198.00000	 45.48940	 91.24000
198.60000	 45.88963	 93.12000
199.20000	 43.25990	 92.25000
199.80000	 44.83349	 92.29000
200.40000	 45.41029	 92.77000
201.00000	 47.44961	 95.35000
201.60000	 47.37013	 98.17000
202.20000	 44.15568	 97.90000
202.80000	 47.85971	100.45000
203.40000	 43.92534	 99.25000
204.00000	 45.01639	 98.59000
204.60000	 45.45995	 98.15000
205.20000	 47.18012	 99.49000
205.80000	 47.49981	101.49000
206.40000	 44.92128	101.18000
207.00000	 44.72952	100.22000
207.60000	 42.74790	 97.01000
208.20000	 44.63300	 95.30000
208.80000	 45.72514	 94.96000
209.40000	 46.76152	 96.19000
210.00000	 45.27611	 96.46000
210.60000	 44.30421	 95.72000
211.20000	 45.61452	 95.94000
211.80000	 43.43055	 94.14000
212.40000	 45.60201	 94.23000
