  0.00000	 68.12922	 66.51000
  0.60000	 67.49398	 65.98000
  1.20000	 66.52683	 65.17000
  1.80000	 64.19321	 63.34000
  2.40000	 62.96541	 62.08000
  3.00000	 64.07656	 62.25000
  3.60000	 65.04862	 62.31000
  4.20000	 65.67281	 62.19000
  4.80000	 66.59804	 62.35000
  5.40000	 65.82575	 61.45000
  6.00000	 67.02925	 61.91000
  6.60000	 67.32246	 61.83000
  7.20000	 66.68815	 61.18000
  7.80000	 65.59017	 60.21000
  8.40000	 65.43825	 59.82000
  9.00000	 64.79135	 59.05000
  9.60000	 64.40530	 58.40000
 10.20000	 65.29259	 58.57000
 10.80000	 62.12493	 56.00000
 11.40000	 63.43815	 56.32000
 12.00000	 68.76640	 59.38000
 12.60000	 72.19289	 61.47000
 13.20000	 72.90379	 62.09000
 13.80000	 71.73404	 61.67000
 14.40000	 72.59197	 62.69000
 15.00000	 76.58506	 65.93000
 15.60000	 79.89031	 68.98000
 16.20000	 82.70931	 72.04000
 16.80000	 83.18519	 73.84000
 17.40000	 85.11730	 76.83000
 18.00000	 80.37320	 75.46000
 18.60000	 75.79332	 74.00000
 19.20000	 70.89771	 71.92000
 19.80000	 67.45857	 70.31000
 20.40000	 64.93379	 68.83000
 21.00000	 64.00039	 68.02000
 21.60000	 62.09507	 66.27000
 22.20000	 61.47323	 65.14000
 22.80000	 62.52859	 64.99000
 23.40000	 62.74180	 64.25000
 24.00000	 64.63069	 64.67000
 24.60000	 66.58953	 65.27000
 25.20000	 69.21079	 66.52000
 25.80000	 70.01829	 66.80000
 26.40000	 70.16118	 66.82000
 27.00000	 70.05272	 66.78000
 27.60000	 70.16094	 66.94000
 28.20000	 69.46015	 66.58000
 28.80000	 67.61373	 65.41000
 29.40000	 66.05738	 64.31000
 30.00000	 64.57807	 63.10000
 30.60000	 64.05596	 62.37000
 31.20000	 63.51938	 61.51000
 31.80000	 62.34099	 60.12000
 32.40000	 62.03216	 59.21000
 33.00000	 63.08694	 59.16000
 33.60000	 64.48634	 59.38000
 34.20000	 65.83995	 59.68000
 34.80000	 68.48385	 61.01000
 35.40000	 70.50636	 62.16000
 36.00000	 71.10232	 62.59000
 36.60000	 71.65339	 63.16000
 37.20000	 73.47449	 64.72000
 37.80000	 74.63347	 66.00000
 38.40000	 75.10918	 66.97000
 39.00000	 75.26973	 67.83000
 39.60000	 74.78980	 68.31000
 40.20000	 73.88136	 68.49000
 40.80000	 72.10616	 68.01000
 41.40000	 70.65530	 67.60000
 42.00000	 69.25518	 67.05000
 42.60000	 69.89103	 67.71000
 43.20000	 68.59459	 66.99000
 43.80000	 68.03279	 66.66000
 44.40000	 66.11665	 65.31000
 45.00000	 68.92025	 67.02000
 45.60000	 70.82229	 68.20000
 46.20000	 71.30059	 68.57000
 46.80000	 68.71465	 66.96000
 47.40000	 68.96605	 67.19000
 48.00000	 68.32177	 66.77000
 48.60000	 67.48670	 66.16000
 49.20000	 66.66947	 65.48000
 49.80000	 65.10947	 64.20000
 50.40000	 64.07913	 63.14000
 51.00000	 63.43565	 62.21000
 51.60000	 63.26809	 61.50000
 52.20000	 64.06564	 61.39000
 52.80000	 65.03286	 61.42000
 53.40000	 66.32441	 61.75000
 54.00000	 67.78278	 62.32000
 54.60000	 68.11479	 62.28000
 55.20000	 68.91888	 62.67000
 55.80000	 71.56982	 64.43000
 56.40000	 73.50447	 65.92000
 57.00000	 73.84085	 66.55000
 57.60000	 73.38866	 66.78000
 58.20000	 71.51750	 66.08000
 58.80000	 72.07370	 66.94000
 59.40000	 68.94827	 65.26000
 60.00000	 66.69819	 63.97000
 60.60000	 66.55478	 63.87000
 61.20000	 65.76849	 63.19000
 61.80000	 65.78781	 62.94000
 62.40000	 66.30410	 62.97000
 63.00000	 68.05865	 63.85000
 63.60000	 69.06332	 64.33000
 64.20000	 69.52239	 64.56000
 64.80000	 68.51326	 63.88000
 65.40000	 68.61973	 63.95000
 66.00000	 69.01890	 64.22000
 66.60000	 68.97273	 64.21000
 67.20000	 67.90291	 63.51000
 67.80000	 67.08290	 62.92000
 68.40000	 66.47061	 62.39000
 69.00000	 65.87240	 61.79000
 69.60000	 66.19089	 61.74000
 70.20000	 65.84846	 61.22000
 70.80000	 65.70748	 60.81000
 71.40000	 65.15709	 60.10000
 72.00000	 65.60286	 60.03000
 72.60000	 66.22490	 60.09000
 73.20000	 67.07101	 60.35000
 73.80000	 70.40414	 62.39000
 74.40000	 71.32546	 63.03000
 75.00000	 71.84100	 63.58000
 75.60000	 72.12500	 64.10000
 76.20000	 72.31874	 64.64000
 76.80000	 71.01930	 64.21000
 77.40000	 70.18436	 64.04000
 78.00000	 69.73779	 64.05000
 78.60000	 70.76207	 64.99000
 79.20000	 69.89843	 64.66000
 79.80000	 69.14406	 64.36000
 80.40000	 68.48032	 64.05000
 81.00000	 67.68498	 63.57000
 81.60000	 68.39853	 64.03000
 82.20000	 68.62080	 64.15000
 82.80000	 68.78195	 64.24000
 83.40000	 66.56429	 62.72000
 84.00000	 66.97582	 62.87000
 84.60000	 67.72453	 63.21000
 85.20000	 69.00520	 63.94000
 85.80000	 69.81211	 64.44000
 86.40000	 67.78216	 63.10000
 87.00000	 67.56993	 62.93000
 87.60000	 67.57862	 62.86000
 88.20000	 68.73638	 63.55000
 88.80000	 69.26722	 63.87000
 89.40000	 67.29120	 62.54000
 90.00000	 66.13117	 61.68000
 90.60000	 65.81476	 61.28000
 91.20000	 66.02351	 61.16000
 91.80000	 67.73325	 62.04000
 92.40000	 70.35864	 63.64000
 93.00000	 74.80874	 66.70000
 93.60000	 76.56052	 68.30000
 94.20000	 76.79698	 69.17000
 94.80000	 78.39600	 71.14000
 95.40000	 78.41814	 72.21000
 96.00000	 76.78076	 72.23000
 96.60000	 73.73526	 71.22000
 97.20000	 71.08909	 70.25000
 97.80000	 69.51562	 69.72000
 98.40000	 65.71354	 67.41000
 99.00000	 65.71616	 67.33000
 99.60000	 66.17859	 67.37000
100.20000	 66.68660	 67.37000
100.80000	 67.62292	 67.66000
101.40000	 69.02810	 68.33000
102.00000	 70.57894	 69.22000
102.60000	 71.01779	 69.51000
103.20000	 75.50638	 72.68000
103.80000	 76.09972	 73.52000
104.40000	 75.23423	 73.57000
105.00000	 74.03286	 73.44000
105.60000	 72.54552	 73.06000
106.20000	 71.60859	 72.93000
106.80000	 69.60248	 71.94000
107.40000	 67.80819	 70.90000
108.00000	 65.88884	 69.56000
108.60000	 66.33965	 69.61000
109.20000	 63.85188	 67.56000
109.80000	 62.92493	 66.38000
110.40000	 64.27273	 66.60000
111.00000	 66.29625	 67.29000
111.60000	 65.21105	 65.99000
112.20000	 68.16267	 67.46000
112.80000	 70.26308	 68.54000
113.40000	 71.31992	 69.14000
114.00000	 72.94878	 70.32000
114.60000	 69.45998	 68.20000
115.20000	 72.23473	 70.25000
115.80000	 71.86505	 70.26000
116.40000	 71.12611	 70.05000
117.00000	 70.63761	 69.98000
117.60000	 69.10915	 69.15000
118.20000	 67.37846	 68.06000
118.80000	 67.06834	 67.77000
119.40000	 68.51108	 68.57000
120.00000	 68.74948	 68.58000
120.60000	 68.58752	 68.35000
121.20000	 67.15447	 67.26000
121.80000	 67.08482	 67.02000
122.40000	 67.15495	 66.83000
123.00000	 65.93394	 65.74000
123.60000	 69.13251	 67.59000
124.20000	 67.61128	 66.37000
124.80000	 67.24422	 65.93000
125.40000	 67.04596	 65.58000
126.00000	 67.58402	 65.71000
126.60000	 65.90888	 64.35000
127.20000	 66.83519	 64.68000
127.80000	 68.69284	 65.66000
128.40000	 70.77887	 66.92000
129.00000	 71.71688	 67.59000
129.60000	 70.95841	 67.26000
130.20000	 70.00145	 66.83000
130.80000	 71.62205	 68.12000
131.40000	 74.18547	 70.13000
132.00000	 73.08563	 69.83000
132.60000	 72.39486	 69.84000
133.20000	 73.68056	 71.17000
133.80000	 70.14227	 69.26000
134.40000	 73.04241	 71.56000
135.00000	 71.05135	 70.59000
135.60000	 69.90454	 70.11000
136.20000	 70.73135	 70.86000
136.80000	 68.77005	 69.69000
137.40000	 70.52312	 70.93000
138.00000	 69.51301	 70.32000
138.60000	 69.38378	 70.27000
139.20000	 70.14758	 70.80000
139.80000	 70.48615	 71.07000
140.40000	 74.13550	 73.64000
141.00000	 73.91974	 73.81000
141.60000	 73.07329	 73.66000
142.20000	 71.65300	 73.12000
142.80000	 70.08679	 72.39000
143.40000	 69.49619	 72.18000
144.00000	 67.94829	 71.20000
144.60000	 66.60015	 70.20000
145.20000	 65.06821	 68.91000
145.80000	 64.19167	 67.89000
146.40000	 63.91969	 67.14000
147.00000	 64.35931	 66.79000
147.60000	 65.10911	 66.64000
148.20000	 67.89755	 67.93000
148.80000	 66.83671	 66.79000
149.40000	 71.89713	 69.88000
150.00000	 77.57490	 73.73000
150.60000	 80.81495	 76.44000
151.20000	 81.46452	 77.85000
151.80000	 81.26845	 78.96000
152.40000	 78.91934	 78.72000
153.00000	 77.14592	 78.78000
153.60000	 74.64225	 78.17000
154.20000	 69.90718	 75.78000
154.80000	 67.03403	 74.23000
155.40000	 65.02137	 72.86000
156.00000	 63.73778	 71.65000
156.60000	 63.32242	 70.78000
157.20000	 62.67755	 69.60000
157.80000	 63.06065	 69.01000
158.40000	 63.48376	 68.42000
159.00000	 63.61384	 67.65000
159.60000	 62.63628	 66.15000
160.20000	 64.94596	 66.86000
160.80000	 66.85963	 67.43000
161.40000	 68.43163	 67.96000
162.00000	 68.87181	 67.92000
162.60000	 68.54018	 67.49000
163.20000	 73.61456	 70.81000
163.80000	 71.73908	 69.72000
164.40000	 70.32778	 69.01000
165.00000	 70.13954	 69.08000
165.60000	 68.90267	 68.39000
166.20000	 68.98243	 68.50000
166.80000	 68.24065	 68.00000
167.40000	 67.74906	 67.60000
168.00000	 66.24367	 66.44000
168.60000	 68.33114	 67.61000
169.20000	 69.72500	 68.37000
169.80000	 69.04001	 67.83000
170.40000	 68.70242	 67.55000
171.00000	 68.50875	 67.36000
171.60000	 68.98167	 67.61000
172.20000	 67.66791	 66.66000
172.80000	 69.74590	 67.96000
173.40000	 69.14346	 67.52000
174.00000	 68.96228	 67.38000
174.60000	 69.25595	 67.56000
175.20000	 70.34567	 68.30000
175.80000	 68.51693	 67.12000
176.40000	 71.52002	 69.17000
177.00000	 73.09593	 70.39000
177.60000	 73.42566	 70.93000
178.20000	 71.22839	 69.85000
178.80000	 71.47737	 70.36000
179.40000	 72.70854	 71.51000
180.00000	 72.84866	 71.97000
180.60000	 72.10474	 71.86000
181.20000	 70.33914	 71.02000
181.80000	 68.55685	 70.04000
182.40000	 67.28565	 69.23000
183.00000	 67.34994	 69.16000
183.60000	 70.28990	 70.97000
184.20000	 71.14237	 71.49000
184.80000	 73.90353	 73.44000
185.40000	 74.11277	 73.88000
186.00000	 74.22930	 74.39000
186.60000	 74.66316	 75.19000
187.20000	 76.19398	 76.80000
187.80000	 73.33677	 75.53000
188.40000	 70.69752	 74.29000
189.00000	 68.32187	 73.00000
189.60000	 67.43858	 72.46000
190.20000	 64.95664	 70.63000
190.80000	 63.44696	 69.21000
191.40000	 63.68202	 68.76000
192.00000	 62.58126	 67.30000
192.60000	 63.45723	 67.08000
193.20000	 64.82573	 67.20000
193.80000	 66.86149	 67.87000
194.40000	 68.89506	 68.72000
195.00000	 68.33130	 68.02000
195.60000	 68.97087	 68.23000
196.20000	 69.80430	 68.66000
196.80000	 71.51745	 69.79000
197.40000	 72.15198	 70.34000
198.00000	 70.22585	 69.26000
198.60000	 70.81129	 69.84000
199.20000	 70.58625	 69.87000
199.80000	 68.64030	 68.71000
200.40000	 69.60252	 69.41000
201.00000	 66.59909	 67.39000
201.60000	 65.77406	 66.67000
202.20000	 68.83795	 68.46000
202.80000	 70.01086	 69.07000
203.40000	 69.32138	 68.54000
204.00000	 69.90680	 68.91000
204.60000	 71.67531	 70.14000
205.20000	 71.38835	 70.10000
205.80000	 68.39242	 68.26000
206.40000	 65.93554	 66.63000
207.00000	 65.25540	 65.98000
207.60000	 65.07756	 65.51000
208.20000	 65.31432	 65.23000
208.80000	 65.40516	 64.82000
209.40000	 67.55206	 65.81000
210.00000	 66.85611	 64.99000
210.60000	 66.67065	 64.55000
211.20000	 68.25791	 65.33000
211.80000	 67.70275	 64.75000
212.40000	 68.16706	 64.89000
213.00000	 68.61327	 65.06000
213.60000	 69.65768	 65.69000
214.20000	 68.69557	 65.04000
214.80000	 69.51915	 65.60000
215.40000	 70.52575	 66.33000
216.00000	 71.67136	 67.24000
216.60000	 73.16254	 68.50000
217.20000	 74.47971	 69.79000
217.80000	 70.84507	 67.85000
218.40000	 77.34225	 72.69000
219.00000	 81.50276	 76.25000
219.60000	 84.17825	 79.21000
220.20000	 81.60048	 78.95000
220.80000	 77.45417	 77.64000
221.40000	 75.55732	 77.61000
222.00000	 73.50649	 77.21000
222.60000	 70.46857	 75.86000
223.20000	 67.77947	 74.41000
223.80000	 65.55408	 72.93000
224.40000	 63.03557	 70.93000
225.00000	 62.71109	 70.11000
225.60000	 61.92197	 68.79000
226.20000	 61.85926	 67.83000
226.80000	 63.41519	 67.91000
227.40000	 63.77136	 67.24000
228.00000	 62.88726	 65.79000
228.60000	 63.05641	 65.05000
229.20000	 63.16176	 64.28000
229.80000	 63.81998	 63.91000
230.40000	 63.55646	 62.97000
231.00000	 63.12755	 61.94000
231.60000	 63.45461	 61.42000
232.20000	 64.52197	 61.43000
232.80000	 65.69868	 61.60000
233.40000	 68.12836	 62.75000
234.00000	 68.02883	 62.39000
234.60000	 67.86766	 62.10000
235.20000	 67.82217	 61.94000
235.80000	 67.72505	 61.77000
236.40000	 69.25391	 62.72000
237.00000	 68.29735	 62.07000
237.60000	 66.48736	 60.83000
238.20000	 68.06278	 61.79000
238.80000	 69.94892	 63.00000
239.40000	 73.08376	 65.20000
240.00000	 74.09252	 66.21000
240.60000	 75.17821	 67.47000
241.20000	 70.99030	 65.29000
241.80000	 70.92250	 65.75000
242.40000	 71.01888	 66.22000
243.00000	 71.67390	 67.02000
243.60000	 71.17433	 67.04000
244.20000	 71.27350	 67.44000
244.80000	 71.47897	 67.90000
245.40000	 71.62190	 68.32000
246.00000	 71.94473	 68.87000
246.60000	 73.11564	 70.02000
247.20000	 72.60588	 70.10000
247.80000	 72.17507	 70.24000
248.40000	 69.32726	 68.70000
249.00000	 67.66910	 67.78000
249.60000	 68.25713	 68.19000
250.20000	 66.69821	 67.06000
250.80000	 65.56790	 66.09000
251.40000	 64.36064	 64.93000
252.00000	 67.34124	 66.49000
252.60000	 69.49926	 67.60000
253.20000	 71.12311	 68.54000
253.80000	 70.89798	 68.42000
254.40000	 69.93674	 67.89000
255.00000	 68.74317	 67.19000
255.60000	 69.96348	 68.06000
256.20000	 70.02492	 68.17000
256.80000	 68.93070	 67.51000
257.40000	 68.28619	 67.10000
258.00000	 62.94649	 63.41000
258.60000	 65.46763	 64.73000
259.20000	 67.39335	 65.61000
259.80000	 69.01894	 66.39000
260.40000	 67.50201	 65.18000
261.00000	 69.77058	 66.55000
261.60000	 67.08520	 64.67000
262.20000	 69.12782	 65.93000
262.80000	 69.71050	 66.27000
263.40000	 68.98048	 65.79000
264.00000	 66.09182	 63.83000
264.60000	 66.85939	 64.19000
265.20000	 64.73926	 62.53000
265.80000	 63.96789	 61.64000
266.40000	 65.30834	 62.07000
267.00000	 67.11399	 62.84000
267.60000	 65.23800	 61.22000
268.20000	 71.67744	 65.24000
268.80000	 75.35922	 67.75000
269.40000	 75.67163	 68.38000
270.00000	 73.85152	 67.79000
270.60000	 75.38541	 69.50000
271.20000	 72.26607	 68.12000
271.80000	 69.48448	 66.82000
272.40000	 63.71322	 63.22000
273.00000	 67.08740	 65.38000
273.60000	 65.22596	 63.91000
274.20000	 65.67401	 63.88000
274.80000	 68.55347	 65.47000
275.40000	 74.40487	 69.25000
276.00000	 75.81763	 70.44000
276.60000	 75.91630	 71.05000
277.20000	 75.79815	 71.68000
277.80000	 76.47836	 72.93000
278.40000	 74.84314	 72.67000
279.00000	 72.03845	 71.54000
279.60000	 69.30259	 70.24000
280.20000	 67.04619	 68.98000
280.80000	 63.17017	 66.32000
281.40000	 63.17299	 65.92000
282.00000	 63.36894	 65.45000
282.60000	 62.83101	 64.39000
283.20000	 65.64647	 65.55000
283.80000	 65.05060	 64.52000
284.40000	 65.92552	 64.54000
285.00000	 67.63000	 65.21000
285.60000	 70.06126	 66.53000
286.20000	 72.88279	 68.35000
286.80000	 75.31385	 70.20000
287.40000	 75.51635	 70.83000
288.00000	 76.60043	 72.23000
288.60000	 76.23934	 72.79000
289.20000	 75.54520	 73.17000
289.80000	 76.51272	 74.66000
290.40000	 71.58927	 72.16000
291.00000	 69.13934	 71.06000
291.60000	 67.60981	 70.28000
292.20000	 66.75204	 69.70000
292.80000	 65.58585	 68.72000
293.40000	 67.06614	 69.38000
294.00000	 66.97365	 68.97000
294.60000	 67.48008	 68.97000
295.20000	 67.97947	 69.00000
295.80000	 68.38808	 69.02000
296.40000	 69.28660	 69.43000
297.00000	 70.67345	 70.26000
297.60000	 68.07934	 68.50000
298.20000	 67.75250	 68.20000
298.80000	 69.93667	 69.55000
299.40000	 72.09108	 70.98000
300.00000	 72.76018	 71.58000
300.60000	 71.10761	 70.73000
301.20000	 68.97522	 69.52000
301.80000	 68.48126	 69.28000
302.40000	 68.36806	 69.19000
303.00000	 69.21275	 69.69000
303.60000	 68.74325	 69.31000
304.20000	 67.11601	 68.12000
304.80000	 65.47241	 66.81000
305.40000	 63.89647	 65.39000
