  0.00000	 39.92534	 51.79000
  0.60000	 43.02707	 53.92000
  1.20000	 41.28115	 52.33000
  1.80000	 40.45003	 51.44000
  2.40000	 40.94670	 51.54000
  3.00000	 43.01470	 52.90000
  3.60000	 44.33333	 53.81000
  4.20000	 45.38265	 54.68000
  4.80000	 48.29104	 57.21000
  5.40000	 42.08348	 52.72000
  6.00000	 38.47547	 50.02000
  6.60000	 39.72422	 50.80000
  7.20000	 44.04782	 53.92000
  7.80000	 46.66723	 55.92000
  8.40000	 47.51719	 56.82000
  9.00000	 48.95590	 58.42000
  9.60000	 44.71401	 55.68000
 10.20000	 41.75174	 53.77000
 10.80000	 40.95966	 53.28000
 11.40000	 42.50741	 54.44000
 12.00000	 43.29208	 54.98000
 12.60000	 42.91369	 54.64000
 13.20000	 42.04782	 53.91000
 13.80000	 41.28334	 53.20000
 14.40000	 36.70152	 49.34000
 15.00000	 38.36692	 50.12000
 15.60000	 42.63799	 52.92000
 16.20000	 45.43071	 54.81000
 16.80000	 46.54108	 55.70000
 17.40000	 46.07610	 55.59000
 18.00000	 45.25853	 55.30000
 18.60000	 40.57616	 51.90000
 19.20000	 41.08382	 52.32000
 19.80000	 41.90954	 52.85000
 20.40000	 43.39025	 53.89000
 21.00000	 44.60941	 54.82000
 21.60000	 43.39771	 53.94000
 22.20000	 43.13805	 53.81000
 22.80000	 35.89670	 48.05000
 23.40000	 38.99279	 50.05000
 24.00000	 42.11927	 52.02000
 24.60000	 45.52991	 54.42000
 25.20000	 47.21441	 55.79000
 25.80000	 47.53055	 56.37000
 26.40000	 47.22155	 56.63000
 27.00000	 44.24813	 54.82000
 27.60000	 43.02411	 54.23000
 28.20000	 42.68340	 54.16000
 28.80000	 43.39683	 54.81000
 29.40000	 45.33848	 56.43000
 30.00000	 44.67468	 56.09000
 30.60000	 44.03681	 55.79000
 31.20000	 40.39343	 53.04000
 31.80000	 38.07600	 51.07000
 32.40000	 37.67171	 50.32000
 33.00000	 39.99731	 51.57000
 33.60000	 44.61163	 54.73000
 34.20000	 45.40521	 55.20000
 34.80000	 45.70426	 55.53000
 35.40000	 43.74070	 54.20000
 36.00000	 42.97566	 53.77000
 36.60000	 42.84547	 53.76000
 37.20000	 44.66835	 55.26000
 37.80000	 45.23185	 55.85000
 38.40000	 44.49671	 55.49000
 39.00000	 43.59548	 54.99000
 39.60000	 37.73586	 50.44000
 40.20000	 38.03263	 50.37000
 40.80000	 39.18677	 50.77000
 41.40000	 41.81919	 52.33000
 42.00000	 44.71175	 54.28000
 42.60000	 44.57963	 54.11000
 43.20000	 44.18219	 53.88000
 43.80000	 40.74320	 51.26000
 44.40000	 40.27262	 50.80000
 45.00000	 43.36578	 53.05000
 45.60000	 45.20526	 54.44000
 46.20000	 47.25622	 56.21000
 46.80000	 44.41380	 54.31000
 47.40000	 42.70925	 53.25000
 48.00000	 41.23443	 52.21000
 48.60000	 43.41570	 53.91000
 49.20000	 44.76782	 55.00000
 49.80000	 44.94056	 55.27000
 50.40000	 45.91360	 56.26000
 51.00000	 40.96933	 52.61000
 51.60000	 38.94325	 51.00000
 52.20000	 39.83918	 51.43000
 52.80000	 43.01925	 53.60000
 53.40000	 43.64015	 53.90000
 54.00000	 43.48418	 53.72000
 54.60000	 42.58705	 53.01000
 55.20000	 40.32003	 51.17000
 55.80000	 41.82749	 52.18000
 56.40000	 46.44225	 55.70000
 57.00000	 48.82313	 57.77000
 57.60000	 49.17257	 58.56000
 58.20000	 44.78150	 55.75000
 58.80000	 42.17949	 54.16000
 59.40000	 40.90570	 53.33000
 60.00000	 43.00207	 54.95000
 60.60000	 44.15448	 55.83000
 61.20000	 44.26932	 55.97000
 61.80000	 44.81206	 56.51000
 62.40000	 40.39827	 53.14000
 63.00000	 38.96742	 51.88000
 63.60000	 41.18919	 53.30000
 64.20000	 42.21309	 53.79000
 64.80000	 43.15780	 54.31000
 65.40000	 43.01888	 54.08000
 66.00000	 39.61016	 51.28000
 66.60000	 39.02544	 50.53000
 67.20000	 41.74672	 52.28000
 67.80000	 43.50891	 53.38000
 68.40000	 44.79378	 54.29000
 69.00000	 44.47704	 54.11000
 69.60000	 42.39183	 52.59000
 70.20000	 41.32838	 51.78000
 70.80000	 39.85988	 50.51000
 71.40000	 42.23649	 52.15000
 72.00000	 44.07572	 53.44000
 72.60000	 45.53226	 54.60000
 73.20000	 45.89451	 55.08000
 73.80000	 45.42375	 55.02000
 74.40000	 42.78417	 53.25000
 75.00000	 42.55880	 53.24000
 75.60000	 43.20736	 53.82000
 76.20000	 44.73125	 55.09000
 76.80000	 46.08976	 56.33000
 77.40000	 46.05218	 56.60000
 78.00000	 46.06012	 56.98000
 78.60000	 42.26078	 54.34000
 79.20000	 42.50987	 54.69000
 79.80000	 43.12019	 55.21000
 80.40000	 45.53657	 57.16000
 81.00000	 47.15086	 58.63000
 81.60000	 47.36873	 59.18000
 82.20000	 47.40270	 59.70000
 82.80000	 42.80213	 56.56000
 83.40000	 39.61658	 54.25000
 84.00000	 38.20383	 52.97000
 84.60000	 40.60024	 54.44000
 85.20000	 42.59101	 55.60000
 85.80000	 41.22253	 54.22000
 86.40000	 40.30723	 53.19000
 87.00000	 38.18350	 51.12000
 87.60000	 40.74022	 52.62000
 88.20000	 42.62204	 53.67000
 88.80000	 44.92957	 55.25000
 89.40000	 43.43910	 54.05000
 90.00000	 43.25228	 53.93000
 90.60000	 44.08221	 54.63000
 91.20000	 46.51759	 56.68000
 91.80000	 47.78560	 58.00000
 92.40000	 47.91076	 58.60000
 93.00000	 45.89545	 57.59000
 93.60000	 44.17230	 56.72000
 94.20000	 43.36991	 56.41000
 94.80000	 44.19399	 57.25000
 95.40000	 44.33794	 57.52000
 96.00000	 43.72665	 57.18000
 96.60000	 41.81647	 55.75000
 97.20000	 39.83609	 54.10000
 97.80000	 41.04329	 54.78000
 98.40000	 42.00160	 55.23000
 99.00000	 41.84311	 54.84000
 99.60000	 40.68676	 53.67000
100.20000	 40.37762	 53.11000
100.80000	 42.06955	 54.10000
101.40000	 43.97818	 55.36000
102.00000	 45.26285	 56.31000
102.60000	 43.91372	 55.34000
103.20000	 45.73742	 56.92000
103.80000	 47.02267	 58.20000
104.40000	 48.65725	 59.92000
105.00000	 48.23876	 60.19000
105.60000	 44.50848	 57.87000
106.20000	 42.04877	 56.33000
106.80000	 43.74789	 57.82000
107.40000	 43.20514	 57.47000
108.00000	 42.92583	 57.27000
108.60000	 42.64986	 57.02000
109.20000	 45.26137	 59.04000
109.80000	 39.81854	 54.76000
110.40000	 40.05344	 54.73000
111.00000	 41.26310	 55.34000
111.60000	 44.14763	 57.31000
112.20000	 45.12629	 57.97000
112.80000	 41.77211	 55.34000
113.40000	 39.94263	 53.79000
114.00000	 39.67887	 53.29000
114.60000	 41.50202	 54.34000
115.20000	 42.97661	 55.18000
115.80000	 43.17234	 55.14000
116.40000	 42.61661	 54.59000
117.00000	 40.35380	 52.68000
117.60000	 40.03081	 52.17000
118.20000	 42.30367	 53.64000
118.80000	 44.29881	 55.00000
119.40000	 46.91008	 57.06000
120.00000	 49.47573	 59.38000
120.60000	 44.96599	 56.36000
121.20000	 41.83032	 54.29000
121.80000	 41.46173	 54.13000
122.40000	 43.69914	 55.87000
123.00000	 44.62702	 56.62000
123.60000	 44.11092	 56.31000
124.20000	 41.70853	 54.50000
124.80000	 40.33655	 53.35000
125.40000	 36.05656	 49.68000
126.00000	 39.74367	 52.00000
126.60000	 42.93316	 53.98000
127.20000	 45.67813	 55.87000
127.80000	 48.82028	 58.42000
128.40000	 45.22681	 55.97000
129.00000	 43.38983	 54.88000
129.60000	 45.03215	 56.42000
130.20000	 48.05674	 59.10000
130.80000	 46.96756	 58.71000
131.40000	 46.17924	 58.60000
132.00000	 39.17531	 53.46000
132.60000	 39.30025	 53.51000
133.20000	 39.47515	 53.33000
133.80000	 41.15323	 54.23000
134.40000	 40.78927	 53.55000
135.00000	 40.55165	 52.98000
135.60000	 37.59617	 50.22000
136.20000	 38.07184	 50.00000
136.80000	 39.68412	 50.62000
137.40000	 43.00987	 52.70000
138.00000	 45.58789	 54.47000
138.60000	 46.14564	 54.96000
139.20000	 46.10603	 55.19000
139.80000	 42.05416	 52.31000
140.40000	 43.58162	 53.67000
141.00000	 45.66531	 55.46000
141.60000	 46.53999	 56.42000
142.20000	 46.56206	 56.83000
142.80000	 43.90722	 55.16000
143.40000	 42.67266	 54.47000
144.00000	 35.42730	 48.78000
144.60000	 37.67148	 50.09000
145.20000	 40.14935	 51.43000
145.80000	 43.47201	 53.55000
146.40000	 46.23586	 55.52000
147.00000	 47.19463	 56.40000
147.60000	 46.76194	 56.42000
148.20000	 40.60958	 51.95000
148.80000	 43.65924	 54.47000
149.40000	 45.62357	 56.13000
150.00000	 47.49262	 57.86000
150.60000	 46.32207	 57.36000
151.20000	 44.85057	 56.64000
151.80000	 41.55893	 54.36000
152.40000	 39.80358	 53.02000
153.00000	 39.45788	 52.53000
153.60000	 41.21902	 53.56000
154.20000	 43.11627	 54.74000
154.80000	 43.35438	 54.75000
155.40000	 42.01755	 53.60000
156.00000	 38.01518	 50.27000
156.60000	 40.25370	 51.64000
157.20000	 41.91521	 52.55000
157.80000	 44.44206	 54.28000
158.40000	 46.19508	 55.64000
159.00000	 41.24583	 51.88000
159.60000	 38.43024	 49.61000
160.20000	 38.82910	 49.60000
160.80000	 42.57514	 52.14000
161.40000	 44.85988	 53.71000
162.00000	 46.57902	 55.10000
162.60000	 44.22626	 53.49000
163.20000	 42.47314	 52.33000
163.80000	 42.03483	 52.08000
164.40000	 44.47361	 54.03000
165.00000	 48.08570	 57.04000
165.60000	 44.26971	 54.41000
166.20000	 41.94901	 52.87000
166.80000	 38.92839	 50.54000
167.40000	 41.36375	 52.25000
168.00000	 44.39769	 54.44000
168.60000	 45.81082	 55.55000
169.20000	 47.07665	 56.76000
169.80000	 42.04488	 53.12000
170.40000	 40.12695	 51.72000
171.00000	 41.51830	 52.70000
171.60000	 44.95763	 55.28000
172.20000	 45.78455	 55.99000
172.80000	 45.71637	 56.16000
173.40000	 44.89220	 55.81000
174.00000	 47.45330	 58.16000
174.60000	 41.45079	 53.81000
175.20000	 37.97291	 51.14000
175.80000	 40.68022	 53.00000
176.40000	 44.64633	 55.84000
177.00000	 46.75189	 57.46000
177.60000	 46.76891	 57.70000
178.20000	 49.53367	 60.30000
178.80000	 43.21875	 55.89000
179.40000	 39.81423	 53.50000
180.00000	 41.01357	 54.39000
180.60000	 43.41062	 56.11000
181.20000	 45.83803	 57.96000
181.80000	 46.90549	 58.95000
182.40000	 47.91394	 60.09000
183.00000	 43.29876	 56.89000
183.60000	 40.44833	 54.86000
184.20000	 40.47313	 54.80000
184.80000	 42.41067	 56.10000
185.40000	 43.40126	 56.69000
186.00000	 43.58231	 56.73000
186.60000	 42.27239	 55.64000
187.20000	 40.46273	 54.09000
187.80000	 37.14585	 51.17000
188.40000	 36.55874	 50.12000
189.00000	 39.65408	 51.82000
189.60000	 42.34732	 53.32000
190.20000	 46.28017	 56.08000
190.80000	 46.41659	 56.22000
191.40000	 46.11173	 56.24000
192.00000	 46.21976	 56.69000
192.60000	 41.73480	 53.51000
193.20000	 45.63283	 56.76000
193.80000	 48.41832	 59.24000
194.40000	 50.47754	 61.40000
195.00000	 50.17974	 61.95000
195.60000	 48.56251	 61.56000
196.20000	 47.09850	 61.23000
196.80000	 41.66837	 57.57000
197.40000	 38.46299	 55.22000
198.00000	 39.07465	 55.45000
198.60000	 39.22245	 55.10000
199.20000	 39.22573	 54.54000
199.80000	 40.05592	 54.60000
200.40000	 38.44029	 52.74000
201.00000	 37.29589	 51.17000
201.60000	 35.10775	 48.64000
202.20000	 37.13655	 49.28000
202.80000	 41.65343	 51.96000
203.40000	 47.09548	 55.74000
204.00000	 50.01305	 58.08000
204.60000	 50.80166	 59.23000
205.20000	 44.36999	 54.91000
205.80000	 45.37820	 56.26000
206.40000	 45.95166	 57.17000
207.00000	 47.26170	 58.66000
207.60000	 46.97166	 58.95000
208.20000	 45.72444	 58.49000
208.80000	 44.74595	 58.16000
209.40000	 39.35662	 54.17000
210.00000	 36.81417	 52.01000
210.60000	 38.64690	 52.94000
211.20000	 39.40096	 52.92000
211.80000	 42.56465	 54.85000
212.40000	 44.31725	 55.89000
