  0.00000	 43.71737	 56.67000
  0.60000	 40.58494	 54.07000
  1.20000	 39.41107	 53.06000
  1.80000	 40.77850	 54.16000
  2.40000	 43.22509	 56.19000
  3.00000	 43.11270	 56.12000
  3.60000	 42.56345	 55.68000
  4.20000	 43.29230	 56.30000
  4.80000	 39.98327	 53.55000
  5.40000	 38.27211	 52.07000
  6.00000	 36.71623	 50.69000
  6.60000	 38.17703	 51.81000
  7.20000	 42.56276	 55.42000
  7.80000	 45.42324	 57.85000
  8.40000	 48.37149	 60.41000
  9.00000	 46.03375	 58.60000
  9.60000	 45.32727	 58.09000
 10.20000	 46.05807	 58.77000
 10.80000	 48.41517	 60.83000
 11.40000	 47.66477	 60.34000
 12.00000	 46.31642	 59.32000
 12.60000	 44.73694	 58.07000
 13.20000	 39.79393	 53.96000
 13.80000	 36.42354	 51.04000
 14.40000	 37.49926	 51.77000
 15.00000	 38.37095	 52.37000
 15.60000	 38.98424	 52.78000
 16.20000	 39.94413	 53.50000
 16.80000	 39.62889	 53.18000
 17.40000	 39.22765	 52.78000
 18.00000	 37.03548	 50.87000
 18.60000	 39.50717	 52.81000
 19.20000	 43.34439	 55.97000
 19.80000	 45.21253	 57.59000
 20.40000	 45.06265	 57.57000
 21.00000	 46.15059	 58.58000
 21.60000	 41.76476	 55.03000
 22.20000	 39.08627	 52.78000
 22.80000	 37.38938	 51.27000
 23.40000	 39.34419	 52.77000
 24.00000	 41.09717	 54.16000
 24.60000	 43.12722	 55.84000
 25.20000	 45.05587	 57.50000
 25.80000	 43.15312	 56.01000
 26.40000	 42.18724	 55.25000
 27.00000	 38.65149	 52.30000
 27.60000	 41.27428	 54.40000
 28.20000	 43.19200	 55.98000
 28.80000	 44.56311	 57.17000
 29.40000	 45.60020	 58.13000
 30.00000	 43.98076	 56.90000
 30.60000	 43.02866	 56.18000
 31.20000	 37.60185	 51.67000
 31.80000	 39.23901	 52.90000
 32.40000	 40.83057	 54.12000
 33.00000	 43.04350	 55.92000
 33.60000	 43.84392	 56.62000
 34.20000	 43.17643	 56.13000
 34.80000	 42.98227	 56.02000
 35.40000	 38.35109	 52.18000
 36.00000	 41.11780	 54.38000
 36.60000	 43.17297	 56.05000
 37.20000	 44.64855	 57.32000
 37.80000	 46.31667	 58.82000
 38.40000	 43.70025	 56.80000
 39.00000	 41.88533	 55.37000
 39.60000	 37.17771	 51.43000
 40.20000	 38.46008	 52.32000
 40.80000	 39.33989	 52.88000
 41.40000	 40.34131	 53.58000
 42.00000	 39.93570	 53.15000
 42.60000	 39.10279	 52.36000
 43.20000	 37.53118	 50.92000
 43.80000	 35.26347	 48.83000
 44.40000	 39.16659	 51.81000
 45.00000	 42.14746	 54.15000
 45.60000	 44.72687	 56.31000
 46.20000	 45.80869	 57.36000
 46.80000	 44.20602	 56.24000
 47.40000	 43.18638	 55.56000
 48.00000	 40.46027	 53.39000
 48.60000	 42.79721	 55.33000
 49.20000	 44.46484	 56.77000
 49.80000	 44.94161	 57.30000
 50.40000	 45.28236	 57.76000
 51.00000	 41.70431	 54.96000
 51.60000	 39.56282	 53.21000
 52.20000	 37.91437	 51.73000
 52.80000	 39.85306	 53.14000
 53.40000	 41.40382	 54.28000
 54.00000	 41.96313	 54.68000
 54.60000	 42.55120	 55.16000
 55.20000	 40.19791	 53.22000
 55.80000	 38.60423	 51.82000
 56.40000	 39.04698	 52.02000
 57.00000	 42.72550	 54.92000
 57.60000	 46.98158	 58.48000
 58.20000	 47.78143	 59.41000
 58.80000	 47.36757	 59.45000
 59.40000	 44.98753	 57.86000
 60.00000	 42.67694	 56.21000
 60.60000	 44.35374	 57.74000
 61.20000	 45.02283	 58.45000
 61.80000	 45.12965	 58.73000
 62.40000	 46.10923	 59.76000
 63.00000	 40.68813	 55.48000
 63.60000	 37.22868	 52.58000
 64.20000	 35.21373	 50.61000
 64.80000	 37.36186	 51.92000
 65.40000	 39.17630	 52.99000
 66.00000	 40.63491	 53.88000
 66.60000	 42.71499	 55.42000
 67.20000	 40.87467	 53.84000
 67.80000	 40.29099	 53.28000
 68.40000	 40.27372	 53.15000
 69.00000	 43.58272	 55.79000
 69.60000	 46.08397	 57.93000
 70.20000	 46.28047	 58.35000
 70.80000	 45.68191	 58.20000
 71.40000	 44.99630	 57.98000
 72.00000	 41.35351	 55.24000
 72.60000	 39.92748	 54.13000
 73.20000	 41.28166	 55.17000
 73.80000	 42.34842	 55.97000
 74.40000	 42.57625	 56.13000
 75.00000	 42.18194	 55.81000
 75.60000	 43.29637	 56.75000
 76.20000	 38.60859	 52.89000
 76.80000	 36.90168	 51.28000
 77.40000	 38.71606	 52.41000
 78.00000	 42.65933	 55.34000
 78.60000	 44.85331	 57.05000
 79.20000	 45.60854	 57.80000
 79.80000	 46.49725	 58.82000
 80.40000	 42.20225	 55.62000
 81.00000	 40.28937	 54.21000
 81.60000	 40.97207	 54.76000
 82.20000	 41.77343	 55.35000
 82.80000	 45.00610	 58.00000
 83.40000	 46.35171	 59.28000
 84.00000	 46.49921	 59.74000
 84.60000	 42.63153	 56.93000
 85.20000	 41.13805	 55.91000
 85.80000	 42.33229	 56.95000
 86.40000	 44.04925	 58.41000
 87.00000	 43.03325	 57.68000
 87.60000	 41.79781	 56.75000
 88.20000	 38.62702	 54.11000
 88.80000	 37.04083	 52.55000
 89.40000	 36.78439	 51.88000
 90.00000	 38.07373	 52.38000
 90.60000	 40.22764	 53.63000
 91.20000	 40.83308	 53.74000
 91.80000	 41.41223	 53.95000
 92.40000	 37.98075	 50.90000
 93.00000	 39.09052	 51.48000
 93.60000	 41.05158	 52.76000
 94.20000	 43.82741	 54.85000
 94.80000	 46.69388	 57.27000
 95.40000	 46.04690	 57.07000
 96.00000	 44.63528	 56.35000
 96.60000	 40.71505	 53.49000
 97.20000	 40.55561	 53.49000
 97.80000	 42.70280	 55.26000
 98.40000	 43.84201	 56.25000
 99.00000	 44.54766	 56.99000
 99.60000	 46.34119	 58.75000
100.20000	 40.43698	 54.24000
100.80000	 37.17787	 51.62000
101.40000	 37.82674	 51.87000
102.00000	 41.35702	 54.37000
102.60000	 44.39724	 56.63000
103.20000	 46.09784	 58.08000
103.80000	 48.13273	 60.10000
104.40000	 44.91609	 58.02000
105.00000	 43.37111	 57.26000
105.60000	 43.89082	 58.07000
106.20000	 45.18347	 59.48000
106.80000	 45.40134	 60.06000
107.40000	 44.58985	 59.83000
108.00000	 44.46506	 60.14000
108.60000	 39.10298	 56.03000
109.20000	 36.53619	 53.83000
109.80000	 37.44257	 54.11000
110.40000	 39.08517	 54.85000
111.00000	 41.57635	 56.35000
111.60000	 42.66316	 56.90000
112.20000	 43.57054	 57.51000
112.80000	 37.49068	 52.45000
113.40000	 40.24580	 54.40000
114.00000	 42.46914	 55.92000
114.60000	 43.76939	 56.86000
115.20000	 45.42418	 58.31000
115.80000	 43.55603	 57.06000
116.40000	 41.29879	 55.46000
117.00000	 37.78479	 52.60000
117.60000	 36.72076	 51.38000
118.20000	 39.97868	 53.47000
118.80000	 42.65181	 55.19000
119.40000	 44.74972	 56.73000
120.00000	 47.50475	 59.17000
120.60000	 42.65558	 55.67000
121.20000	 40.84858	 54.51000
121.80000	 42.86946	 56.28000
122.40000	 45.64439	 58.72000
123.00000	 45.11620	 58.67000
123.60000	 43.62443	 57.91000
124.20000	 40.39212	 55.60000
124.80000	 36.56270	 52.43000
125.40000	 39.16595	 54.09000
126.00000	 40.96030	 55.03000
126.60000	 42.23379	 55.69000
127.20000	 44.50812	 57.40000
127.80000	 38.94252	 52.88000
128.40000	 36.54681	 50.63000
129.00000	 37.89761	 51.07000
129.60000	 42.33272	 54.00000
130.20000	 44.78993	 55.69000
130.80000	 45.46769	 56.37000
131.40000	 43.69348	 55.32000
132.00000	 42.50774	 54.74000
132.60000	 45.23911	 57.30000
133.20000	 47.17342	 59.42000
133.80000	 47.19212	 60.27000
134.40000	 45.74842	 60.07000
135.00000	 41.05501	 57.07000
135.60000	 38.82782	 55.55000
136.20000	 39.15059	 55.60000
136.80000	 40.85123	 56.55000
137.40000	 40.64994	 55.98000
138.00000	 40.14513	 55.17000
138.60000	 41.66182	 56.00000
139.20000	 37.94999	 52.61000
139.80000	 36.89494	 51.06000
140.40000	 38.76663	 51.63000
141.00000	 41.65949	 53.13000
141.60000	 45.01761	 55.44000
142.20000	 46.46336	 56.81000
142.80000	 45.65114	 56.82000
143.40000	 46.85713	 58.68000
144.00000	 42.08982	 55.78000
144.60000	 39.59818	 54.24000
145.20000	 41.05811	 55.38000
145.80000	 44.18449	 57.81000
146.40000	 44.13139	 57.98000
147.00000	 44.00100	 58.28000
147.60000	 39.49547	 54.99000
148.20000	 38.28340	 53.81000
148.80000	 43.61007	 57.60000
149.40000	 46.54469	 59.97000
150.00000	 47.06108	 61.07000
150.60000	 47.89296	 62.89000
151.20000	 41.04325	 58.63000
151.80000	 36.93259	 55.70000
152.40000	 38.67431	 56.51000
153.00000	 40.72286	 57.31000
153.60000	 41.79556	 57.52000
154.20000	 41.43630	 56.83000
154.80000	 44.21375	 58.85000
155.40000	 39.51886	 55.15000
156.00000	 37.07395	 52.73000
156.60000	 37.35384	 51.85000
157.20000	 40.61195	 53.17000
157.80000	 42.96252	 54.22000
158.40000	 43.96357	 54.83000
159.00000	 44.97504	 55.97000
159.60000	 43.40412	 55.39000
160.20000	 42.04508	 54.87000
160.80000	 36.90109	 50.84000
161.40000	 37.96900	 50.78000
162.00000	 42.31830	 53.14000
162.60000	 44.83344	 54.76000
163.20000	 45.16251	 55.46000
163.80000	 44.28836	 55.63000
164.40000	 42.63812	 55.16000
165.00000	 40.09112	 53.56000
165.60000	 38.53641	 52.03000
166.20000	 42.82475	 54.70000
166.80000	 45.50935	 56.76000
167.40000	 46.53610	 58.40000
168.00000	 45.06719	 58.61000
168.60000	 43.22543	 58.41000
169.20000	 41.40395	 57.71000
169.80000	 37.00512	 54.16000
170.40000	 37.50894	 53.28000
171.00000	 41.17920	 54.61000
171.60000	 43.15060	 55.34000
172.20000	 43.46876	 55.56000
172.80000	 42.16997	 54.86000
173.40000	 40.79882	 53.90000
174.00000	 39.84792	 52.82000
174.60000	 35.69578	 48.60000
175.20000	 40.73846	 50.69000
175.80000	 44.38174	 52.61000
176.40000	 46.40248	 54.66000
177.00000	 47.94658	 57.48000
177.60000	 44.67265	 57.16000
178.20000	 42.56505	 57.08000
178.80000	 36.85992	 53.03000
179.40000	 39.73349	 53.96000
180.00000	 42.48252	 54.99000
180.60000	 44.14834	 56.12000
181.20000	 45.50166	 57.90000
181.80000	 44.07747	 58.12000
182.40000	 42.58511	 58.02000
183.00000	 39.06268	 55.59000
183.60000	 38.52756	 54.18000
184.20000	 42.29096	 55.72000
184.80000	 43.77420	 56.57000
185.40000	 43.40073	 56.80000
186.00000	 41.92935	 56.24000
186.60000	 40.50910	 55.18000
187.20000	 38.44539	 52.86000
187.80000	 37.53772	 50.48000
188.40000	 41.91745	 51.89000
189.00000	 43.97180	 53.01000
189.60000	 45.06921	 54.64000
190.20000	 44.04885	 55.30000
190.80000	 41.16537	 54.15000
191.40000	 40.67872	 53.67000
192.00000	 36.64448	 49.67000
192.60000	 42.49605	 52.01000
193.20000	 45.45875	 54.17000
193.80000	 45.27693	 55.59000
194.40000	 43.12981	 55.69000
195.00000	 42.15303	 55.80000
195.60000	 41.63081	 55.60000
196.20000	 38.04712	 52.43000
196.80000	 39.93240	 51.98000
197.40000	 41.60519	 51.95000
198.00000	 42.69854	 52.42000
198.60000	 43.69930	 53.57000
199.20000	 42.81259	 53.80000
199.80000	 42.25235	 53.94000
200.40000	 37.14931	 49.90000
201.00000	 41.01565	 50.52000
201.60000	 43.21158	 51.44000
202.20000	 45.72605	 54.14000
202.80000	 44.96115	 55.75000
203.40000	 43.61875	 56.66000
204.00000	 42.85588	 57.22000
204.60000	 37.78617	 53.59000
205.20000	 41.21753	 53.96000
205.80000	 45.02915	 56.35000
206.40000	 44.44128	 57.62000
207.00000	 42.92409	 58.04000
207.60000	 42.79209	 58.64000
208.20000	 37.62621	 54.82000
208.80000	 38.04248	 52.31000
209.40000	 39.76322	 50.84000
210.00000	 43.94124	 52.59000
210.60000	 44.08637	 53.89000
211.20000	 43.32613	 54.79000
211.80000	 42.49881	 55.13000
212.40000	 41.75122	 54.91000
