  0.00000	 54.89349	 52.59000
  0.60000	 54.77727	 52.40000
  1.20000	 54.79641	 52.32000
  1.80000	 56.12182	 53.31000
  2.40000	 55.76872	 52.95000
  3.00000	 56.15493	 53.19000
  3.60000	 57.34939	 54.10000
  4.20000	 57.85753	 54.47000
  4.80000	 61.66926	 57.56000
  5.40000	 64.09917	 59.59000
  6.00000	 64.93754	 60.36000
  6.60000	 66.06209	 61.38000
  7.20000	 64.93568	 60.57000
  7.80000	 64.02467	 59.91000
  8.40000	 62.78874	 58.96000
  9.00000	 62.86354	 59.06000
  9.60000	 62.91338	 59.14000
 10.20000	 60.40461	 57.11000
 10.80000	 60.22451	 56.94000
 11.40000	 63.21055	 59.38000
 12.00000	 65.13640	 61.02000
 12.60000	 67.14831	 62.78000
 13.20000	 66.48694	 62.38000
 13.80000	 65.21020	 61.45000
 14.40000	 63.61676	 60.22000
 15.00000	 62.87603	 59.65000
 15.60000	 60.53354	 57.73000
 16.20000	 58.55139	 56.04000
 16.80000	 54.12185	 52.26000
 17.40000	 52.47809	 50.66000
 18.00000	 51.50529	 49.57000
 18.60000	 51.46587	 49.23000
 19.20000	 51.80636	 49.21000
 19.80000	 52.78796	 49.74000
 20.40000	 53.52015	 50.10000
 21.00000	 55.80130	 51.78000
 21.60000	 59.14531	 54.43000
 22.20000	 61.55105	 56.42000
 22.80000	 63.84972	 58.41000
 23.40000	 61.50952	 56.61000
 24.00000	 63.80223	 58.59000
 24.60000	 64.86831	 59.63000
 25.20000	 65.10916	 60.02000
 25.80000	 62.51165	 58.04000
 26.40000	 61.13431	 56.97000
 27.00000	 60.96648	 56.85000
 27.60000	 61.12156	 56.99000
 28.20000	 65.64268	 60.80000
 28.80000	 66.45611	 61.70000
 29.40000	 61.80602	 58.05000
 30.00000	 57.95298	 54.85000
 30.60000	 58.01584	 54.75000
 31.20000	 54.62901	 51.74000
 31.80000	 52.03769	 49.23000
 32.40000	 51.11639	 47.99000
 33.00000	 49.93713	 46.48000
 33.60000	 49.46000	 45.50000
 34.20000	 50.06707	 45.41000
 34.80000	 50.25365	 45.00000
 35.40000	 51.35590	 45.38000
 36.00000	 54.73090	 47.75000
 36.60000	 56.21288	 48.72000
 37.20000	 58.39962	 50.39000
 37.80000	 59.87710	 51.60000
 38.40000	 59.25477	 51.13000
 39.00000	 61.89807	 53.40000
 39.60000	 64.25545	 55.59000
 40.20000	 63.21168	 55.05000
 40.80000	 62.45830	 54.70000
 41.40000	 60.76160	 53.49000
 42.00000	 61.62142	 54.33000
 42.60000	 61.89495	 54.71000
 43.20000	 61.58875	 54.61000
 43.80000	 60.60835	 53.91000
 44.40000	 60.02294	 53.47000
 45.00000	 57.78167	 51.56000
 45.60000	 56.81341	 50.56000
 46.20000	 57.62060	 50.98000
 46.80000	 57.64321	 50.77000
 47.40000	 57.77075	 50.65000
 48.00000	 57.93486	 50.57000
 48.60000	 58.22410	 50.61000
 49.20000	 58.67231	 50.81000
 49.80000	 60.14773	 51.93000
 50.40000	 60.37078	 52.10000
 51.00000	 60.35506	 52.10000
 51.60000	 59.08743	 51.03000
 52.20000	 59.42059	 51.23000
 52.80000	 59.57807	 51.29000
 53.40000	 60.19091	 51.75000
 54.00000	 59.44460	 51.09000
 54.60000	 59.51206	 51.07000
 55.20000	 57.39355	 49.16000
 55.80000	 59.46700	 50.67000
 56.40000	 61.41747	 52.23000
 57.00000	 65.57316	 55.89000
 57.60000	 66.38087	 57.08000
 58.20000	 66.63869	 57.95000
 58.80000	 68.71736	 60.47000
 59.40000	 67.48661	 60.35000
 60.00000	 66.16058	 60.07000
 60.60000	 60.71055	 56.08000
 61.20000	 60.10408	 55.72000
 61.80000	 59.75701	 55.41000
 62.40000	 58.04822	 53.81000
 63.00000	 56.98405	 52.55000
 63.60000	 55.84627	 51.06000
 64.20000	 56.72988	 51.16000
 64.80000	 57.55000	 51.25000
 65.40000	 58.35845	 51.41000
 66.00000	 58.42023	 51.02000
 66.60000	 59.17969	 51.27000
 67.20000	 60.51412	 52.12000
 67.80000	 61.97233	 53.25000
 68.40000	 64.35258	 55.39000
 69.00000	 65.88346	 57.11000
 69.60000	 65.27987	 57.22000
 70.20000	 65.63508	 58.18000
 70.80000	 65.47632	 58.76000
 71.40000	 64.90187	 58.98000
 72.00000	 63.97445	 58.83000
 72.60000	 62.29707	 57.90000
 73.20000	 58.60666	 54.97000
 73.80000	 58.33927	 54.54000
 74.40000	 57.73400	 53.65000
 75.00000	 57.53444	 52.96000
 75.60000	 55.01707	 50.14000
 76.20000	 54.14323	 48.41000
 76.80000	 55.81108	 48.72000
 77.40000	 57.18624	 48.91000
 78.00000	 58.59291	 49.31000
 78.60000	 59.77676	 49.74000
 79.20000	 62.19805	 51.49000
 79.80000	 62.42000	 51.69000
 80.40000	 62.72582	 52.11000
 81.00000	 67.91768	 56.99000
 81.60000	 66.35633	 56.64000
 82.20000	 65.99633	 57.33000
 82.80000	 66.85630	 59.12000
 83.40000	 68.97000	 62.18000
 84.00000	 67.88295	 62.73000
 84.60000	 66.19297	 62.67000
 85.20000	 65.61612	 63.37000
 85.80000	 60.89495	 60.21000
 86.40000	 57.75969	 57.69000
 87.00000	 55.69297	 55.44000
 87.60000	 55.86686	 54.65000
 88.20000	 55.96906	 53.61000
 88.80000	 54.90702	 51.41000
 89.40000	 54.98998	 50.00000
 90.00000	 55.58851	 48.99000
 90.60000	 57.69454	 49.41000
 91.20000	 58.16043	 48.70000
 91.80000	 58.87357	 48.38000
 92.40000	 58.92451	 47.65000
 93.00000	 60.53442	 48.43000
 93.60000	 62.77670	 50.14000
 94.20000	 64.17680	 51.60000
 94.80000	 63.49021	 51.56000
 95.40000	 62.94533	 51.67000
 96.00000	 63.76408	 53.00000
 96.60000	 64.14945	 54.11000
 97.20000	 66.80282	 57.47000
 97.80000	 64.73662	 57.03000
 98.40000	 63.02565	 56.63000
 99.00000	 61.08154	 55.62000
 99.60000	 61.75684	 56.55000
100.20000	 61.22910	 56.34000
100.80000	 60.69787	 55.94000
101.40000	 60.20510	 55.38000
102.00000	 58.34203	 53.31000
102.60000	 57.75052	 51.91000
103.20000	 58.89180	 51.87000
103.80000	 60.28897	 52.25000
104.40000	 61.13067	 52.46000
105.00000	 60.76969	 51.81000
105.60000	 61.85564	 52.58000
106.20000	 62.45412	 53.23000
106.80000	 62.33553	 53.45000
107.40000	 63.52411	 55.04000
108.00000	 60.30212	 52.65000
108.60000	 58.83274	 51.09000
109.20000	 60.68924	 52.23000
109.80000	 61.17938	 52.40000
110.40000	 61.63436	 52.72000
111.00000	 62.24101	 53.41000
111.60000	 60.35955	 51.82000
112.20000	 63.57367	 54.91000
112.80000	 65.05050	 57.34000
113.40000	 65.15353	 59.15000
114.00000	 64.58245	 60.57000
114.60000	 62.88877	 60.73000
115.20000	 61.79799	 60.85000
115.80000	 61.48453	 61.18000
116.40000	 61.04968	 61.03000
117.00000	 60.50299	 60.39000
117.60000	 60.39326	 59.82000
118.20000	 57.73359	 56.19000
118.80000	 58.92807	 55.42000
119.40000	 59.82799	 54.58000
120.00000	 59.71029	 52.99000
120.60000	 59.67579	 51.50000
121.20000	 59.20255	 49.51000
121.80000	 60.73797	 49.63000
122.40000	 62.15689	 50.52000
123.00000	 62.69125	 51.44000
123.60000	 62.40024	 52.02000
124.20000	 62.94257	 53.69000
124.80000	 62.37278	 54.46000
125.40000	 61.97342	 55.17000
126.00000	 62.29032	 56.48000
126.60000	 61.51405	 56.54000
127.20000	 60.87511	 56.16000
127.80000	 60.29651	 55.20000
128.40000	 59.72392	 53.57000
129.00000	 61.13445	 53.94000
129.60000	 61.55788	 54.01000
130.20000	 60.84873	 53.03000
130.80000	 60.25984	 51.70000
131.40000	 60.51106	 50.96000
132.00000	 61.79799	 51.88000
132.60000	 61.59309	 51.93000
133.20000	 61.34204	 51.94000
133.80000	 61.03049	 51.66000
134.40000	 59.98923	 49.84000
135.00000	 62.38971	 52.23000
135.60000	 62.68935	 53.98000
136.20000	 61.77544	 54.49000
136.80000	 60.84100	 53.95000
137.40000	 60.84290	 53.60000
138.00000	 61.64609	 54.41000
138.60000	 61.03000	 53.70000
139.20000	 61.27390	 53.75000
139.80000	 61.82237	 54.72000
140.40000	 61.98973	 55.93000
141.00000	 61.85699	 56.99000
141.60000	 61.63439	 57.70000
142.20000	 61.04643	 57.12000
142.80000	 61.65755	 57.91000
143.40000	 61.33858	 57.65000
144.00000	 60.88574	 56.37000
144.60000	 60.34909	 53.63000
145.20000	 61.58007	 53.98000
145.80000	 61.59758	 54.24000
146.40000	 61.58866	 54.89000
147.00000	 61.06096	 54.10000
147.60000	 61.20103	 53.68000
148.20000	 61.69436	 54.77000
148.80000	 61.34971	 54.80000
149.40000	 61.14603	 54.10000
150.00000	 60.73278	 51.41000
150.60000	 60.93993	 49.07000
151.20000	 61.05628	 47.09000
