  0.00000	 66.09677	 52.59000
  0.60000	 66.08892	 52.40000
  1.20000	 66.08461	 52.32000
  1.80000	 66.09290	 53.31000
  2.40000	 66.08013	 52.95000
  3.00000	 66.08684	 53.19000
  3.60000	 66.09288	 54.10000
  4.20000	 66.08723	 54.47000
  4.80000	 66.11129	 57.56000
  5.40000	 66.09991	 59.59000
  6.00000	 66.09074	 60.36000
  6.60000	 66.09741	 61.38000
  7.20000	 66.08384	 60.57000
  7.80000	 66.08815	 59.91000
  8.40000	 66.08650	 58.96000
  9.00000	 66.09511	 59.06000
  9.60000	 66.09290	 59.14000
 10.20000	 66.07380	 57.11000
 10.80000	 66.09226	 56.94000
 11.40000	 66.11266	 59.38000
 12.00000	 66.10070	 61.02000
 12.60000	 66.10212	 62.78000
 13.20000	 66.08593	 62.38000
 13.80000	 66.08591	 61.45000
 14.40000	 66.08588	 60.22000
 15.00000	 66.09164	 59.65000
 15.60000	 66.07822	 57.73000
 16.20000	 66.08043	 56.04000
 16.80000	 66.06163	 52.26000
 17.40000	 66.08092	 50.66000
 18.00000	 66.08095	 49.57000
 18.60000	 66.08290	 49.23000
 19.20000	 66.08278	 49.21000
 19.80000	 66.08602	 49.74000
 20.40000	 66.08357	 50.10000
 21.00000	 66.09508	 51.78000
 21.60000	 66.10238	 54.43000
 22.20000	 66.09595	 56.42000
 22.80000	 66.09834	 58.41000
 23.40000	 66.06866	 56.61000
 24.00000	 66.10775	 58.59000
 24.60000	 66.09741	 59.63000
 25.20000	 66.09118	 60.02000
 25.80000	 66.07321	 58.04000
 26.40000	 66.08517	 56.97000
 27.00000	 66.09279	 56.85000
 27.60000	 66.09192	 56.99000
 28.20000	 66.12167	 60.80000
 28.80000	 66.09219	 61.70000
 29.40000	 66.05671	 58.05000
 30.00000	 66.06980	 54.85000
 30.60000	 66.09742	 54.75000
 31.20000	 66.06520	 51.74000
 31.80000	 66.06908	 49.23000
 32.40000	 66.07910	 47.99000
 33.00000	 66.07256	 46.48000
 33.60000	 66.07461	 45.50000
 34.20000	 66.08021	 45.41000
 34.80000	 66.07494	 45.00000
 35.40000	 66.08101	 45.38000
 36.00000	 66.09701	 47.75000
 36.60000	 66.08229	 48.72000
 37.20000	 66.09020	 50.39000
 37.80000	 66.08785	 51.60000
 38.40000	 66.07523	 51.13000
 39.00000	 66.10235	 53.40000
 39.60000	 66.09979	 55.59000
 40.20000	 66.07599	 55.05000
 40.80000	 66.08290	 54.70000
 41.40000	 66.07784	 53.49000
 42.00000	 66.09611	 54.33000
 42.60000	 66.08921	 54.71000
 43.20000	 66.08432	 54.61000
 43.80000	 66.08044	 53.91000
 44.40000	 66.08395	 53.47000
 45.00000	 66.07101	 51.56000
 45.60000	 66.07981	 50.56000
 46.20000	 66.09043	 50.98000
 46.80000	 66.08144	 50.77000
 47.40000	 66.08171	 50.65000
 48.00000	 66.08233	 50.57000
 48.60000	 66.08325	 50.61000
 49.20000	 66.08434	 50.81000
 49.80000	 66.09193	 51.93000
 50.40000	 66.08273	 52.10000
 51.00000	 66.08257	 52.10000
 51.60000	 66.07475	 51.03000
 52.20000	 66.08722	 51.23000
 52.80000	 66.08452	 51.29000
 53.40000	 66.08700	 51.75000
 54.00000	 66.07697	 51.09000
 54.60000	 66.08390	 51.07000
 55.20000	 66.06746	 49.16000
 55.80000	 66.09840	 50.67000
 56.40000	 66.09472	 52.23000
 57.00000	 66.11070	 55.89000
 57.60000	 66.08825	 57.08000
 58.20000	 66.09015	 57.95000
 58.80000	 66.10850	 60.47000
 59.40000	 66.08549	 60.35000
 60.00000	 66.08798	 60.07000
 60.60000	 66.05890	 56.08000
 61.20000	 66.09458	 55.72000
 61.80000	 66.09044	 55.41000
 62.40000	 66.07523	 53.81000
 63.00000	 66.07879	 52.55000
 63.60000	 66.07631	 51.06000
 64.20000	 66.08871	 51.16000
 64.80000	 66.08533	 51.25000
 65.40000	 66.08434	 51.41000
 66.00000	 66.07952	 51.02000
 66.60000	 66.08586	 51.27000
 67.20000	 66.09046	 52.12000
 67.80000	 66.09176	 53.25000
 68.40000	 66.10023	 55.39000
 69.00000	 66.09630	 57.11000
 69.60000	 66.08416	 57.22000
 70.20000	 66.09556	 58.18000
 70.80000	 66.09325	 58.76000
 71.40000	 66.09080	 58.98000
 72.00000	 66.08889	 58.83000
 72.60000	 66.08331	 57.90000
 73.20000	 66.06735	 54.97000
 73.80000	 66.09102	 54.54000
 74.40000	 66.08325	 53.65000
 75.00000	 66.08245	 52.96000
 75.60000	 66.06320	 50.14000
 76.20000	 66.07429	 48.41000
 76.80000	 66.08986	 48.72000
 77.40000	 66.08361	 48.91000
 78.00000	 66.08345	 49.31000
 78.60000	 66.08367	 49.74000
 79.20000	 66.09530	 51.49000
 79.80000	 66.08089	 51.69000
 80.40000	 66.08501	 52.11000
 81.00000	 66.12477	 56.99000
 81.60000	 66.07506	 56.64000
 82.20000	 66.09033	 57.33000
 82.80000	 66.10347	 59.12000
 83.40000	 66.11332	 62.18000
 84.00000	 66.09065	 62.73000
 84.60000	 66.09008	 62.67000
 85.20000	 66.10060	 63.37000
 85.80000	 66.06750	 60.21000
 86.40000	 66.07737	 57.69000
 87.00000	 66.07966	 55.44000
 87.60000	 66.08885	 54.65000
 88.20000	 66.08207	 53.61000
 88.80000	 66.06997	 51.41000
 89.40000	 66.07723	 50.00000
 90.00000	 66.07882	 48.99000
 90.60000	 66.08838	 49.41000
 91.20000	 66.07538	 48.70000
 91.80000	 66.07895	 48.38000
 92.40000	 66.07540	 47.65000
 93.00000	 66.08826	 48.43000
 93.60000	 66.09405	 50.14000
 94.20000	 66.09002	 51.60000
 94.80000	 66.07810	 51.56000
 95.40000	 66.08298	 51.67000
 96.00000	 66.09495	 53.00000
 96.60000	 66.09168	 54.11000
 97.20000	 66.11117	 57.47000
 97.80000	 66.07722	 57.03000
 98.40000	 66.08322	 56.63000
 99.00000	 66.08144	 55.62000
 99.60000	 66.09875	 56.55000
100.20000	 66.08608	 56.34000
100.80000	 66.08464	 55.94000
101.40000	 66.08433	 55.38000
102.00000	 66.07157	 53.31000
102.60000	 66.07867	 51.91000
103.20000	 66.08898	 51.87000
103.80000	 66.08889	 52.25000
104.40000	 66.08527	 52.46000
105.00000	 66.07796	 51.81000
105.60000	 66.09163	 52.58000
106.20000	 66.08924	 53.23000
106.80000	 66.08502	 53.45000
107.40000	 66.09791	 55.04000
108.00000	 66.06296	 52.65000
108.60000	 66.07501	 51.09000
109.20000	 66.09885	 52.23000
109.80000	 66.08519	 52.40000
110.40000	 66.08560	 52.72000
111.00000	 66.08959	 53.41000
111.60000	 66.07005	 51.82000
112.20000	 66.11317	 54.91000
112.80000	 66.10274	 57.34000
113.40000	 66.09655	 59.15000
114.00000	 66.09670	 60.57000
114.60000	 66.08923	 60.73000
115.20000	 66.09237	 60.85000
115.80000	 66.09572	 61.18000
116.40000	 66.09157	 61.03000
117.00000	 66.08796	 60.39000
117.60000	 66.08946	 59.82000
118.20000	 66.06307	 56.19000
118.80000	 66.09054	 55.42000
119.40000	 66.08604	 54.58000
120.00000	 66.07602	 52.99000
120.60000	 66.07656	 51.50000
121.20000	 66.07145	 49.51000
121.80000	 66.08858	 49.63000
122.40000	 66.09110	 50.52000
123.00000	 66.08832	 51.44000
123.60000	 66.08528	 52.02000
124.20000	 66.09602	 53.69000
124.80000	 66.08808	 54.46000
125.40000	 66.08923	 55.17000
126.00000	 66.09611	 56.48000
126.60000	 66.08562	 56.54000
127.20000	 66.08401	 56.16000
127.80000	 66.08091	 55.20000
128.40000	 66.07606	 53.57000
129.00000	 66.09358	 53.94000
129.60000	 66.08766	 54.01000
130.20000	 66.07724	 53.03000
130.80000	 66.07568	 51.70000
131.40000	 66.08141	 50.96000
132.00000	 66.09403	 51.88000
132.60000	 66.08316	 51.93000
133.20000	 66.08292	 51.94000
133.80000	 66.08138	 51.66000
134.40000	 66.06877	 49.84000
135.00000	 66.10668	 52.23000
135.60000	 66.09598	 53.98000
136.20000	 66.08413	 54.49000
136.80000	 66.07870	 53.95000
137.40000	 66.08374	 53.60000
138.00000	 66.09416	 54.41000
138.60000	 66.07917	 53.70000
139.20000	 66.08696	 53.75000
139.80000	 66.09475	 54.72000
140.40000	 66.09515	 55.93000
141.00000	 66.09346	 56.99000
141.60000	 66.09159	 57.70000
142.20000	 66.08227	 57.12000
142.80000	 66.09670	 57.91000
143.40000	 66.08689	 57.65000
144.00000	 66.07880	 56.37000
144.60000	 66.06816	 53.63000
145.20000	 66.09629	 53.98000
145.80000	 66.09062	 54.24000
146.40000	 66.09111	 54.89000
147.00000	 66.07833	 54.10000
147.60000	 66.08365	 53.68000
148.20000	 66.09692	 54.77000
148.80000	 66.08534	 54.80000
149.40000	 66.07972	 54.10000
150.00000	 66.06459	 51.41000
150.60000	 49.46000	 49.07000
151.20000	 68.97000	 47.09000
