  0.00000	 71.56944	 50.50000
  0.60000	 69.66208	 50.31000
  1.20000	 69.81334	 50.15000
  1.80000	 72.23490	 50.87000
  2.40000	 71.29825	 51.04000
  3.00000	 69.46440	 50.62000
  3.60000	 67.52853	 49.57000
  4.20000	 67.33672	 48.57000
  4.80000	 65.08527	 46.67000
  5.40000	 69.72915	 46.82000
  6.00000	 69.88367	 46.54000
  6.60000	 68.35856	 45.80000
  7.20000	 64.62501	 43.79000
  7.80000	 69.86290	 44.21000
  8.40000	 71.52686	 44.59000
  9.00000	 74.85010	 46.25000
  9.60000	 70.71158	 45.96000
 10.20000	 69.33902	 45.75000
 10.80000	 67.95802	 45.03000
 11.40000	 70.45231	 45.40000
 12.00000	 71.16057	 45.66000
 12.60000	 72.99665	 46.63000
 13.20000	 68.81586	 45.74000
 13.80000	 68.29747	 45.32000
 14.40000	 68.44657	 44.88000
 15.00000	 74.55675	 46.77000
 15.60000	 72.15339	 46.78000
 16.20000	 70.55745	 46.79000
 16.80000	 70.36421	 46.91000
 17.40000	 69.79254	 46.75000
 18.00000	 69.53944	 46.56000
 18.60000	 73.90127	 48.09000
 19.20000	 68.67189	 46.80000
 19.80000	 66.62808	 45.82000
 20.40000	 64.83682	 44.31000
 21.00000	 69.26842	 44.74000
 21.60000	 70.72640	 44.83000
 22.20000	 70.20276	 44.64000
 22.80000	 68.23976	 43.90000
 23.40000	 68.53205	 43.66000
 24.00000	 69.31002	 43.58000
 24.60000	 75.12862	 45.62000
 25.20000	 72.11055	 45.34000
 25.80000	 70.16683	 45.20000
 26.40000	 69.47924	 45.11000
 27.00000	 69.06363	 44.88000
 27.60000	 70.13102	 45.09000
 28.20000	 72.49878	 45.96000
 28.80000	 75.01511	 47.34000
 29.40000	 75.40881	 48.44000
 30.00000	 73.04223	 48.67000
 30.60000	 79.06207	 51.83000
 31.20000	 72.99797	 51.12000
 31.80000	 68.71954	 50.37000
 32.40000	 66.92896	 49.67000
 33.00000	 64.93633	 48.32000
 33.60000	 64.57536	 47.13000
 34.20000	 65.16267	 46.12000
 34.80000	 66.01284	 45.26000
 35.40000	 67.08719	 44.65000
 36.00000	 66.14369	 43.48000
 36.60000	 69.34461	 43.89000
 37.20000	 71.72750	 44.43000
 37.80000	 74.32964	 45.55000
 38.40000	 74.20102	 46.13000
 39.00000	 70.33553	 45.41000
 39.60000	 67.76303	 44.73000
 40.20000	 72.22543	 46.29000
 40.80000	 70.12603	 45.67000
 41.40000	 68.54808	 45.13000
 42.00000	 64.39823	 43.34000
 42.60000	 66.15213	 43.26000
 43.20000	 67.73989	 43.11000
 43.80000	 67.43297	 42.42000
 44.40000	 67.14316	 41.79000
 45.00000	 67.70431	 41.49000
 45.60000	 65.42060	 40.15000
 46.20000	 70.21630	 41.36000
 46.80000	 73.08489	 42.27000
 47.40000	 76.30636	 43.82000
 48.00000	 70.42952	 42.36000
 48.60000	 66.23413	 41.15000
 49.20000	 75.57587	 44.62000
 49.80000	 72.83722	 44.07000
 50.40000	 70.73063	 43.78000
 51.00000	 68.55478	 43.25000
 51.60000	 70.31640	 43.95000
 52.20000	 71.54858	 44.48000
 52.80000	 72.03120	 44.85000
 53.40000	 71.48903	 44.92000
 54.00000	 71.53589	 45.21000
 54.60000	 66.07077	 43.34000
 55.20000	 72.33543	 45.56000
 55.80000	 75.25749	 46.81000
 56.40000	 72.36390	 46.19000
 57.00000	 69.86724	 45.65000
 57.60000	 68.65588	 45.36000
 58.20000	 65.42092	 44.06000
 58.80000	 73.27123	 46.73000
 59.40000	 71.49051	 46.11000
 60.00000	 70.36026	 45.82000
 60.60000	 68.68387	 45.26000
 61.20000	 69.96785	 45.70000
 61.80000	 71.08256	 46.10000
 62.40000	 76.73099	 48.37000
 63.00000	 73.46845	 47.62000
 63.60000	 70.97212	 47.14000
 64.20000	 69.88918	 47.01000
 64.80000	 70.13082	 47.22000
 65.40000	 70.19182	 47.29000
 66.00000	 70.53292	 47.44000
 66.60000	 69.18887	 46.94000
 67.20000	 68.39918	 46.57000
 67.80000	 65.59736	 45.32000
 68.40000	 69.10226	 46.31000
 69.00000	 70.85739	 46.74000
 69.60000	 69.62915	 46.18000
 70.20000	 69.50154	 46.06000
 70.80000	 70.78555	 46.49000
 71.40000	 74.37303	 47.90000
 72.00000	 76.30751	 48.92000
 72.60000	 76.02406	 49.31000
 73.20000	 75.78727	 49.81000
 73.80000	 69.40833	 47.93000
 74.40000	 73.35303	 49.72000
 75.00000	 75.53468	 50.86000
 75.60000	 73.88641	 50.64000
 76.20000	 69.73241	 49.41000
 76.80000	 67.11156	 48.53000
 77.40000	 67.78705	 48.67000
 78.00000	 68.70881	 48.81000
 78.60000	 69.28811	 48.82000
 79.20000	 69.49544	 48.72000
 79.80000	 67.83308	 47.92000
 80.40000	 67.59612	 47.61000
 81.00000	 72.99233	 49.46000
 81.60000	 71.22157	 48.76000
 82.20000	 70.14144	 48.37000
 82.80000	 67.43314	 47.31000
 83.40000	 74.82182	 50.05000
 84.00000	 73.07749	 49.50000
 84.60000	 71.79776	 49.19000
 85.20000	 73.85096	 50.15000
 85.80000	 72.64072	 49.91000
 86.40000	 72.47985	 50.06000
 87.00000	 76.69443	 51.90000
 87.60000	 74.90807	 51.57000
 88.20000	 73.33839	 51.33000
 88.80000	 70.67538	 50.59000
 89.40000	 75.83446	 52.75000
 90.00000	 72.93810	 51.90000
 90.60000	 70.67310	 51.24000
 91.20000	 70.06954	 51.10000
 91.80000	 64.77193	 49.03000
 92.40000	 68.76079	 50.32000
 93.00000	 71.83297	 51.28000
 93.60000	 70.11207	 50.51000
 94.20000	 70.47374	 50.56000
 94.80000	 70.60917	 50.54000
 95.40000	 69.65603	 50.11000
 96.00000	 70.38909	 50.31000
 96.60000	 70.16443	 50.15000
 97.20000	 68.35581	 49.37000
 97.80000	 66.64937	 48.56000
 98.40000	 66.68341	 48.33000
 99.00000	 70.11350	 49.38000
 99.60000	 67.15258	 48.04000
100.20000	 67.75205	 48.04000
100.80000	 68.35578	 48.04000
101.40000	 67.74528	 47.59000
102.00000	 68.63492	 47.72000
102.60000	 69.36546	 47.82000
103.20000	 71.92179	 48.68000
103.80000	 69.29106	 47.63000
104.40000	 68.61001	 47.31000
105.00000	 76.39463	 50.26000
105.60000	 75.18809	 49.95000
106.20000	 74.49738	 49.93000
106.80000	 74.50278	 50.20000
107.40000	 77.25711	 51.55000
108.00000	 74.86323	 50.98000
108.60000	 72.49477	 50.38000
109.20000	 73.69925	 51.07000
109.80000	 69.53015	 49.64000
110.40000	 66.36883	 48.45000
111.00000	 70.25785	 49.83000
111.60000	 69.35203	 49.37000
112.20000	 69.62445	 49.36000
112.80000	 68.40104	 48.77000
113.40000	 71.00373	 49.64000
114.00000	 73.96827	 50.72000
114.60000	 80.66059	 53.39000
115.20000	 79.41938	 53.24000
115.80000	 76.95709	 52.71000
116.40000	 75.05145	 52.36000
117.00000	 71.55470	 51.30000
117.60000	 73.86751	 52.35000
118.20000	 74.49905	 52.73000
118.80000	 71.09036	 51.54000
119.40000	 68.66685	 50.63000
120.00000	 67.77738	 50.19000
120.60000	 69.67963	 50.75000
121.20000	 69.34313	 50.45000
121.80000	 68.03563	 49.77000
122.40000	 68.94672	 49.92000
123.00000	 57.83249	 45.38000
123.60000	 67.55071	 48.66000
124.20000	 75.19052	 51.27000
124.80000	 81.07644	 53.50000
125.40000	 83.16506	 54.57000
126.00000	 81.84560	 54.52000
126.60000	 74.74181	 52.26000
127.20000	 79.34289	 54.38000
127.80000	 80.56484	 55.21000
128.40000	 78.20541	 54.68000
129.00000	 75.02921	 53.77000
129.60000	 71.44501	 52.57000
130.20000	 68.91280	 51.61000
130.80000	 66.59888	 50.58000
131.40000	 68.26639	 50.97000
132.00000	 67.45630	 50.38000
132.60000	 66.52495	 49.72000
133.20000	 64.05977	 48.43000
133.80000	 66.38996	 48.94000
134.40000	 70.73871	 50.28000
135.00000	 70.05585	 49.80000
135.60000	 69.82814	 49.55000
136.20000	 66.99101	 48.30000
136.80000	 68.64247	 48.74000
137.40000	 77.32250	 51.95000
138.00000	 74.52476	 50.92000
138.60000	 72.39459	 50.18000
139.20000	 69.54501	 49.11000
139.80000	 70.73353	 49.52000
140.40000	 70.84750	 49.50000
141.00000	 69.96427	 49.09000
141.60000	 67.98644	 48.23000
142.20000	 60.19967	 45.04000
142.80000	 66.65881	 47.20000
143.40000	 69.56602	 48.06000
144.00000	 68.71438	 47.57000
144.60000	 66.73299	 46.67000
145.20000	 61.63923	 44.52000
145.80000	 67.37455	 46.47000
146.40000	 70.03562	 47.32000
147.00000	 68.62277	 46.69000
147.60000	 63.82980	 44.75000
148.20000	 64.40630	 44.80000
148.80000	 64.85317	 44.78000
149.40000	 66.21421	 45.13000
150.00000	 65.71915	 44.80000
150.60000	 62.99486	 43.61000
151.20000	 61.58388	 42.88000
151.80000	 61.22892	 42.52000
152.40000	 64.22882	 43.46000
153.00000	 64.34548	 43.35000
153.60000	 64.95211	 43.47000
154.20000	 58.66893	 40.93000
154.80000	 63.23937	 42.51000
155.40000	 65.70542	 43.34000
156.00000	 65.13460	 43.07000
156.60000	 65.99458	 43.38000
157.20000	 64.68392	 42.87000
157.80000	 64.59348	 42.82000
158.40000	 72.28846	 45.81000
159.00000	 69.12759	 44.72000
159.60000	 69.83222	 45.12000
160.20000	 71.39807	 45.86000
160.80000	 68.51931	 44.89000
161.40000	 77.26985	 48.41000
162.00000	 77.92311	 48.92000
162.60000	 77.36122	 49.00000
163.20000	 75.27621	 48.47000
163.80000	 71.76106	 47.32000
164.40000	 69.21202	 46.45000
165.00000	 65.03371	 44.86000
165.60000	 63.26999	 44.11000
166.20000	 62.64914	 43.75000
166.80000	 67.34427	 45.45000
167.40000	 67.04997	 45.29000
168.00000	 67.10970	 45.29000
168.60000	 68.04182	 45.64000
169.20000	 65.05944	 44.48000
169.80000	 69.71647	 46.26000
170.40000	 72.64992	 47.44000
171.00000	 73.13519	 47.73000
171.60000	 72.24366	 47.50000
172.20000	 71.73053	 47.40000
172.80000	 68.14522	 46.08000
173.40000	 75.24629	 48.87000
174.00000	 72.59849	 47.95000
174.60000	 70.40842	 47.18000
175.20000	 71.27943	 47.56000
175.80000	 67.90006	 46.28000
176.40000	 66.42824	 45.69000
177.00000	 71.22876	 47.52000
177.60000	 70.95966	 47.44000
178.20000	 70.84974	 47.43000
178.80000	 70.59235	 47.36000
179.40000	 69.07230	 46.79000
180.00000	 73.65260	 48.58000
180.60000	 75.86829	 49.51000
181.20000	 72.84501	 48.43000
181.80000	 72.11324	 48.20000
182.40000	 71.13004	 47.85000
183.00000	 69.02156	 47.04000
183.60000	 68.43266	 46.79000
184.20000	 67.51483	 46.40000
184.80000	 67.36935	 46.30000
185.40000	 63.97620	 44.93000
186.00000	 63.25295	 44.56000
186.60000	 66.61467	 45.78000
187.20000	 69.76184	 46.97000
187.80000	 70.80724	 47.39000
188.40000	 72.13908	 47.94000
189.00000	 69.13027	 46.81000
189.60000	 74.62016	 48.96000
190.20000	 77.03702	 49.98000
190.80000	 74.16130	 48.96000
191.40000	 73.78255	 48.87000
192.00000	 72.99915	 48.61000
192.60000	 71.12878	 47.91000
193.20000	 70.94074	 47.84000
193.80000	 70.60733	 47.71000
194.40000	 71.30839	 47.98000
195.00000	 62.52372	 44.55000
195.60000	 69.75622	 47.27000
196.20000	 73.31851	 48.66000
196.80000	 71.53063	 48.00000
197.40000	 72.98507	 48.58000
198.00000	 71.63157	 48.08000
198.60000	 70.94456	 47.82000
199.20000	 75.18861	 49.48000
199.80000	 71.11828	 47.94000
200.40000	 69.47037	 47.29000
201.00000	 68.78155	 47.00000
201.60000	 66.54520	 46.10000
202.20000	 66.43761	 46.01000
202.80000	 67.56852	 46.41000
203.40000	 71.11173	 47.77000
204.00000	 76.08741	 49.73000
204.60000	 79.04797	 50.95000
205.20000	 78.37739	 50.77000
205.80000	 78.00799	 50.69000
206.40000	 79.32659	 51.26000
207.00000	 77.17579	 50.48000
207.60000	 76.45233	 50.23000
208.20000	 75.52295	 49.89000
208.80000	 67.66645	 46.83000
209.40000	 67.73479	 46.80000
210.00000	 66.83506	 46.40000
210.60000	 65.63504	 45.88000
211.20000	 61.27428	 44.12000
211.80000	 58.61806	 43.00000
212.40000	 51.07835	 39.96000
