  0.00000	 72.93111	 50.50000
  0.60000	 72.63058	 50.31000
  1.20000	 72.38255	 50.15000
  1.80000	 73.50633	 50.87000
  2.40000	 73.75360	 51.04000
  3.00000	 73.08059	 50.62000
  3.60000	 71.44474	 49.57000
  4.20000	 69.92113	 48.57000
  4.80000	 67.03422	 46.67000
  5.40000	 67.38519	 46.82000
  6.00000	 67.05845	 46.54000
  6.60000	 66.02348	 45.80000
  7.20000	 63.04359	 43.79000
  7.80000	 63.88903	 44.21000
  8.40000	 64.64630	 44.59000
  9.00000	 67.35838	 46.25000
  9.60000	 66.98618	 45.96000
 10.20000	 66.74531	 45.75000
 10.80000	 65.72171	 45.03000
 11.40000	 66.40512	 45.40000
 12.00000	 66.89826	 45.66000
 12.60000	 68.47100	 46.63000
 13.20000	 67.13295	 45.74000
 13.80000	 66.55672	 45.32000
 14.40000	 65.96542	 44.88000
 15.00000	 68.97635	 46.77000
 15.60000	 69.00502	 46.78000
 16.20000	 69.03406	 46.79000
 16.80000	 69.23281	 46.91000
 17.40000	 68.99670	 46.75000
 18.00000	 68.72349	 46.56000
 18.60000	 71.10107	 48.09000
 19.20000	 69.07549	 46.80000
 19.80000	 67.59475	 45.82000
 20.40000	 65.35184	 44.31000
 21.00000	 66.15770	 44.74000
 21.60000	 66.41272	 44.83000
 22.20000	 66.22824	 44.64000
 22.80000	 65.20697	 43.90000
 23.40000	 64.98599	 43.66000
 24.00000	 65.01571	 43.58000
 24.60000	 68.28342	 45.62000
 25.20000	 67.88163	 45.34000
 25.80000	 67.70988	 45.20000
 26.40000	 67.62266	 45.11000
 27.00000	 67.32656	 44.88000
 27.60000	 67.71477	 45.09000
 28.20000	 69.09499	 45.96000
 28.80000	 71.19771	 47.34000
 29.40000	 72.78923	 48.44000
 30.00000	 72.99314	 48.67000
 30.60000	 77.65565	 51.83000
 31.20000	 76.23408	 51.12000
 31.80000	 74.82313	 50.37000
 32.40000	 73.56168	 49.67000
 33.00000	 71.37804	 48.32000
 33.60000	 69.54422	 47.13000
 34.20000	 68.07351	 46.12000
 34.80000	 66.90175	 45.26000
 35.40000	 66.16512	 44.65000
 36.00000	 64.61284	 43.48000
 36.60000	 65.52923	 43.89000
 37.20000	 66.59327	 44.43000
 37.80000	 68.47684	 45.55000
 38.40000	 69.44179	 46.13000
 39.00000	 68.38565	 45.41000
 39.60000	 67.44496	 44.73000
 40.20000	 69.94406	 46.29000
 40.80000	 69.01372	 45.67000
 41.40000	 68.25310	 45.13000
 42.00000	 65.64918	 43.34000
 42.60000	 65.77617	 43.26000
 43.20000	 65.79400	 43.11000
 43.80000	 64.99438	 42.42000
 44.40000	 64.32950	 41.79000
 45.00000	 64.20017	 41.49000
 45.60000	 62.51000	 40.15000
 46.20000	 64.75978	 41.36000
 46.80000	 66.41851	 42.27000
 47.40000	 68.92676	 43.82000
 48.00000	 66.74083	 42.36000
 48.60000	 65.06310	 41.15000
 49.20000	 70.53417	 44.62000
 49.80000	 69.61475	 44.07000
 50.40000	 69.13149	 43.78000
 51.00000	 68.32462	 43.25000
 51.60000	 69.42525	 43.95000
 52.20000	 70.20380	 44.48000
 52.80000	 70.68913	 44.85000
 53.40000	 70.69155	 44.92000
 54.00000	 71.02598	 45.21000
 54.60000	 68.10928	 43.34000
 55.20000	 71.53079	 45.56000
 55.80000	 73.26930	 46.81000
 56.40000	 72.07290	 46.19000
 57.00000	 71.07935	 45.65000
 57.60000	 70.54704	 45.36000
 58.20000	 68.56442	 44.06000
 58.80000	 72.67412	 46.73000
 59.40000	 71.57232	 46.11000
 60.00000	 71.03157	 45.82000
 60.60000	 70.13838	 45.26000
 61.20000	 70.81816	 45.70000
 61.80000	 71.39630	 46.10000
 62.40000	 74.71086	 48.37000
 63.00000	 73.25253	 47.62000
 63.60000	 72.29504	 47.14000
 64.20000	 71.94986	 47.01000
 64.80000	 72.15764	 47.22000
 65.40000	 72.15383	 47.29000
 66.00000	 72.27637	 47.44000
 66.60000	 71.43012	 46.94000
 67.20000	 70.85766	 46.57000
 67.80000	 69.04708	 45.32000
 68.40000	 70.73561	 46.31000
 69.00000	 71.46523	 46.74000
 69.60000	 70.65308	 46.18000
 70.20000	 70.55745	 46.06000
 70.80000	 71.29060	 46.49000
 71.40000	 73.40666	 47.90000
 72.00000	 74.73489	 48.92000
 72.60000	 74.97425	 49.31000
 73.20000	 75.32562	 49.81000
 73.80000	 72.11951	 47.93000
 74.40000	 74.64389	 49.72000
 75.00000	 76.00315	 50.86000
 75.60000	 75.20842	 50.64000
 76.20000	 72.98623	 49.41000
 76.80000	 71.51630	 48.53000
 77.40000	 71.74251	 48.67000
 78.00000	 71.98986	 48.81000
 78.60000	 72.03833	 48.82000
 79.20000	 71.92508	 48.72000
 79.80000	 70.79713	 47.92000
 80.40000	 70.51384	 47.61000
 81.00000	 73.45415	 49.46000
 81.60000	 72.34373	 48.76000
 82.20000	 71.76487	 48.37000
 82.80000	 70.26545	 47.31000
 83.40000	 74.51541	 50.05000
 84.00000	 73.49860	 49.50000
 84.60000	 72.88444	 49.19000
 85.20000	 74.18884	 50.15000
 85.80000	 73.59467	 49.91000
 86.40000	 73.61932	 50.06000
 87.00000	 76.11683	 51.90000
 87.60000	 75.15256	 51.57000
 88.20000	 74.38506	 51.33000
 88.80000	 72.97571	 50.59000
 89.40000	 75.98797	 52.75000
 90.00000	 74.28705	 51.90000
 90.60000	 73.02609	 51.24000
 91.20000	 72.69401	 51.10000
 91.80000	 69.62677	 49.03000
 92.40000	 71.86274	 50.32000
 93.00000	 73.42840	 51.28000
 93.60000	 72.27298	 50.51000
 94.20000	 72.41396	 50.56000
 94.80000	 72.43997	 50.54000
 95.40000	 71.86485	 50.11000
 96.00000	 72.27709	 50.31000
 96.60000	 72.12616	 50.15000
 97.20000	 71.08990	 49.37000
 97.80000	 70.14508	 48.56000
 98.40000	 70.19143	 48.33000
 99.00000	 72.12681	 49.38000
 99.60000	 70.35944	 48.04000
100.20000	 70.72595	 48.04000
100.80000	 71.06562	 48.04000
101.40000	 70.70905	 47.59000
102.00000	 71.22993	 47.72000
102.60000	 71.63943	 47.82000
103.20000	 73.07761	 48.68000
103.80000	 71.53721	 47.63000
104.40000	 71.21133	 47.31000
105.00000	 75.66482	 50.26000
105.60000	 74.80737	 49.95000
106.20000	 74.36849	 49.93000
106.80000	 74.36741	 50.20000
107.40000	 75.91209	 51.55000
108.00000	 74.46739	 50.98000
108.60000	 73.14247	 50.38000
109.20000	 73.88508	 51.07000
109.80000	 71.52842	 49.64000
110.40000	 69.87633	 48.45000
111.00000	 72.23860	 49.83000
111.60000	 71.70844	 49.37000
112.20000	 71.88450	 49.36000
112.80000	 71.20961	 48.77000
113.40000	 72.72295	 49.64000
114.00000	 74.32059	 50.72000
114.60000	 77.89650	 53.39000
115.20000	 76.80746	 53.24000
115.80000	 75.18317	 52.71000
116.40000	 74.01809	 52.36000
117.00000	 72.05780	 51.30000
117.60000	 73.47438	 52.35000
118.20000	 73.81214	 52.73000
118.80000	 71.87970	 51.54000
119.40000	 70.66403	 50.63000
120.00000	 70.38838	 50.19000
120.60000	 71.65894	 50.75000
121.20000	 71.55584	 50.45000
121.80000	 70.92074	 49.77000
122.40000	 71.56099	 49.92000
123.00000	 65.50868	 45.38000
123.60000	 71.51729	 48.66000
124.20000	 75.72643	 51.27000
124.80000	 78.52628	 53.50000
125.40000	 78.95000	 54.57000
126.00000	 77.47526	 54.52000
126.60000	 73.02662	 52.26000
127.20000	 75.49852	 54.38000
127.80000	 75.86839	 55.21000
128.40000	 74.27285	 54.68000
129.00000	 72.44752	 53.77000
129.60000	 70.64440	 52.57000
130.20000	 69.65370	 51.61000
130.80000	 68.91829	 50.58000
131.40000	 70.42695	 50.97000
132.00000	 70.38440	 50.38000
132.60000	 70.24978	 49.72000
133.20000	 69.27634	 48.43000
133.80000	 70.98176	 48.94000
134.40000	 73.49852	 50.28000
135.00000	 72.92062	 49.80000
135.60000	 72.62647	 49.55000
136.20000	 70.97214	 48.30000
136.80000	 71.96378	 48.74000
137.40000	 76.54730	 51.95000
138.00000	 74.31795	 50.92000
138.60000	 72.76146	 50.18000
139.20000	 71.10535	 49.11000
139.80000	 71.90586	 49.52000
140.40000	 72.06441	 49.50000
141.00000	 71.69685	 49.09000
141.60000	 70.83408	 48.23000
142.20000	 67.12147	 45.04000
142.80000	 71.53534	 47.20000
143.40000	 73.32539	 48.06000
144.00000	 72.74903	 47.57000
144.60000	 71.61531	 46.67000
145.20000	 69.08183	 44.52000
145.80000	 72.64529	 46.47000
146.40000	 73.94628	 47.32000
147.00000	 72.82937	 46.69000
147.60000	 70.17919	 44.75000
148.20000	 70.85833	 44.80000
148.80000	 71.40854	 44.78000
149.40000	 72.32089	 45.13000
150.00000	 72.07709	 44.80000
150.60000	 70.74419	 43.61000
151.20000	 70.39259	 42.88000
151.80000	 70.70304	 42.52000
152.40000	 72.62812	 43.46000
153.00000	 72.61995	 43.35000
153.60000	 72.77095	 43.47000
154.20000	 69.47071	 40.93000
154.80000	 72.36803	 42.51000
155.40000	 73.54714	 43.34000
156.00000	 72.85628	 43.07000
156.60000	 72.97301	 43.38000
157.20000	 72.00886	 42.87000
157.80000	 71.93085	 42.82000
158.40000	 75.62980	 45.81000
159.00000	 73.04359	 44.72000
159.60000	 72.95654	 45.12000
160.20000	 73.36353	 45.86000
160.80000	 71.61714	 44.89000
161.40000	 75.88040	 48.41000
162.00000	 75.00961	 48.92000
162.60000	 73.70205	 49.00000
163.20000	 72.14380	 48.47000
163.80000	 70.60640	 47.32000
164.40000	 70.25332	 46.45000
165.00000	 69.49437	 44.86000
165.60000	 70.21942	 44.11000
166.20000	 71.23867	 43.75000
166.80000	 74.13776	 45.45000
167.40000	 73.51264	 45.29000
168.00000	 73.00817	 45.29000
168.60000	 72.98974	 45.64000
169.20000	 71.29287	 44.48000
169.80000	 73.62659	 46.26000
170.40000	 74.31904	 47.44000
171.00000	 73.55712	 47.73000
171.60000	 72.47617	 47.50000
172.20000	 72.09574	 47.40000
172.80000	 70.75494	 46.08000
173.40000	 74.54262	 48.87000
174.00000	 72.64328	 47.95000
174.60000	 71.63909	 47.18000
175.20000	 72.41431	 47.56000
175.80000	 71.21247	 46.28000
176.40000	 71.38038	 45.69000
177.00000	 73.98886	 47.52000
177.60000	 73.22617	 47.44000
178.20000	 72.70450	 47.43000
178.80000	 72.37735	 47.36000
179.40000	 71.80253	 46.79000
180.00000	 73.88594	 48.58000
180.60000	 73.95240	 49.51000
181.20000	 71.91040	 48.43000
181.80000	 71.86473	 48.20000
182.40000	 71.93908	 47.85000
183.00000	 71.66150	 47.04000
183.60000	 72.11623	 46.79000
184.20000	 72.19089	 46.40000
184.80000	 72.43058	 46.30000
185.40000	 71.37532	 44.93000
186.00000	 71.86346	 44.56000
186.60000	 73.43697	 45.78000
187.20000	 73.82708	 46.97000
187.80000	 73.09150	 47.39000
188.40000	 72.86091	 47.94000
189.00000	 71.50042	 46.81000
189.60000	 73.80506	 48.96000
190.20000	 73.66550	 49.98000
190.80000	 71.89425	 48.96000
191.40000	 72.15780	 48.87000
192.00000	 72.29012	 48.61000
192.60000	 72.05995	 47.91000
193.20000	 72.47649	 47.84000
193.80000	 72.53291	 47.71000
194.40000	 72.77081	 47.98000
195.00000	 70.27471	 44.55000
195.60000	 73.95279	 47.27000
196.20000	 73.85518	 48.66000
196.80000	 72.19103	 48.00000
197.40000	 72.65167	 48.58000
198.00000	 72.20596	 48.08000
198.60000	 72.33064	 47.82000
199.20000	 73.52811	 49.48000
199.80000	 71.79625	 47.94000
200.40000	 72.04890	 47.29000
201.00000	 72.41598	 47.00000
201.60000	 72.13390	 46.10000
202.20000	 72.49939	 46.01000
202.80000	 72.75856	 46.41000
203.40000	 73.17825	 47.77000
204.00000	 73.40804	 49.73000
204.60000	 73.00522	 50.95000
205.20000	 72.36811	 50.77000
205.80000	 72.50033	 50.69000
206.40000	 72.87761	 51.26000
207.00000	 72.34420	 50.48000
207.60000	 72.55504	 50.23000
208.20000	 72.55466	 49.89000
208.80000	 71.58157	 46.83000
209.40000	 72.71258	 46.80000
210.00000	 72.54527	 46.40000
210.60000	 72.40530	 45.88000
211.20000	 72.03376	 44.12000
211.80000	 72.28296	 43.00000
212.40000	 71.77679	 39.96000
