  0.00000	 62.25000	 41.72000
  0.60000	 64.70926	 42.98000
  1.20000	 65.44558	 43.30000
  1.80000	 65.73663	 43.38000
  2.40000	 66.33727	 43.64000
  3.00000	 67.13500	 44.02000
  3.60000	 68.72887	 44.86000
  4.20000	 69.68431	 45.36000
  4.80000	 71.13196	 46.15000
  5.40000	 69.34243	 45.13000
  6.00000	 68.76203	 44.77000
  6.60000	 70.84856	 45.91000
  7.20000	 71.01122	 45.99000
  7.80000	 71.08246	 46.02000
  8.40000	 68.62598	 44.62000
  9.00000	 70.77029	 45.79000
  9.60000	 71.99521	 46.47000
 10.20000	 72.20157	 46.59000
 10.80000	 71.48711	 46.19000
 11.40000	 71.14607	 45.99000
 12.00000	 69.47580	 45.03000
 12.60000	 70.97040	 45.84000
 13.20000	 72.05356	 46.44000
 13.80000	 75.06140	 48.15000
 14.40000	 73.14628	 47.11000
 15.00000	 72.18797	 46.58000
 15.60000	 76.18374	 48.85000
 16.20000	 75.63313	 48.60000
 16.80000	 75.12177	 48.36000
 17.40000	 74.61318	 48.11000
 18.00000	 73.82587	 47.69000
 18.60000	 73.18941	 47.34000
 19.20000	 75.15375	 48.46000
 19.80000	 74.11002	 47.90000
 20.40000	 73.83986	 47.76000
 21.00000	 71.28620	 46.31000
 21.60000	 71.86798	 46.60000
 22.20000	 73.32141	 47.40000
 22.80000	 74.88051	 48.29000
 23.40000	 82.03330	 52.41000
 24.00000	 83.82528	 53.61000
 24.60000	 84.18000	 54.02000
 25.20000	 80.90029	 52.35000
 25.80000	 82.64492	 53.48000
 26.40000	 79.35742	 51.76000
 27.00000	 76.46795	 50.19000
 27.60000	 74.43066	 49.04000
 28.20000	 71.88436	 47.55000
 28.80000	 69.92855	 46.34000
 29.40000	 67.92790	 45.06000
 30.00000	 67.65882	 44.73000
 30.60000	 67.58463	 44.51000
 31.20000	 67.76582	 44.44000
 31.80000	 67.07868	 43.88000
 32.40000	 67.63067	 44.02000
 33.00000	 71.41610	 46.04000
 33.60000	 73.30229	 47.07000
 34.20000	 73.62059	 47.25000
 34.80000	 74.06151	 47.51000
 35.40000	 71.81172	 46.23000
 36.00000	 74.11025	 47.51000
 36.60000	 75.37970	 48.26000
 37.20000	 74.36867	 47.73000
 37.80000	 72.73517	 46.81000
 38.40000	 71.72545	 46.20000
 39.00000	 70.18309	 45.25000
 39.60000	 69.53567	 44.77000
 40.20000	 69.99440	 44.91000
 40.80000	 70.30521	 44.98000
 41.40000	 70.37062	 44.92000
 42.00000	 70.37718	 44.83000
 42.60000	 69.72511	 44.36000
 43.20000	 70.22924	 44.54000
 43.80000	 73.99601	 46.63000
 44.40000	 72.59326	 45.85000
 45.00000	 71.73133	 45.34000
 45.60000	 71.11434	 44.94000
 46.20000	 71.64056	 45.18000
 46.80000	 71.87906	 45.27000
 47.40000	 72.32563	 45.49000
 48.00000	 71.55770	 45.02000
 48.60000	 71.18235	 44.75000
 49.20000	 68.19014	 42.94000
 49.80000	 70.66743	 44.20000
 50.40000	 72.25178	 45.03000
 51.00000	 71.97128	 44.84000
 51.60000	 72.69575	 45.23000
 52.20000	 73.43870	 45.66000
 52.80000	 72.19277	 44.96000
 53.40000	 75.24541	 46.72000
 54.00000	 76.44436	 47.52000
 54.60000	 74.99782	 46.83000
 55.20000	 74.50832	 46.64000
 55.80000	 73.98209	 46.40000
 56.40000	 72.92601	 45.82000
 57.00000	 72.98518	 45.84000
 57.60000	 72.72823	 45.67000
 58.20000	 72.85504	 45.71000
 58.80000	 70.91372	 44.54000
 59.40000	 70.27048	 44.04000
 60.00000	 73.11811	 45.55000
 60.60000	 72.67879	 45.26000
 61.20000	 72.57946	 45.16000
 61.80000	 71.97529	 44.76000
 62.40000	 73.36113	 45.50000
 63.00000	 74.39821	 46.10000
 63.60000	 75.81367	 46.98000
 64.20000	 75.12652	 46.70000
 64.80000	 74.70601	 46.55000
 65.40000	 72.85185	 45.53000
 66.00000	 77.88853	 48.47000
 66.60000	 75.70203	 47.40000
 67.20000	 73.91141	 46.47000
 67.80000	 73.58396	 46.30000
 68.40000	 73.29838	 46.12000
 69.00000	 72.09263	 45.37000
 69.60000	 74.32747	 46.58000
 70.20000	 74.64638	 46.77000
 70.80000	 75.05169	 47.04000
 71.40000	 72.92414	 45.84000
 72.00000	 74.30487	 46.60000
 72.60000	 75.13779	 47.10000
 73.20000	 75.12350	 47.15000
 73.80000	 74.33937	 46.75000
 74.40000	 74.22064	 46.70000
 75.00000	 70.72192	 44.63000
 75.60000	 73.18025	 45.88000
 76.20000	 75.08919	 46.92000
 76.80000	 74.39904	 46.54000
 77.40000	 75.09173	 46.96000
 78.00000	 75.70737	 47.38000
 78.60000	 75.30490	 47.24000
 79.20000	 76.04060	 47.76000
 79.80000	 76.24640	 48.01000
 80.40000	 79.15781	 49.89000
 81.00000	 76.19248	 48.46000
 81.60000	 74.07208	 47.37000
 82.20000	 75.77282	 48.40000
 82.80000	 75.56503	 48.37000
 83.40000	 75.51320	 48.42000
 84.00000	 70.93253	 45.76000
 84.60000	 73.22083	 46.89000
 85.20000	 74.70367	 47.64000
 85.80000	 72.87137	 46.51000
 86.40000	 71.60473	 45.61000
 87.00000	 70.52246	 44.72000
 87.60000	 71.02232	 44.68000
 88.20000	 71.71920	 44.77000
 88.80000	 72.20696	 44.78000
 89.40000	 73.67450	 45.42000
 90.00000	 74.64619	 45.88000
 90.60000	 72.55439	 44.60000
 91.20000	 76.37285	 46.74000
 91.80000	 78.13260	 47.91000
 92.40000	 77.40346	 47.76000
 93.00000	 77.10212	 47.86000
 93.60000	 76.99910	 48.07000
 94.20000	 76.44145	 48.00000
 94.80000	 79.40182	 50.00000
 95.40000	 77.53541	 49.31000
 96.00000	 76.07993	 48.76000
 96.60000	 75.50906	 48.62000
 97.20000	 74.59581	 48.20000
 97.80000	 74.09343	 47.93000
 98.40000	 74.88335	 48.37000
 99.00000	 75.36213	 48.66000
 99.60000	 75.78026	 48.95000
100.20000	 73.99485	 47.95000
100.80000	 75.57649	 48.85000
101.40000	 76.29000	 49.33000
102.00000	 76.62154	 49.65000
102.60000	 75.10797	 48.90000
103.20000	 74.17196	 48.39000
103.80000	 73.27805	 47.81000
104.40000	 73.09626	 47.56000
105.00000	 74.78833	 48.40000
105.60000	 75.88053	 49.00000
106.20000	 77.14937	 49.82000
106.80000	 75.46980	 48.99000
107.40000	 74.68815	 48.60000
108.00000	 76.46634	 49.69000
108.60000	 76.85123	 50.07000
109.20000	 76.42130	 50.01000
109.80000	 75.30086	 49.51000
110.40000	 71.96522	 47.56000
111.00000	 73.40810	 48.20000
111.60000	 74.36766	 48.60000
112.20000	 73.78442	 48.13000
112.80000	 73.42093	 47.75000
113.40000	 73.67763	 47.71000
114.00000	 69.86242	 45.19000
114.60000	 74.42556	 47.44000
115.20000	 76.78145	 48.70000
115.80000	 76.46347	 48.60000
116.40000	 76.17853	 48.57000
117.00000	 75.66219	 48.41000
117.60000	 75.47811	 48.42000
118.20000	 79.05764	 50.73000
118.80000	 76.58931	 49.67000
119.40000	 75.01069	 48.98000
120.00000	 74.43075	 48.73000
120.60000	 73.32724	 48.05000
121.20000	 74.86741	 48.85000
121.80000	 75.78449	 49.38000
122.40000	 74.11372	 48.41000
123.00000	 73.38863	 47.87000
123.60000	 73.18712	 47.55000
124.20000	 71.34187	 46.15000
124.80000	 73.98986	 47.32000
125.40000	 75.31688	 47.91000
126.00000	 73.51558	 46.73000
126.60000	 73.13192	 46.28000
127.20000	 73.35430	 46.15000
127.80000	 74.53390	 46.63000
128.40000	 75.33245	 47.01000
129.00000	 75.57786	 47.17000
129.60000	 76.18673	 47.63000
130.20000	 74.29972	 46.62000
130.80000	 74.06716	 46.45000
131.40000	 76.03223	 47.61000
132.00000	 77.04931	 48.40000
132.60000	 75.06897	 47.46000
133.20000	 74.30206	 47.08000
133.80000	 70.45471	 44.60000
134.40000	 74.96343	 46.89000
135.00000	 77.53449	 48.43000
135.60000	 76.82936	 48.29000
136.20000	 75.27911	 47.62000
136.80000	 74.66207	 47.37000
137.40000	 75.12208	 47.70000
138.00000	 77.53705	 49.33000
138.60000	 75.31994	 48.32000
139.20000	 73.98902	 47.62000
139.80000	 72.23004	 46.40000
140.40000	 74.08223	 47.19000
141.00000	 74.94354	 47.53000
141.60000	 76.12687	 48.23000
142.20000	 72.90990	 46.27000
142.80000	 72.27589	 45.53000
143.40000	 75.54979	 47.18000
144.00000	 75.56208	 47.17000
144.60000	 74.40492	 46.47000
145.20000	 73.98128	 46.10000
145.80000	 74.52232	 46.28000
146.40000	 75.47449	 46.81000
147.00000	 75.68458	 47.03000
147.60000	 75.75186	 47.24000
148.20000	 72.59768	 45.32000
148.80000	 75.47176	 46.88000
149.40000	 77.12575	 48.07000
150.00000	 78.87969	 49.73000
150.60000	 77.95600	 50.04000
151.20000	 75.05221	 48.94000
151.80000	 73.29978	 48.04000
152.40000	 77.13628	 50.50000
153.00000	 74.89851	 49.45000
153.60000	 73.30660	 48.43000
154.20000	 73.64942	 48.33000
154.80000	 71.73085	 46.60000
155.40000	 71.30858	 45.40000
156.00000	 73.86828	 46.07000
156.60000	 73.32920	 45.08000
157.20000	 73.18739	 44.32000
157.80000	 71.32748	 42.31000
158.40000	 76.19463	 44.66000
159.00000	 75.11070	 43.93000
159.60000	 74.27858	 43.32000
160.20000	 76.73930	 44.96000
160.80000	 74.68289	 43.99000
161.40000	 73.74235	 43.39000
162.00000	 77.44404	 45.91000
162.60000	 76.10303	 45.72000
163.20000	 75.20487	 45.64000
163.80000	 74.52660	 45.46000
164.40000	 73.89575	 45.04000
165.00000	 75.61584	 46.12000
165.60000	 76.31782	 46.91000
166.20000	 76.03944	 47.26000
166.80000	 73.86115	 46.13000
167.40000	 73.25650	 45.47000
168.00000	 75.42453	 46.61000
168.60000	 76.06347	 47.22000
169.20000	 75.88201	 47.52000
169.80000	 75.62853	 47.80000
170.40000	 74.02008	 46.93000
171.00000	 73.82566	 46.55000
171.60000	 76.23716	 48.08000
172.20000	 73.90119	 46.63000
172.80000	 73.08356	 45.58000
173.40000	 73.13548	 44.77000
174.00000	 74.70420	 45.12000
174.60000	 75.09423	 45.13000
175.20000	 75.74790	 45.67000
175.80000	 76.97123	 47.13000
176.40000	 78.94402	 49.98000
177.00000	 78.97656	 52.32000
177.60000	 74.64315	 51.10000
178.20000	 73.66706	 50.72000
178.80000	 75.65991	 52.09000
179.40000	 77.20664	 53.83000
180.00000	 73.80803	 51.93000
180.60000	 72.77868	 50.43000
181.20000	 73.13894	 49.33000
181.80000	 73.10823	 47.81000
182.40000	 75.23220	 48.25000
183.00000	 75.48763	 48.21000
183.60000	 74.32292	 47.20000
184.20000	 72.58490	 45.01000
184.80000	 73.20635	 43.94000
185.40000	 76.23117	 45.52000
186.00000	 74.54670	 44.43000
186.60000	 76.93184	 46.72000
187.20000	 76.84882	 48.21000
187.80000	 73.86917	 46.84000
188.40000	 74.53840	 47.15000
189.00000	 74.89408	 47.30000
189.60000	 75.22464	 47.63000
190.20000	 74.35170	 46.89000
190.80000	 74.38641	 46.46000
191.40000	 75.49331	 47.21000
192.00000	 75.03265	 47.11000
192.60000	 74.85096	 47.05000
193.20000	 74.48497	 46.58000
193.80000	 75.04039	 46.85000
194.40000	 75.18718	 47.12000
195.00000	 75.69635	 48.08000
195.60000	 74.73080	 47.72000
196.20000	 74.61190	 47.47000
196.80000	 74.35162	 46.75000
197.40000	 74.97286	 46.86000
198.00000	 75.19967	 47.13000
198.60000	 75.75970	 48.28000
199.20000	 75.01553	 48.33000
199.80000	 74.89232	 48.40000
200.40000	 74.48917	 47.74000
201.00000	 76.13847	 49.69000
201.60000	 74.68019	 49.01000
202.20000	 74.51851	 48.41000
202.80000	 74.71597	 47.95000
203.40000	 74.81587	 47.55000
204.00000	 74.61955	 46.80000
204.60000	 75.65523	 48.07000
205.20000	 74.65887	 47.42000
205.80000	 74.81630	 47.26000
206.40000	 74.07511	 45.38000
207.00000	 75.70891	 46.96000
207.60000	 75.50056	 48.17000
208.20000	 75.12802	 48.87000
208.80000	 75.50539	 50.47000
209.40000	 74.61199	 49.73000
210.00000	 74.88468	 49.43000
210.60000	 75.55639	 50.81000
211.20000	 74.78284	 50.19000
211.80000	 74.80212	 49.46000
212.40000	 74.84293	 48.61000
