   0.00000	  62.88668	  63.19000
   0.60000	  61.53356	  62.70000
   1.20000	  57.23165	  60.18000
   1.80000	  58.26350	  61.02000
   2.40000	  58.61236	  61.31000
   3.00000	  58.99568	  61.60000
   3.60000	  56.60641	  60.01000
   4.20000	  54.90771	  58.75000
   4.80000	  55.44833	  58.84000
   5.40000	  53.71224	  57.32000
   6.00000	  53.50570	  56.71000
   6.60000	  55.93568	  57.82000
   7.20000	  55.29641	  56.95000
   7.80000	  55.06076	  56.38000
   8.40000	  55.15844	  56.04000
   9.00000	  52.46794	  53.81000
   9.60000	  56.67619	  56.13000
  10.20000	  57.84671	  56.56000
  10.80000	  58.60532	  56.88000
  11.40000	  59.36634	  57.34000
  12.00000	  59.58483	  57.55000
  12.60000	  59.29609	  57.49000
  13.20000	  56.46923	  55.72000
  13.80000	  59.51301	  57.79000
  14.40000	  59.06652	  57.58000
  15.00000	  58.36414	  57.22000
  15.60000	  60.09779	  58.49000
  16.20000	  56.73035	  56.37000
  16.80000	  54.68431	  54.99000
  17.40000	  57.66813	  56.83000
  18.00000	  57.69881	  56.73000
  18.60000	  58.31310	  57.07000
  19.20000	  61.22883	  59.04000
  19.80000	  57.83856	  56.92000
  20.40000	  62.80447	  60.40000
  21.00000	  65.65724	  62.69000
  21.60000	  64.69261	  62.68000
  22.20000	  63.00340	  62.27000
  22.80000	  61.18403	  61.71000
  23.40000	  60.62628	  61.86000
  24.00000	  57.29504	  60.00000
  24.60000	  55.78267	  59.11000
  25.20000	  57.60814	  60.26000
  25.80000	  54.99306	  58.37000
  26.40000	  55.27424	  58.29000
  27.00000	  56.07890	  58.50000
  27.60000	  52.67901	  55.86000
  28.20000	  56.23804	  57.77000
  28.80000	  58.78534	  59.11000
  29.40000	  59.84721	  59.66000
  30.00000	  60.41916	  60.06000
  30.60000	  60.51923	  60.27000
  31.20000	  60.43736	  60.43000
  31.80000	  57.56674	  58.72000
  32.40000	  59.71312	  60.27000
  33.00000	  59.98909	  60.59000
  33.60000	  57.12773	  58.81000
  34.20000	  57.99973	  59.42000
  34.80000	  55.90809	  57.98000
  35.40000	  54.45153	  56.83000
  36.00000	  55.00812	  56.89000
  36.60000	  54.88797	  56.44000
  37.20000	  55.14789	  56.22000
  37.80000	  55.67983	  56.19000
  38.40000	  51.87307	  53.24000
  39.00000	  58.05071	  56.89000
  39.60000	  62.93251	  59.93000
  40.20000	  67.52729	  63.22000
  40.80000	  68.68454	  64.68000
  41.40000	  68.80830	  65.77000
  42.00000	  67.57749	  66.11000
  42.60000	  67.41073	  67.18000
  43.20000	  65.26398	  66.88000
  43.80000	  63.12219	  66.43000
  44.40000	  58.71035	  64.21000
  45.00000	  55.34648	  62.31000
  45.60000	  51.12855	  59.41000
  46.20000	  51.65821	  59.27000
  46.80000	  52.16441	  58.90000
  47.40000	  52.07603	  58.05000
  48.00000	  51.96822	  57.15000
  48.60000	  52.47292	  56.65000
  49.20000	  50.05959	  54.19000
  49.80000	  52.35881	  54.82000
  50.40000	  55.35467	  56.01000
  51.00000	  60.05652	  58.60000
  51.60000	  60.58157	  58.76000
  52.20000	  65.79255	  62.37000
  52.80000	  66.36657	  63.27000
  53.40000	  66.25420	  63.97000
  54.00000	  67.39340	  65.65000
  54.60000	  61.19017	  62.45000
  55.20000	  63.04154	  64.42000
  55.80000	  64.10653	  65.79000
  56.40000	  58.53596	  62.66000
  57.00000	  57.53211	  62.31000
  57.60000	  57.13056	  62.13000
  58.20000	  52.91978	  59.20000
  58.80000	  52.73744	  58.68000
  59.40000	  53.13391	  58.37000
  60.00000	  54.94857	  58.96000
  60.60000	  55.73361	  58.93000
  61.20000	  56.81640	  59.20000
  61.80000	  59.15737	  60.45000
  62.40000	  59.79601	  60.75000
  63.00000	  60.85775	  61.49000
  63.60000	  62.45539	  62.74000
  64.20000	  65.39874	  65.08000
  64.80000	  64.57726	  65.12000
  65.40000	  63.77846	  65.26000
  66.00000	  59.02235	  62.69000
  66.60000	  56.89647	  61.61000
  67.20000	  58.30986	  62.65000
  67.80000	  57.59531	  62.17000
  68.40000	  56.07431	  61.06000
  69.00000	  54.79450	  59.98000
  69.60000	  54.06758	  59.13000
  70.20000	  53.63152	  58.36000
  70.80000	  52.76181	  57.21000
  71.40000	  53.90398	  57.34000
  72.00000	  58.05517	  59.55000
  72.60000	  59.99954	  60.53000
  73.20000	  63.07713	  62.55000
  73.80000	  65.04061	  64.14000
  74.40000	  65.53592	  65.02000
  75.00000	  61.50286	  62.99000
  75.60000	  64.33267	  65.48000
  76.20000	  62.58267	  64.93000
  76.80000	  60.62695	  64.17000
  77.40000	  58.04378	  62.82000
  78.00000	  56.67407	  62.05000
  78.60000	  56.14861	  61.64000
  79.20000	  47.38991	  55.47000
  79.80000	  50.15750	  56.55000
  80.40000	  52.69620	  57.33000
  81.00000	  53.18326	  56.80000
  81.60000	  52.98801	  55.89000
  82.20000	  53.56888	  55.55000
  82.80000	  51.53333	  53.49000
  83.40000	  55.35442	  55.34000
  84.00000	  58.28517	  56.78000
  84.60000	  58.84230	  56.89000
  85.20000	  60.79427	  58.14000
  85.80000	  61.66169	  58.87000
  86.40000	  58.91119	  57.30000
  87.00000	  62.44155	  59.93000
  87.60000	  62.29138	  60.22000
  88.20000	  61.58932	  60.21000
  88.80000	  61.45540	  60.58000
  89.40000	  58.48662	  59.00000
  90.00000	  56.94745	  58.20000
  90.60000	  58.95581	  59.62000
  91.20000	  55.61562	  57.41000
  91.80000	  55.70067	  57.34000
  92.40000	  56.67523	  57.78000
  93.00000	  55.55140	  56.80000
  93.60000	  55.66054	  56.60000
  94.20000	  59.42471	  58.87000
  94.80000	  68.40693	  64.92000
  95.40000	  71.20545	  67.42000
  96.00000	  69.90335	  67.64000
  96.60000	  68.43835	  67.93000
  97.20000	  68.30364	  69.12000
  97.80000	  62.85317	  66.66000
  98.40000	  62.37245	  67.23000
  99.00000	  61.75600	  67.48000
  99.60000	  58.34487	  65.66000
 100.20000	  55.62323	  64.01000
 100.80000	  53.17527	  62.22000
 101.40000	  52.38509	  61.24000
 102.00000	  52.27336	  60.51000
 102.60000	  51.18247	  59.00000
 103.20000	  51.26204	  58.17000
 103.80000	  56.58897	  60.87000
 104.40000	  60.27388	  62.76000
 105.00000	  60.57914	  62.74000
 105.60000	  61.04752	  63.06000
 106.20000	  60.82809	  63.06000
 106.80000	  59.06383	  62.07000
 107.40000	  59.06897	  62.21000
 108.00000	  59.69203	  62.73000
 108.60000	  59.91126	  62.99000
 109.20000	  57.00656	  61.14000
 109.80000	  58.11722	  61.86000
 110.40000	  58.50974	  62.07000
 111.00000	  55.94912	  60.28000
 111.60000	  58.00596	  61.49000
 112.20000	  59.06653	  62.07000
 112.80000	  59.03856	  62.00000
 113.40000	  57.09349	  60.67000
 114.00000	  58.11640	  61.27000
 114.60000	  55.01290	  59.07000
 115.20000	  53.12899	  57.52000
 115.80000	  56.27216	  59.19000
 116.40000	  55.56254	  58.32000
 117.00000	  55.40067	  57.83000
 117.60000	  56.41587	  58.14000
 118.20000	  53.86123	  56.08000
 118.80000	  60.03023	  59.85000
 119.40000	  59.11797	  59.11000
 120.00000	  58.21549	  58.49000
 120.60000	  58.69950	  58.82000
 121.20000	  57.50898	  58.04000
 121.80000	  57.06097	  57.71000
 122.40000	  56.24173	  57.07000
 123.00000	  61.33077	  60.38000
 123.60000	  59.04207	  58.93000
 124.20000	  57.55745	  58.03000
 124.80000	  57.42352	  57.96000
 125.40000	  58.17875	  58.44000
 126.00000	  55.60991	  56.67000
 126.60000	  54.98860	  56.08000
 127.20000	  58.15683	  57.96000
 127.80000	  57.72294	  57.52000
 128.40000	  58.51089	  57.96000
 129.00000	  59.64519	  58.71000
 129.60000	  60.37111	  59.29000
 130.20000	  63.41285	  61.55000
 130.80000	  64.69890	  62.85000
 131.40000	  64.63678	  63.43000
 132.00000	  62.86646	  62.94000
 132.60000	  61.94008	  62.96000
 133.20000	  59.98388	  62.18000
 133.80000	  57.99348	  61.20000
 134.40000	  57.95124	  61.33000
 135.00000	  54.66721	  59.13000
 135.60000	  52.37171	  57.34000
 136.20000	  51.97847	  56.57000
 136.80000	  50.41950	  54.84000
 137.40000	  50.81900	  54.27000
 138.00000	  54.19456	  55.67000
 138.60000	  55.43769	  55.80000
 139.20000	  57.39900	  56.60000
 139.80000	  59.34528	  57.61000
 140.40000	  59.72518	  57.79000
 141.00000	  64.82757	  61.34000
 141.60000	  67.39283	  63.55000
 142.20000	  65.65024	  63.18000
 142.80000	  63.99050	  62.94000
 143.40000	  59.09276	  60.42000
 144.00000	  60.53807	  61.88000
 144.60000	  60.58776	  62.29000
 145.20000	  57.06310	  60.21000
 145.80000	  55.57160	  59.27000
 146.40000	  54.39071	  58.32000
 147.00000	  52.19449	  56.49000
 147.60000	  52.59347	  56.20000
 148.20000	  53.38975	  56.09000
 148.80000	  55.26030	  56.72000
 149.40000	  54.07378	  55.39000
 150.00000	  54.53211	  55.18000
 150.60000	-109.10391	  55.06000
 151.20000	  84.85945	  52.84000
