  0.00000	 60.12149	 63.19000
  0.60000	 60.02346	 62.70000
  1.20000	 59.57206	 60.18000
  1.80000	 60.37168	 61.02000
  2.40000	 60.18613	 61.31000
  3.00000	 60.12753	 61.60000
  3.60000	 59.59595	 60.01000
  4.20000	 59.69056	 58.75000
  4.80000	 60.12542	 58.84000
  5.40000	 59.56551	 57.32000
  6.00000	 59.78369	 56.71000
  6.60000	 60.41453	 57.82000
  7.20000	 59.68181	 56.95000
  7.80000	 59.67282	 56.38000
  8.40000	 59.79735	 56.04000
  9.00000	 59.01094	 53.81000
  9.60000	 60.84989	 56.13000
 10.20000	 60.29606	 56.56000
 10.80000	 60.02072	 56.88000
 11.40000	 60.06184	 57.34000
 12.00000	 59.99605	 57.55000
 12.60000	 59.87373	 57.49000
 13.20000	 58.98850	 55.72000
 13.80000	 60.83770	 57.79000
 14.40000	 60.10723	 57.58000
 15.00000	 59.70676	 57.22000
 15.60000	 60.54632	 58.49000
 16.20000	 58.86476	 56.37000
 16.80000	 58.77365	 54.99000
 17.40000	 60.80313	 56.83000
 18.00000	 60.26979	 56.73000
 18.60000	 60.19138	 57.07000
 19.20000	 61.17722	 59.04000
 19.80000	 58.88321	 56.92000
 20.40000	 61.67891	 60.40000
 21.00000	 62.09573	 62.69000
 21.60000	 60.54205	 62.68000
 22.20000	 59.59958	 62.27000
 22.80000	 59.27008	 61.71000
 23.40000	 59.80930	 61.86000
 24.00000	 58.70600	 60.00000
 24.60000	 58.92883	 59.11000
 25.20000	 60.60270	 60.26000
 25.80000	 59.09039	 58.37000
 26.40000	 59.58647	 58.29000
 27.00000	 60.08033	 58.50000
 27.60000	 58.08908	 55.86000
 28.20000	 60.57690	 57.77000
 28.80000	 61.49236	 59.11000
 29.40000	 61.16624	 59.66000
 30.00000	 60.72225	 60.06000
 30.60000	 60.30059	 60.27000
 31.20000	 60.07146	 60.43000
 31.80000	 58.47626	 58.72000
 32.40000	 60.36052	 60.27000
 33.00000	 60.54875	 60.59000
 33.60000	 58.81172	 58.81000
 34.20000	 59.78590	 59.42000
 34.80000	 58.70480	 57.98000
 35.40000	 58.28342	 56.83000
 36.00000	 59.13642	 56.89000
 36.60000	 59.25362	 56.44000
 37.20000	 59.47073	 56.22000
 37.80000	 59.72062	 56.19000
 38.40000	 57.21343	 53.24000
 39.00000	 61.48123	 56.89000
 39.60000	 63.82236	 59.93000
 40.20000	 65.35945	 63.22000
 40.80000	 64.44646	 64.68000
 41.40000	 63.29887	 65.77000
 42.00000	 61.83375	 66.11000
 42.60000	 61.63734	 67.18000
 43.20000	 60.41890	 66.88000
 43.80000	 59.58136	 66.43000
 44.40000	 57.49686	 64.21000
 45.00000	 56.47840	 62.31000
 45.60000	 54.99369	 59.41000
 46.20000	 56.70908	 59.27000
 46.80000	 57.85090	 58.90000
 47.40000	 58.15557	 58.05000
 48.00000	 58.20256	 57.15000
 48.60000	 58.51350	 56.65000
 49.20000	 56.74451	 54.19000
 49.80000	 58.36580	 54.82000
 50.40000	 60.15734	 56.01000
 51.00000	 62.80878	 58.60000
 51.60000	 62.28061	 58.76000
 52.20000	 65.10338	 62.37000
 52.80000	 64.50549	 63.27000
 53.40000	 63.69953	 63.97000
 54.00000	 64.03213	 65.65000
 54.60000	 59.44287	 62.45000
 55.20000	 61.09226	 64.42000
 55.80000	 62.02323	 65.79000
 56.40000	 58.27782	 62.66000
 57.00000	 58.13520	 62.31000
 57.60000	 58.35699	 62.13000
 58.20000	 55.82247	 59.20000
 58.80000	 56.28117	 58.68000
 59.40000	 56.96971	 58.37000
 60.00000	 58.47215	 58.96000
 60.60000	 59.02307	 58.93000
 61.20000	 59.69240	 59.20000
 61.80000	 61.17084	 60.45000
 62.40000	 61.32552	 60.75000
 63.00000	 61.81173	 61.49000
 63.60000	 62.68506	 62.74000
 64.20000	 64.49703	 65.08000
 64.80000	 63.56079	 65.12000
 65.40000	 62.81353	 65.26000
 66.00000	 59.36841	 62.69000
 66.60000	 58.09082	 61.61000
 67.20000	 59.38616	 62.65000
 67.80000	 59.00406	 62.17000
 68.40000	 58.04714	 61.06000
 69.00000	 57.29540	 59.98000
 69.60000	 56.93988	 59.13000
 70.20000	 56.75888	 58.36000
 70.80000	 56.22434	 57.21000
 71.40000	 57.12552	 57.34000
 72.00000	 60.09564	 59.55000
 72.60000	 61.28993	 60.53000
 73.20000	 63.29643	 62.55000
 73.80000	 64.45772	 64.14000
 74.40000	 64.59229	 65.02000
 75.00000	 61.53586	 62.99000
 75.60000	 63.67883	 65.48000
 76.20000	 62.36815	 64.93000
 76.80000	 61.01173	 64.17000
 77.40000	 59.25707	 62.82000
 78.00000	 58.42712	 62.05000
 78.60000	 58.17936	 61.64000
 79.20000	 51.87919	 55.47000
 79.80000	 54.19259	 56.55000
 80.40000	 56.04386	 57.33000
 81.00000	 56.26166	 56.80000
 81.60000	 55.98373	 55.89000
 82.20000	 56.29569	 55.55000
 82.80000	 54.68265	 53.49000
 83.40000	 57.41972	 55.34000
 84.00000	 59.37140	 56.78000
 84.60000	 59.57526	 56.89000
 85.20000	 60.88651	 58.14000
 85.80000	 61.42347	 58.87000
 86.40000	 59.36482	 57.30000
 87.00000	 62.03623	 59.93000
 87.60000	 61.89985	 60.22000
 88.20000	 61.42308	 60.21000
 88.80000	 61.40658	 60.58000
 89.40000	 59.30429	 59.00000
 90.00000	 58.29979	 58.20000
 90.60000	 59.85750	 59.62000
 91.20000	 57.36160	 57.41000
 91.80000	 57.44803	 57.34000
 92.40000	 58.11123	 57.78000
 93.00000	 57.17277	 56.80000
 93.60000	 57.16445	 56.60000
 94.20000	 59.83181	 58.87000
 94.80000	 66.30668	 64.92000
 95.40000	 68.21000	 67.42000
 96.00000	 67.34381	 67.64000
 96.60000	 66.60298	 67.93000
 97.20000	 66.94728	 69.12000
 97.80000	 63.35088	 66.66000
 98.40000	 63.46446	 67.23000
 99.00000	 63.31732	 67.48000
 99.60000	 60.99208	 65.66000
100.20000	 59.11884	 64.01000
100.80000	 57.32334	 62.22000
101.40000	 56.61980	 61.24000
102.00000	 56.27821	 60.51000
102.60000	 55.11429	 59.00000
103.20000	 54.77831	 58.17000
103.80000	 58.31000	 60.87000
104.40000	 60.61474	 62.76000
105.00000	 60.56953	 62.74000
105.60000	 60.85418	 63.06000
106.20000	 60.74852	 63.06000
106.80000	 59.56122	 62.07000
107.40000	 59.71422	 62.21000
108.00000	 60.28290	 62.73000
108.60000	 60.52360	 62.99000
109.20000	 58.42336	 61.14000
109.80000	 59.31194	 61.86000
110.40000	 59.58030	 62.07000
111.00000	 57.61885	 60.28000
111.60000	 59.10202	 61.49000
112.20000	 59.78361	 62.07000
112.80000	 59.68794	 62.00000
113.40000	 58.19936	 60.67000
114.00000	 58.94303	 61.27000
114.60000	 56.53918	 59.07000
115.20000	 55.00432	 57.52000
115.80000	 57.12701	 59.19000
116.40000	 56.28350	 58.32000
117.00000	 55.89011	 57.83000
117.60000	 56.39090	 58.14000
118.20000	 54.21242	 56.08000
118.80000	 58.62091	 59.85000
119.40000	 57.74492	 59.11000
120.00000	 57.03782	 58.49000
120.60000	 57.42360	 58.82000
121.20000	 56.54821	 58.04000
121.80000	 56.21618	 57.71000
122.40000	 55.54982	 57.07000
123.00000	 59.31636	 60.38000
123.60000	 57.57136	 58.93000
124.20000	 56.52667	 58.03000
124.80000	 56.46133	 57.96000
125.40000	 57.01089	 58.44000
126.00000	 55.01240	 56.67000
126.60000	 54.42156	 56.08000
127.20000	 56.61485	 57.96000
127.80000	 56.10060	 57.52000
128.40000	 56.59038	 57.96000
129.00000	 57.40393	 58.71000
129.60000	 57.99183	 59.29000
130.20000	 60.44585	 61.55000
130.80000	 61.73004	 62.85000
131.40000	 62.16888	 63.43000
132.00000	 61.40523	 62.94000
132.60000	 61.26269	 62.96000
133.20000	 60.23876	 62.18000
133.80000	 59.03782	 61.20000
134.40000	 59.13831	 61.33000
135.00000	 56.60821	 59.13000
135.60000	 54.62612	 57.34000
136.20000	 53.85387	 56.57000
136.80000	 52.00729	 54.84000
137.40000	 51.51474	 54.27000
138.00000	 53.24775	 55.67000
138.60000	 53.47186	 55.80000
139.20000	 54.43625	 56.60000
139.80000	 55.60131	 57.61000
140.40000	 55.78601	 57.79000
141.00000	 59.79011	 61.34000
141.60000	 62.16695	 63.55000
142.20000	 61.56132	 63.18000
142.80000	 61.13537	 62.94000
143.40000	 58.13847	 60.42000
144.00000	 59.75591	 61.88000
144.60000	 60.14243	 62.29000
145.20000	 57.68760	 60.21000
145.80000	 56.59320	 59.27000
146.40000	 55.51009	 58.32000
147.00000	 53.44056	 56.49000
147.60000	 53.16612	 56.20000
148.20000	 53.09198	 56.09000
148.80000	 53.85535	 56.72000
149.40000	 52.35092	 55.39000
150.00000	 52.14862	 55.18000
150.60000	 52.04270	 55.06000
151.20000	 49.52000	 52.84000
