  0.00000	 63.58994	 53.54000
  0.60000	 63.75226	 53.93000
  1.20000	 63.84751	 54.11000
  1.80000	 63.71349	 53.51000
  2.40000	 63.68524	 53.28000
  3.00000	 63.49068	 52.48000
  3.60000	 64.47569	 55.78000
  4.20000	 64.56091	 56.02000
  4.80000	 64.60600	 56.13000
  5.40000	 64.70677	 56.44000
  6.00000	 63.78127	 53.19000
  6.60000	 64.59640	 55.94000
  7.20000	 65.13672	 57.79000
  7.80000	 64.92799	 57.07000
  8.40000	 64.84377	 56.77000
  9.00000	 64.77812	 56.53000
  9.60000	 64.33381	 54.97000
 10.20000	 65.06144	 57.46000
 10.80000	 65.24357	 58.10000
 11.40000	 65.24439	 58.12000
 12.00000	 64.96089	 57.15000
 12.60000	 64.74882	 56.41000
 13.20000	 64.79055	 56.54000
 13.80000	 64.80823	 56.59000
 14.40000	 64.86848	 56.79000
 15.00000	 64.90734	 56.92000
 15.60000	 64.52273	 55.58000
 16.20000	 64.23964	 54.57000
 16.80000	 63.91781	 53.41000
 17.40000	 64.02050	 53.71000
 18.00000	 64.00514	 53.61000
 18.60000	 63.82799	 52.95000
 19.20000	 63.57533	 52.02000
 19.80000	 63.51284	 51.74000
 20.40000	 63.63983	 52.12000
 21.00000	 63.75751	 52.48000
 21.60000	 64.37237	 54.58000
 22.20000	 64.88077	 56.35000
 22.80000	 65.27971	 57.77000
 23.40000	 65.37049	 58.14000
 24.00000	 65.91805	 60.10000
 24.60000	 66.23014	 61.27000
 25.20000	 66.17636	 61.18000
 25.80000	 66.55119	 62.57000
 26.40000	 66.23419	 61.57000
 27.00000	 65.91920	 60.55000
 27.60000	 66.17783	 61.50000
 28.20000	 65.77461	 60.16000
 28.80000	 65.46030	 59.10000
 29.40000	 65.12919	 57.96000
 30.00000	 64.98240	 57.44000
 30.60000	 64.88396	 57.08000
 31.20000	 64.97664	 57.38000
 31.80000	 64.93781	 57.23000
 32.40000	 64.94247	 57.23000
 33.00000	 65.13646	 57.89000
 33.60000	 64.40663	 55.35000
 34.20000	 65.25653	 58.26000
 34.80000	 65.76287	 60.03000
 35.40000	 65.59347	 59.48000
 36.00000	 66.13808	 61.40000
 36.60000	 65.51501	 59.29000
 37.20000	 65.14555	 58.02000
 37.80000	 65.78351	 60.23000
 38.40000	 65.87249	 60.57000
 39.00000	 65.79668	 60.34000
 39.60000	 65.77468	 60.29000
 40.20000	 64.74439	 56.73000
 40.80000	 65.29388	 58.60000
 41.40000	 65.47064	 59.21000
 42.00000	 65.10363	 57.94000
 42.60000	 64.89267	 57.19000
 43.20000	 64.37736	 55.37000
 43.80000	 64.04870	 54.17000
 44.40000	 64.59288	 55.99000
 45.00000	 64.62281	 56.06000
 45.60000	 64.69458	 56.28000
 46.20000	 64.74719	 56.44000
 46.80000	 64.57985	 55.84000
 47.40000	 65.34664	 58.48000
 48.00000	 65.70844	 59.76000
 48.60000	 65.30530	 58.40000
 49.20000	 65.78421	 60.08000
 49.80000	 65.21997	 58.16000
 50.40000	 64.88788	 57.01000
 51.00000	 65.29780	 58.42000
 51.60000	 65.49897	 59.13000
 52.20000	 65.62497	 59.59000
 52.80000	 65.65148	 59.71000
 53.40000	 65.96568	 60.83000
 54.00000	 65.64818	 59.77000
 54.60000	 65.51544	 59.33000
 55.20000	 66.21073	 61.76000
 55.80000	 65.79867	 60.38000
 56.40000	 65.84348	 60.56000
 57.00000	 66.25899	 62.03000
 57.60000	 66.92946	 64.41000
 58.20000	 68.44905	 69.78000
 58.80000	 69.09292	 72.19000
 59.40000	 69.46763	 73.69000
 60.00000	 69.62735	 74.45000
 60.60000	 69.79742	 75.24000
 61.20000	 69.33056	 73.81000
 61.80000	 68.83585	 72.24000
 62.40000	 68.46234	 71.05000
 63.00000	 67.77573	 68.74000
 63.60000	 67.18906	 66.73000
 64.20000	 65.85996	 62.10000
 64.80000	 65.88514	 62.10000
 65.40000	 65.86200	 61.94000
 66.00000	 65.43496	 60.38000
 66.60000	 65.22936	 59.57000
 67.20000	 65.15465	 59.21000
 67.80000	 64.14455	 55.60000
 68.40000	 64.75147	 57.56000
 69.00000	 65.16052	 58.88000
 69.60000	 64.78956	 57.52000
 70.20000	 64.96695	 58.05000
 70.80000	 65.21123	 58.83000
 71.40000	 65.36058	 59.30000
 72.00000	 66.43497	 63.00000
 72.60000	 66.09817	 61.86000
 73.20000	 65.82826	 60.93000
 73.80000	 65.85655	 61.02000
 74.40000	 65.52187	 59.85000
 75.00000	 65.31365	 59.10000
 75.60000	 65.38454	 59.31000
 76.20000	 65.40451	 59.35000
 76.80000	 65.22220	 58.69000
 77.40000	 65.14314	 58.38000
 78.00000	 64.15894	 54.92000
 78.60000	 64.69776	 56.70000
 79.20000	 64.94337	 57.50000
 79.80000	 64.71769	 56.68000
 80.40000	 64.70505	 56.59000
 81.00000	 64.41846	 55.55000
 81.60000	 64.41483	 55.48000
 82.20000	 65.15184	 57.99000
 82.80000	 65.19914	 58.15000
 83.40000	 65.41513	 58.90000
 84.00000	 65.38005	 58.79000
 84.60000	 65.44361	 59.02000
 85.20000	 66.31135	 62.05000
 85.80000	 66.42241	 62.50000
 86.40000	 65.94346	 60.90000
 87.00000	 65.57206	 59.64000
 87.60000	 65.30560	 58.72000
 88.20000	 65.17908	 58.27000
 88.80000	 65.03156	 57.74000
 89.40000	 64.86611	 57.14000
 90.00000	 64.90140	 57.23000
 90.60000	 64.25677	 54.96000
 91.20000	 63.95917	 53.86000
 91.80000	 64.41006	 55.35000
 92.40000	 64.76512	 56.54000
 93.00000	 64.97211	 57.24000
 93.60000	 65.51145	 59.11000
 94.20000	 66.40357	 62.24000
 94.80000	 67.03058	 64.50000
 95.40000	 69.53175	 73.31000
 96.00000	 70.58000	 77.21000
 96.60000	 70.39924	 76.88000
 97.20000	 70.14766	 76.27000
 97.80000	 70.09321	 76.31000
 98.40000	 69.56171	 74.67000
 99.00000	 69.04982	 73.05000
 99.60000	 68.75167	 72.13000
100.20000	 68.03863	 69.74000
100.80000	 67.40326	 67.57000
101.40000	 66.84886	 65.64000
102.00000	 66.16608	 63.23000
102.60000	 66.01487	 62.63000
103.20000	 65.83880	 61.94000
103.80000	 65.83087	 61.83000
104.40000	 65.24906	 59.73000
105.00000	 64.89710	 58.40000
105.60000	 64.74448	 57.75000
106.20000	 65.22448	 59.30000
106.80000	 65.46634	 60.06000
107.40000	 65.34277	 59.57000
108.00000	 65.17400	 58.92000
108.60000	 65.32882	 59.39000
109.20000	 65.46795	 59.82000
109.80000	 66.04626	 61.79000
110.40000	 65.99826	 61.62000
111.00000	 65.67210	 60.48000
111.60000	 65.51539	 59.91000
112.20000	 65.24297	 58.93000
112.80000	 66.31739	 62.62000
113.40000	 66.06091	 61.75000
114.00000	 65.83522	 60.97000
114.60000	 65.14777	 58.57000
115.20000	 64.98966	 57.97000
115.80000	 64.88498	 57.55000
116.40000	 65.10581	 58.26000
117.00000	 64.57680	 56.38000
117.60000	 64.63981	 56.53000
118.20000	 64.73185	 56.79000
118.80000	 64.24013	 55.03000
119.40000	 64.54947	 56.03000
120.00000	 64.82301	 56.93000
120.60000	 65.11653	 57.92000
121.20000	 65.15696	 58.05000
121.80000	 65.39773	 58.88000
122.40000	 65.58237	 59.53000
123.00000	 65.56845	 59.50000
123.60000	 65.92033	 60.74000
124.20000	 65.89553	 60.69000
124.80000	 65.80293	 60.40000
125.40000	 65.70116	 60.07000
126.00000	 65.13012	 58.10000
126.60000	 65.20197	 58.33000
127.20000	 65.18589	 58.26000
127.80000	 64.88224	 57.19000
128.40000	 64.50018	 55.83000
129.00000	 64.25924	 54.94000
129.60000	 63.81721	 53.34000
130.20000	 64.17798	 54.51000
130.80000	 64.33509	 55.00000
131.40000	 64.18917	 54.45000
132.00000	 64.43589	 55.26000
132.60000	 64.09069	 54.03000
133.20000	 63.99238	 53.64000
133.80000	 64.42379	 55.09000
134.40000	 65.17438	 57.68000
135.00000	 64.77566	 56.32000
135.60000	 64.64036	 55.85000
136.20000	 64.91574	 56.80000
136.80000	 65.30692	 58.17000
137.40000	 65.33782	 58.31000
138.00000	 65.44077	 58.70000
138.60000	 65.71228	 59.68000
139.20000	 65.35302	 58.48000
139.80000	 66.34964	 61.97000
140.40000	 65.79687	 60.13000
141.00000	 65.43091	 58.90000
141.60000	 65.23331	 58.23000
142.20000	 64.96190	 57.29000
142.80000	 65.13524	 57.88000
143.40000	 66.19091	 61.55000
144.00000	 66.78247	 63.67000
144.60000	 67.09192	 64.84000
145.20000	 67.37790	 65.94000
145.80000	 67.33917	 65.92000
146.40000	 68.17774	 68.94000
147.00000	 68.17590	 69.08000
147.60000	 67.98751	 68.56000
148.20000	 67.36545	 66.51000
148.80000	 67.16503	 65.88000
149.40000	 66.61593	 64.02000
150.00000	 66.24140	 62.73000
150.60000	 48.02000	 62.00000
151.20000	 70.21823	 61.83000
