  0.00000	 50.46787	 53.54000
  0.60000	 50.94035	 53.93000
  1.20000	 51.32413	 54.11000
  1.80000	 51.47028	 53.51000
  2.40000	 51.66616	 53.28000
  3.00000	 51.68581	 52.48000
  3.60000	 52.63865	 55.78000
  4.20000	 52.73333	 56.02000
  4.80000	 52.74868	 56.13000
  5.40000	 52.78501	 56.44000
  6.00000	 51.97490	 53.19000
  6.60000	 52.66551	 55.94000
  7.20000	 53.06819	 57.79000
  7.80000	 52.80732	 57.07000
  8.40000	 52.66457	 56.77000
  9.00000	 52.55494	 56.53000
  9.60000	 52.15808	 54.97000
 10.20000	 52.76479	 57.46000
 10.80000	 52.87090	 58.10000
 11.40000	 52.80914	 58.12000
 12.00000	 52.51840	 57.15000
 12.60000	 52.32025	 56.41000
 13.20000	 52.36007	 56.54000
 13.80000	 52.38593	 56.59000
 14.40000	 52.44762	 56.79000
 15.00000	 52.48609	 56.92000
 15.60000	 52.17644	 55.58000
 16.20000	 51.98540	 54.57000
 16.80000	 51.79403	 53.41000
 17.40000	 51.97824	 53.71000
 18.00000	 52.05323	 53.61000
 18.60000	 51.98657	 52.95000
 19.20000	 51.86284	 52.02000
 19.80000	 51.90647	 51.74000
 20.40000	 52.09919	 52.12000
 21.00000	 52.25875	 52.48000
 21.60000	 52.79313	 54.58000
 22.20000	 53.16618	 56.35000
 22.80000	 53.38461	 57.77000
 23.40000	 53.30641	 58.14000
 24.00000	 53.59170	 60.10000
 24.60000	 53.64738	 61.27000
 25.20000	 53.39290	 61.18000
 25.80000	 53.51383	 62.57000
 26.40000	 53.06914	 61.57000
 27.00000	 52.68523	 60.55000
 27.60000	 52.82974	 61.50000
 28.20000	 52.44306	 60.16000
 28.80000	 52.18493	 59.10000
 29.40000	 51.96125	 57.96000
 30.00000	 51.93003	 57.44000
 30.60000	 51.95573	 57.08000
 31.20000	 52.13986	 57.38000
 31.80000	 52.19642	 57.23000
 32.40000	 52.27518	 57.23000
 33.00000	 52.49107	 57.89000
 33.60000	 51.92651	 55.35000
 34.20000	 52.69843	 58.26000
 34.80000	 53.10642	 60.03000
 35.40000	 52.90052	 59.48000
 36.00000	 53.27687	 61.40000
 36.60000	 52.65793	 59.29000
 37.20000	 52.30860	 58.02000
 37.80000	 52.82900	 60.23000
 38.40000	 52.85822	 60.57000
 39.00000	 52.74576	 60.34000
 39.60000	 52.68783	 60.29000
 40.20000	 51.82394	 56.73000
 40.80000	 52.34737	 58.60000
 41.40000	 52.53056	 59.21000
 42.00000	 52.25023	 57.94000
 42.60000	 52.12431	 57.19000
 43.20000	 51.77162	 55.37000
 43.80000	 51.61811	 54.17000
 44.40000	 52.20053	 55.99000
 45.00000	 52.30392	 56.06000
 45.60000	 52.41521	 56.28000
 46.20000	 52.48600	 56.44000
 46.80000	 52.36018	 55.84000
 47.40000	 52.99743	 58.48000
 48.00000	 53.22764	 59.76000
 48.60000	 52.79294	 58.40000
 49.20000	 53.10995	 60.08000
 49.80000	 52.54949	 58.16000
 50.40000	 52.24124	 57.01000
 51.00000	 52.58526	 58.42000
 51.60000	 52.73493	 59.13000
 52.20000	 52.80518	 59.59000
 52.80000	 52.78234	 59.71000
 53.40000	 52.99133	 60.83000
 54.00000	 52.66301	 59.77000
 54.60000	 52.51918	 59.33000
 55.20000	 53.06964	 61.76000
 55.80000	 52.66509	 60.38000
 56.40000	 52.66966	 60.56000
 57.00000	 52.97979	 62.03000
 57.60000	 53.46171	 64.41000
 58.20000	 54.56492	 69.78000
 58.80000	 54.80857	 72.19000
 59.40000	 54.76802	 73.69000
 60.00000	 54.53604	 74.45000
 60.60000	 54.33484	 75.24000
 61.20000	 53.65169	 73.81000
 61.80000	 53.04529	 72.24000
 62.40000	 52.64293	 71.05000
 63.00000	 52.07355	 68.74000
 63.60000	 51.68748	 66.73000
 64.20000	 50.78176	 62.10000
 64.80000	 51.10984	 62.10000
 65.40000	 51.39491	 61.94000
 66.00000	 51.32449	 60.38000
 66.60000	 51.43263	 59.57000
 67.20000	 51.62570	 59.21000
 67.80000	 51.02712	 55.60000
 68.40000	 51.79443	 57.56000
 69.00000	 52.31145	 58.88000
 69.60000	 52.11145	 57.52000
 70.20000	 52.35030	 58.05000
 70.80000	 52.60169	 58.83000
 71.40000	 52.73091	 59.30000
 72.00000	 53.57684	 63.00000
 72.60000	 53.16544	 61.86000
 73.20000	 52.82992	 60.93000
 73.80000	 52.77438	 61.02000
 74.40000	 52.44185	 59.85000
 75.00000	 52.26078	 59.10000
 75.60000	 52.34231	 59.31000
 76.20000	 52.38588	 59.35000
 76.80000	 52.26530	 58.69000
 77.40000	 52.24418	 58.38000
 78.00000	 51.49723	 54.92000
 78.60000	 52.07582	 56.70000
 79.20000	 52.36656	 57.50000
 79.80000	 52.23391	 56.68000
 80.40000	 52.27710	 56.59000
 81.00000	 52.08928	 55.55000
 81.60000	 52.14920	 55.48000
 82.20000	 52.80285	 57.99000
 82.80000	 52.81691	 58.15000
 83.40000	 52.94649	 58.90000
 84.00000	 52.84657	 58.79000
 84.60000	 52.83021	 59.02000
 85.20000	 53.46539	 62.05000
 85.80000	 53.41153	 62.50000
 86.40000	 52.87174	 60.90000
 87.00000	 52.48061	 59.64000
 87.60000	 52.23687	 58.72000
 88.20000	 52.15624	 58.27000
 88.80000	 52.08655	 57.74000
 89.40000	 52.02270	 57.14000
 90.00000	 52.13662	 57.23000
 90.60000	 51.69146	 54.96000
 91.20000	 51.57999	 53.86000
 91.80000	 52.09737	 55.35000
 92.40000	 52.47997	 56.54000
 93.00000	 52.68291	 57.24000
 93.60000	 53.11076	 59.11000
 94.20000	 53.75474	 62.24000
 94.80000	 54.08455	 64.50000
 95.40000	 55.86181	 73.31000
 96.00000	 56.22385	 77.21000
 96.60000	 55.49144	 76.88000
 97.20000	 54.75879	 76.27000
 97.80000	 54.28630	 76.31000
 98.40000	 53.51994	 74.67000
 99.00000	 52.90168	 73.05000
 99.60000	 52.57896	 72.13000
100.20000	 52.00573	 69.74000
100.80000	 51.60050	 67.57000
101.40000	 51.34481	 65.64000
102.00000	 51.04452	 63.23000
102.60000	 51.22996	 62.63000
103.20000	 51.38676	 61.94000
103.80000	 51.65804	 61.83000
104.40000	 51.42157	 59.73000
105.00000	 51.38266	 58.40000
105.60000	 51.50282	 57.75000
106.20000	 52.11317	 59.30000
106.80000	 52.44514	 60.06000
107.40000	 52.41499	 59.57000
108.00000	 52.32686	 58.92000
108.60000	 52.49727	 59.39000
109.20000	 52.62809	 59.82000
109.80000	 53.08956	 61.79000
110.40000	 52.97945	 61.62000
111.00000	 52.64121	 60.48000
111.60000	 52.47667	 59.91000
112.20000	 52.24655	 58.93000
112.80000	 53.14333	 62.62000
113.40000	 52.86507	 61.75000
114.00000	 52.62789	 60.97000
114.60000	 52.04522	 58.57000
115.20000	 51.96902	 57.97000
115.80000	 51.96532	 57.55000
116.40000	 52.23762	 58.26000
117.00000	 51.87570	 56.38000
117.60000	 52.03149	 56.53000
118.20000	 52.19727	 56.79000
118.80000	 51.86797	 55.03000
119.40000	 52.21976	 56.03000
120.00000	 52.50319	 56.93000
120.60000	 52.75903	 57.92000
121.20000	 52.76529	 58.05000
121.80000	 52.91829	 58.88000
122.40000	 52.99941	 59.53000
123.00000	 52.90235	 59.50000
123.60000	 53.10784	 60.74000
124.20000	 52.98454	 60.69000
124.80000	 52.81799	 60.40000
125.40000	 52.66751	 60.07000
126.00000	 52.16371	 58.10000
126.60000	 52.25119	 58.33000
127.20000	 52.27621	 58.26000
127.80000	 52.07349	 57.19000
128.40000	 51.83542	 55.83000
129.00000	 51.74729	 54.94000
129.60000	 51.51632	 53.34000
130.20000	 51.96865	 54.51000
130.80000	 52.20797	 55.00000
131.40000	 52.16217	 54.45000
132.00000	 52.42551	 55.26000
132.60000	 52.17018	 54.03000
133.20000	 52.13378	 53.64000
133.80000	 52.53013	 55.09000
134.40000	 53.13611	 57.68000
135.00000	 52.72689	 56.32000
135.60000	 52.55869	 55.85000
136.20000	 52.74342	 56.80000
136.80000	 53.00466	 58.17000
137.40000	 52.94115	 58.31000
138.00000	 52.93690	 58.70000
138.60000	 53.06882	 59.68000
139.20000	 52.67556	 58.48000
139.80000	 53.42562	 61.97000
140.40000	 52.84168	 60.13000
141.00000	 52.46760	 58.90000
141.60000	 52.28634	 58.23000
142.20000	 52.08486	 57.29000
142.80000	 52.28249	 57.88000
143.40000	 53.18241	 61.55000
144.00000	 53.59710	 63.67000
144.60000	 53.70793	 64.84000
145.20000	 53.76222	 65.94000
145.80000	 53.53312	 65.92000
146.40000	 54.03510	 68.94000
147.00000	 53.80113	 69.08000
147.60000	 53.43726	 68.56000
148.20000	 52.77295	 66.51000
148.80000	 52.54741	 65.88000
149.40000	 52.09680	 64.02000
150.00000	 51.86581	 62.73000
150.60000	 70.58000	 62.00000
151.20000	 48.02000	 61.83000
