0.60	87.79	93.48
1.20	85.19	93.22
1.80	84.64	95.73
2.40	83.71	93.12
3.00	83.13	91.26
3.60	80.41	91.81
4.20	80.97	89.56
4.80	84.32	91.63
5.40	86.89	93.20
6.00	88.21	94.68
6.60	87.51	94.90
7.20	85.43	95.25
7.80	85.09	94.09
8.40	85.49	93.22
9.00	86.41	93.90
9.60	91.59	93.88
10.20	83.19	91.27
10.80	85.52	89.84
11.40	87.14	91.28
12.00	89.99	89.25
12.60	85.82	85.30
13.20	91.26	87.85
13.80	89.42	88.24
14.40	86.95	88.13
15.00	86.56	87.34
15.60	88.61	85.75
16.20	90.74	90.00
16.80	89.64	91.98
17.40	88.43	87.50
18.00	92.45	93.98
18.60	91.12	92.63
19.20	92.18	89.15
19.80	80.53	87.37
20.40	90.14	87.31
21.00	87.58	85.71
21.60	85.21	82.76
22.20	82.60	78.13
22.80	83.24	73.34
23.40	79.81	72.74
24.00	80.25	70.07
24.60	85.15	69.91
25.20	88.52	73.24
25.80	90.61	74.06
26.40	89.77	75.16
27.00	92.46	75.40
27.60	91.03	78.80
28.20	92.60	79.91
28.80	95.58	80.80
29.40	93.98	81.30
30.00	92.86	81.43
30.60	91.00	80.97
31.20	95.01	79.77
31.80	93.55	80.44
32.40	87.18	79.52
33.00	83.25	76.70
33.60	85.57	73.17
34.20	81.73	73.73
34.80	83.73	74.78
35.40	84.61	76.67
36.00	80.10	77.07
36.60	83.66	79.35
37.20	83.33	81.06
37.80	83.15	81.30
38.40	82.37	83.88
39.00	84.80	85.03
39.60	83.43	85.75
40.20	82.09	85.96
40.80	84.54	87.72
41.40	79.87	85.53
42.00	78.40	84.37
42.60	82.80	85.88
43.20	84.01	86.62
43.80	81.71	86.68
44.40	81.30	86.93
45.00	84.33	86.84
45.60	86.46	86.87
46.20	84.83	88.77
46.80	87.13	89.85
47.40	88.77	89.54
48.00	86.80	89.73
48.60	86.81	89.11
49.20	86.92	88.63
49.80	87.26	88.80
50.40	88.63	89.74
51.00	86.73	87.67
51.60	86.09	86.54
52.20	86.71	85.82
52.80	88.26	87.13
53.40	91.56	88.74
54.00	93.50	90.84
54.60	94.13	92.34
55.20	93.83	93.21
55.80	92.12	92.84
56.40	91.20	92.74
57.00	91.81	92.55
57.60	91.35	95.29
58.20	89.05	93.60
58.80	87.39	92.41
59.40	87.16	92.52
60.00	83.32	90.35
60.60	85.88	91.75
61.20	87.61	93.09
61.80	88.58	95.29
62.40	88.12	94.49
63.00	89.73	94.09
63.60	87.50	93.98
64.20	86.91	94.06
64.80	89.62	95.63
65.40	87.29	95.42
66.00	86.21	94.24
66.60	85.39	92.81
67.20	83.00	95.17
67.80	85.13	87.67
68.40	87.21	87.58
69.00	88.92	88.02
69.60	90.81	91.13
70.20	90.28	91.88
70.80	91.79	92.05
71.40	93.21	93.61
72.00	94.48	96.36
72.60	97.71	101.74
73.20	95.49	99.69
73.80	90.64	99.20
74.40	88.12	98.95
75.00	89.25	100.05
75.60	89.55	100.08
76.20	88.63	99.62
76.80	87.48	99.08
77.40	86.57	97.86
78.00	85.40	97.70
78.60	83.73	97.28
79.20	85.38	98.58
79.80	85.94	98.88
80.40	83.64	95.58
81.00	86.64	96.19
81.60	84.77	93.81
82.20	84.40	92.29
82.80	86.25	91.12
83.40	89.71	94.40
84.00	87.11	92.32
84.60	85.39	90.71
85.20	85.22	90.73
85.80	81.89	89.10
86.40	85.16	88.61
87.00	87.22	89.37
87.60	90.64	91.31
88.20	85.47	89.61
88.80	85.58	88.39
89.40	86.12	88.02
90.00	81.85	85.71
90.60	89.79	87.64
91.20	88.47	88.88
91.80	87.40	89.56
92.40	90.68	88.90
93.00	88.47	89.16
93.60	87.79	90.03
94.20	87.55	89.70
94.80	92.60	93.10
95.40	93.80	95.83
96.00	94.17	97.73
96.60	95.03	99.09
97.20	91.84	98.46
97.80	90.44	97.87
98.40	93.08	98.42
99.00	92.09	97.14
99.60	89.04	95.96
100.20	87.11	93.63
100.80	89.94	95.65
101.40	89.27	95.00
102.00	90.55	95.47
102.60	94.57	98.34
103.20	102.50	102.44
103.80	99.37	103.87
104.40	97.74	104.82
105.00	97.58	102.82
105.60	99.06	104.21
106.20	99.75	104.42
106.80	99.85	103.29
107.40	95.54	103.04
108.00	94.63	99.77
108.60	94.02	97.27
109.20	93.42	97.84
109.80	96.58	96.37
110.40	93.13	94.77
111.00	91.80	93.78
111.60	93.68	92.82
112.20	93.05	91.81
112.80	101.78	94.51
113.40	98.83	95.50
114.00	97.08	94.31
114.60	96.47	94.01
115.20	98.08	93.45
115.80	96.68	96.66
116.40	93.72	97.80
117.00	91.47	95.52
117.60	87.03	94.23
118.20	89.07	93.61
118.80	88.07	93.09
119.40	87.17	93.03
120.00	88.31	92.74
120.60	85.39	91.77
121.20	85.50	91.54
121.80	86.06	92.09
122.40	87.79	93.14
123.00	89.67	94.73
123.60	87.16	94.28
124.20	87.83	93.86
124.80	88.40	93.30
125.40	88.23	93.21
126.00	92.15	93.81
126.60	88.69	91.55
127.20	86.64	89.61
127.80	86.04	86.56
128.40	84.69	84.30
129.00	90.12	85.25
129.60	91.41	84.92
130.20	92.11	83.08
130.80	89.83	81.74
131.40	90.75	76.29
132.00	93.23	75.49
132.60	94.10	76.70
133.20	94.07	77.91
133.80	93.84	79.05
134.40	93.43	80.61
135.00	92.39	79.81
135.60	93.33	82.91
136.20	91.24	81.63
136.80	89.39	80.13
137.40	86.57	78.46
138.00	88.19	76.69
138.60	87.60	74.19
139.20	88.22	71.25
139.80	88.44	66.99
140.40	86.60	65.36
141.00	85.36	62.91
141.60	87.31	62.21
142.20	88.80	63.22
142.80	92.58	66.55
143.40	86.87	67.14
144.00	90.36	69.98
144.60	91.96	72.44
145.20	90.25	73.62
145.80	92.19	76.00
146.40	93.43	77.65
147.00	90.48	79.21
147.60	89.05	80.92
148.20	89.74	81.51
148.80	89.40	82.56
149.40	94.17	89.60
150.00	93.67	90.34
150.60	93.30	91.60
151.20	93.62	93.42
151.80	90.41	95.82
