-0.474873744988 -0.567986999173 
-0.474873744988 -0.567986999173 
-0.0585825846065 0.293431754929 
-0.0585825846065 0.293431754929 
-0.049331034621 0.0266938897248 
-0.049331034621 0.0266938897248 
-0.051552016288 0.878204533015 
-0.051552016288 0.878204533015 
-0.19332479038 0.0488554325275 
-0.19332479038 0.0488554325275 
-0.221158080487 0.0427724822075 
-0.221158080487 0.0427724822075 
-0.30078559665 -0.348442740535 
-0.00747121988388 -0.00568173399733 
-0.00747121988388 -0.00568173399733 
0.182082875515 -0.0550381793996 
0.182082875515 -0.0550381793996 
-0.0547097045928 0.505294893286 
-0.0547097045928 0.505294893286 
