0.60	61.26	57.23
1.20	59.82	55.80
1.80	58.83	54.59
2.40	59.75	55.57
3.00	59.77	56.30
3.60	59.79	56.78
4.20	60.30	56.06
4.80	60.97	55.69
5.40	59.57	55.68
6.00	58.98	55.69
6.60	64.45	59.04
7.20	60.05	57.28
7.80	63.90	57.61
8.40	67.77	59.38
9.00	71.80	65.63
9.60	76.74	74.10
10.20	70.30	71.88
10.80	69.34	73.69
11.40	68.19	74.40
12.00	65.12	72.56
12.60	65.03	70.76
13.20	64.69	69.11
13.80	61.76	65.50
14.40	60.83	62.69
15.00	59.99	60.28
15.60	59.89	59.53
16.20	59.74	58.94
16.80	58.47	57.82
17.40	59.40	58.05
18.00	60.09	58.09
18.60	58.56	57.53
19.20	60.58	57.48
19.80	61.85	57.43
20.40	59.21	55.26
21.00	60.50	55.24
21.60	61.68	55.37
22.20	63.04	55.58
22.80	64.02	55.92
23.40	62.75	56.62
24.00	63.56	57.29
24.60	64.10	57.94
25.20	66.25	59.37
25.80	65.37	58.11
26.40	63.96	57.13
27.00	63.01	56.38
27.60	62.80	55.83
28.20	62.91	56.18
28.80	62.48	56.29
29.40	61.25	55.94
30.00	60.17	55.61
30.60	60.89	55.56
31.20	61.37	55.55
31.80	61.74	56.04
32.40	61.24	54.98
33.00	61.22	54.79
33.60	61.59	56.13
34.20	62.92	58.72
34.80	62.29	58.30
35.40	61.54	57.88
36.00	59.86	57.06
36.60	62.13	57.02
37.20	60.38	56.80
37.80	59.46	56.45
38.40	59.97	55.81
39.00	58.70	56.18
39.60	61.67	56.95
40.20	63.77	59.57
40.80	63.50	59.85
41.40	60.75	59.71
42.00	63.45	60.14
42.60	64.99	61.75
43.20	65.73	64.26
43.80	63.17	61.43
44.40	61.79	59.30
45.00	62.24	58.71
45.60	61.91	57.65
46.20	61.08	56.49
46.80	60.46	55.51
47.40	59.12	52.91
48.00	59.53	53.07
48.60	59.76	53.29
49.20	59.71	54.58
49.80	59.23	54.26
50.40	59.39	54.33
51.00	60.40	55.88
51.60	62.23	56.88
52.20	62.59	57.42
52.80	62.81	56.39
53.40	62.66	58.11
54.00	63.26	58.61
54.60	63.45	59.11
55.20	59.46	57.65
55.80	60.88	58.41
56.40	61.82	58.95
57.00	62.59	59.89
57.60	62.21	58.59
58.20	61.19	59.50
58.80	62.51	60.71
59.40	63.51	62.05
60.00	65.62	63.99
60.60	65.75	66.25
61.20	63.74	65.93
61.80	62.37	65.16
62.40	61.89	64.52
63.00	61.58	62.35
63.60	61.06	60.32
64.20	57.61	57.10
64.80	57.41	54.59
65.40	57.47	52.95
66.00	56.94	51.56
66.60	56.94	50.81
67.20	55.58	48.93
67.80	59.03	50.72
68.40	61.21	52.28
69.00	61.54	53.61
69.60	63.13	54.70
70.20	62.23	55.78
70.80	64.03	57.08
71.40	64.80	58.69
72.00	64.54	61.18
72.60	62.05	60.58
73.20	60.51	60.12
73.80	60.12	59.83
74.40	60.54	59.74
75.00	58.98	59.39
75.60	57.94	58.20
76.20	59.59	58.32
76.80	58.88	58.63
77.40	58.83	58.89
78.00	59.79	58.36
78.60	59.68	58.23
79.20	61.59	59.44
79.80	62.60	60.27
80.40	62.38	61.11
81.00	63.20	61.91
81.60	61.24	60.31
82.20	59.86	59.18
82.80	59.41	59.16
83.40	58.38	58.88
84.00	57.72	58.31
84.60	57.32	57.16
85.20	56.98	56.10
85.80	57.06	55.35
86.40	57.22	54.79
87.00	59.73	54.82
87.60	58.82	54.77
88.20	58.88	54.19
88.80	59.66	54.51
89.40	64.01	55.93
90.00	65.35	57.60
90.60	65.85	60.31
91.20	65.26	61.36
91.80	60.86	62.13
92.40	62.91	62.58
93.00	64.11	63.71
93.60	62.51	62.15
94.20	60.79	60.47
94.80	59.89	59.22
95.40	60.26	58.19
96.00	60.94	58.71
96.60	61.14	58.88
97.20	60.03	57.14
97.80	60.17	56.77
98.40	60.01	56.43
99.00	59.82	57.46
99.60	58.63	56.17
100.20	58.05	55.31
100.80	58.73	54.99
101.40	55.88	54.97
102.00	57.82	55.10
102.60	59.34	56.44
103.20	56.76	54.15
103.80	57.09	54.24
104.40	57.38	54.27
105.00	58.81	54.63
105.60	58.38	54.79
106.20	58.33	55.09
106.80	58.46	53.50
107.40	59.86	54.52
108.00	60.81	55.31
108.60	61.52	56.54
109.20	61.36	56.29
109.80	61.03	56.43
110.40	59.54	56.39
111.00	59.45	55.54
111.60	63.37	59.90
112.20	64.96	62.85
112.80	64.53	65.25
113.40	59.56	64.16
114.00	59.79	63.16
114.60	59.74	62.81
115.20	59.08	61.19
115.80	58.28	59.46
116.40	56.76	56.47
117.00	56.53	54.83
117.60	56.80	53.57
118.20	58.54	53.13
118.80	59.03	52.29
119.40	59.32	52.04
120.00	57.73	51.50
120.60	60.56	53.52
121.20	60.45	54.90
121.80	60.42	55.79
122.40	60.15	55.71
123.00	59.65	55.57
123.60	60.98	56.90
124.20	61.51	58.05
124.80	61.52	60.05
125.40	60.01	60.33
126.00	59.30	60.57
126.60	59.45	61.00
127.20	60.48	61.64
127.80	62.59	63.62
128.40	61.88	62.89
129.00	61.09	62.22
129.60	59.71	59.97
130.20	58.82	59.79
130.80	58.55	59.47
131.40	58.50	59.80
132.00	57.92	58.28
132.60	58.06	57.09
133.20	58.32	56.18
133.80	59.76	55.14
134.40	60.10	55.34
135.00	60.46	55.33
135.60	58.98	54.20
136.20	61.05	53.27
136.80	61.81	53.84
137.40	64.80	55.41
138.00	61.79	56.04
138.60	59.57	56.49
139.20	57.70	57.25
139.80	57.72	57.22
140.40	57.24	56.87
141.00	56.65	56.69
141.60	54.61	55.04
142.20	52.98	53.81
142.80	50.43	52.22
143.40	53.01	53.85
144.00	52.00	52.73
144.60	51.37	51.86
145.20	52.46	52.58
145.80	51.23	50.64
146.40	51.30	51.59
147.00	51.75	52.38
147.60	54.49	53.49
148.20	54.45	55.56
148.80	53.64	54.04
149.40	53.38	53.25
150.00	54.48	54.84
150.60	53.69	54.41
151.20	52.68	54.43
151.80	52.01	54.45
