  0.00000	 85.92897	 85.25000
  0.60000	 85.91929	 85.11000
  1.20000	 85.91350	 85.03000
  1.80000	 85.90607	 84.92000
  2.40000	 85.92434	 85.23000
  3.00000	 85.88888	 84.66000
  3.60000	 85.92821	 85.31000
  4.20000	 85.79251	 83.09000
  4.80000	 85.75461	 82.44000
  5.40000	 85.71422	 81.74000
  6.00000	 85.68106	 81.15000
  6.60000	 85.61242	 79.97000
  7.20000	 85.53017	 78.55000
  7.80000	 85.57480	 79.20000
  8.40000	 85.53017	 78.40000
  9.00000	 85.50241	 77.87000
  9.60000	 85.45354	 76.99000
 10.20000	 85.36810	 75.50000
 10.80000	 85.52618	 78.00000
 11.40000	 85.60326	 79.22000
 12.00000	 85.55301	 78.37000
 12.60000	 85.41907	 76.13000
 13.20000	 85.59837	 79.01000
 13.80000	 85.47166	 76.91000
 14.40000	 85.41999	 76.01000
 15.00000	 85.54579	 78.02000
 15.60000	 85.51844	 77.55000
 16.20000	 85.45563	 76.49000
 16.80000	 85.46062	 76.53000
 17.40000	 85.44589	 76.25000
 18.00000	 85.38932	 75.28000
 18.60000	 85.39066	 75.25000
 19.20000	 85.41787	 75.65000
 19.80000	 85.43223	 75.85000
 20.40000	 85.43766	 75.91000
 21.00000	 85.45015	 76.09000
 21.60000	 85.36084	 74.60000
 22.20000	 85.42123	 75.55000
 22.80000	 85.42995	 75.67000
 23.40000	 85.43354	 75.71000
 24.00000	 85.42969	 75.63000
 24.60000	 85.44405	 75.85000
 25.20000	 85.41738	 75.40000
 25.80000	 85.39963	 75.09000
 26.40000	 85.39305	 74.96000
 27.00000	 85.36035	 74.40000
 27.60000	 85.41561	 75.28000
 28.20000	 85.45397	 75.90000
 28.80000	 85.48493	 76.41000
 29.40000	 85.41996	 75.35000
 30.00000	 85.61013	 78.47000
 30.60000	 85.68940	 79.82000
 31.20000	 85.75412	 80.95000
 31.80000	 85.78765	 81.58000
 32.40000	 85.91208	 83.71000
 33.00000	 85.86097	 82.98000
 33.60000	 85.81490	 82.31000
 34.20000	 85.84600	 82.89000
 34.80000	 85.77480	 81.79000
 35.40000	 85.72341	 80.99000
 36.00000	 85.73509	 81.21000
 36.60000	 85.70539	 80.75000
 37.20000	 85.67999	 80.35000
 37.80000	 85.62656	 79.48000
 38.40000	 85.67374	 80.25000
 39.00000	 85.68484	 80.44000
 39.60000	 85.69942	 80.69000
 40.20000	 85.74599	 81.47000
 40.80000	 85.78331	 82.11000
 41.40000	 85.74962	 81.59000
 42.00000	 85.73065	 81.30000
 42.60000	 85.78502	 82.21000
 43.20000	 85.77047	 82.00000
 43.80000	 85.76421	 81.92000
 44.40000	 85.79401	 82.43000
 45.00000	 85.78206	 82.26000
 45.60000	 85.72975	 81.42000
 46.20000	 85.68330	 80.66000
 46.80000	 85.70391	 80.99000
 47.40000	 85.65243	 80.14000
 48.00000	 85.61276	 79.47000
 48.60000	 85.62414	 79.63000
 49.20000	 85.60178	 79.24000
 49.80000	 85.58213	 78.89000
 50.40000	 85.56452	 78.57000
 51.00000	 85.54587	 78.23000
 51.60000	 85.54076	 78.11000
 52.20000	 85.54225	 78.10000
 52.80000	 85.57636	 78.63000
 53.40000	 85.58846	 78.81000
 54.00000	 85.55349	 78.22000
 54.60000	 85.55915	 78.29000
 55.20000	 85.57251	 78.49000
 55.80000	 85.57886	 78.58000
 56.40000	 85.62330	 79.30000
 57.00000	 85.61163	 79.11000
 57.60000	 85.60868	 79.06000
 58.20000	 85.56264	 78.30000
 58.80000	 85.59697	 78.85000
 59.40000	 85.62882	 79.37000
 60.00000	 85.67832	 80.19000
 60.60000	 85.68627	 80.34000
 61.20000	 85.70511	 80.67000
 61.80000	 85.73283	 81.15000
 62.40000	 85.77597	 81.89000
 63.00000	 85.81303	 82.54000
 63.60000	 85.83322	 82.92000
 64.20000	 85.91404	 84.30000
 64.80000	 85.89040	 83.98000
 65.40000	 85.87296	 83.75000
 66.00000	 85.83361	 83.15000
 66.60000	 85.81582	 82.89000
 67.20000	 85.80215	 82.69000
 67.80000	 85.85809	 83.63000
 68.40000	 85.84085	 83.38000
 69.00000	 85.83986	 83.39000
 69.60000	 85.81592	 83.02000
 70.20000	 85.88486	 84.17000
 70.80000	 85.93505	 85.03000
 71.40000	 85.95901	 85.47000
 72.00000	 86.03926	 86.84000
 72.60000	 85.97557	 85.86000
 73.20000	 85.92302	 85.04000
 73.80000	 85.90319	 84.74000
 74.40000	 85.87898	 84.36000
 75.00000	 85.85709	 84.01000
 75.60000	 85.83746	 83.69000
 76.20000	 85.81940	 83.39000
 76.80000	 85.81318	 83.28000
 77.40000	 85.77970	 82.72000
 78.00000	 85.79840	 83.01000
 78.60000	 85.82156	 83.38000
 79.20000	 85.85944	 84.00000
 79.80000	 85.89908	 84.66000
 80.40000	 85.90891	 84.84000
 81.00000	 85.86943	 84.21000
 81.60000	 85.89270	 84.60000
 82.20000	 85.83480	 83.66000
 82.80000	 85.78525	 82.84000
 83.40000	 85.76450	 82.48000
 84.00000	 85.74645	 82.16000
 84.60000	 85.75839	 82.33000
 85.20000	 85.71227	 81.55000
 85.80000	 85.68509	 81.07000
 86.40000	 85.67585	 80.88000
 87.00000	 85.69150	 81.10000
 87.60000	 85.70671	 81.32000
 88.20000	 85.72515	 81.60000
 88.80000	 85.74256	 81.87000
 89.40000	 85.75836	 82.12000
 90.00000	 85.70338	 81.21000
 90.60000	 85.75200	 81.99000
 91.20000	 85.79299	 82.66000
 91.80000	 85.76764	 82.25000
 92.40000	 85.83875	 83.42000
 93.00000	 85.88736	 84.24000
 93.60000	 85.84347	 83.55000
 94.20000	 85.84120	 83.53000
 94.80000	 85.84452	 83.60000
 95.40000	 85.86973	 84.03000
 96.00000	 85.90307	 84.60000
 96.60000	 85.91953	 84.90000
 97.20000	 85.93280	 85.15000
 97.80000	 85.88097	 84.33000
 98.40000	 85.84235	 83.71000
 99.00000	 85.81420	 83.25000
 99.60000	 85.79750	 82.97000
100.20000	 85.81265	 83.21000
100.80000	 85.79469	 82.91000
101.40000	 85.79282	 82.87000
102.00000	 85.77575	 82.58000
102.60000	 85.88044	 84.29000
103.20000	 85.88665	 84.41000
103.80000	 85.88007	 84.32000
104.40000	 85.88949	 84.49000
105.00000	 85.87876	 84.33000
105.60000	 85.87377	 84.26000
106.20000	 85.79116	 82.91000
106.80000	 85.72764	 81.85000
107.40000	 85.67671	 80.98000
108.00000	 85.68242	 81.03000
108.60000	 85.71942	 81.60000
109.20000	 85.64016	 80.27000
109.80000	 85.60833	 79.70000
110.40000	 85.66798	 80.63000
111.00000	 85.71541	 81.38000
111.60000	 85.75579	 82.03000
112.20000	 85.87742	 84.03000
112.80000	 85.86448	 83.85000
113.40000	 85.85859	 83.78000
114.00000	 85.84018	 83.50000
114.60000	 85.86107	 83.86000
115.20000	 85.87135	 84.05000
115.80000	 85.90646	 84.65000
116.40000	 85.89124	 84.43000
117.00000	 85.87703	 84.22000
117.60000	 85.83827	 83.60000
118.20000	 85.81121	 83.16000
118.80000	 85.79011	 82.81000
119.40000	 85.78456	 82.71000
120.00000	 85.78271	 82.67000
120.60000	 85.79725	 82.90000
121.20000	 85.75256	 82.16000
121.80000	 85.77789	 82.56000
122.40000	 85.80210	 82.95000
123.00000	 85.75961	 82.25000
123.60000	 85.81082	 83.08000
124.20000	 85.84529	 83.65000
124.80000	 85.82995	 83.41000
125.40000	 85.81251	 83.13000
126.00000	 85.80391	 82.99000
126.60000	 85.74261	 81.98000
127.20000	 85.79598	 82.84000
127.80000	 85.82647	 83.34000
128.40000	 85.80235	 82.95000
129.00000	 85.77928	 82.57000
129.60000	 85.75784	 82.21000
130.20000	 85.65835	 80.56000
130.80000	 85.68206	 80.91000
131.40000	 85.69484	 81.09000
132.00000	 85.65926	 80.48000
132.60000	 85.62418	 79.87000
133.20000	 85.60354	 79.49000
133.80000	 85.59036	 79.23000
134.40000	 85.59301	 79.23000
135.00000	 85.59783	 79.27000
135.60000	 85.64857	 80.07000
136.20000	 85.67760	 80.53000
136.80000	 85.68113	 80.58000
137.40000	 85.67545	 80.48000
138.00000	 85.67226	 80.42000
138.60000	 85.68854	 80.68000
139.20000	 85.66561	 80.30000
139.80000	 85.66434	 80.27000
140.40000	 85.71772	 81.14000
141.00000	 85.72032	 81.19000
141.60000	 85.68584	 80.63000
142.20000	 85.67569	 80.46000
142.80000	 85.76413	 81.91000
143.40000	 85.76595	 81.96000
144.00000	 85.80610	 82.64000
144.60000	 85.88270	 83.93000
145.20000	 86.02675	 86.35000
145.80000	 85.95892	 85.32000
146.40000	 85.97590	 85.66000
147.00000	 85.96735	 85.58000
147.60000	 85.92825	 84.99000
148.20000	 85.89251	 84.44000
148.80000	 85.83813	 83.57000
149.40000	 85.78178	 82.65000
150.00000	 85.75439	 82.19000
150.60000	 85.65818	 80.59000
151.20000	 85.59455	 79.50000
151.80000	 85.57133	 79.06000
152.40000	 85.57133	 79.00000
153.00000	 85.56801	 78.89000
153.60000	 85.58819	 79.17000
154.20000	 85.50571	 77.77000
154.80000	 85.53443	 78.18000
155.40000	 85.56236	 78.59000
156.00000	 85.55494	 78.43000
156.60000	 74.15000	 79.38000
157.20000	 88.34000	 80.08000
157.80000	 85.48165	 79.78000
158.40000	 86.03359	 79.48000
