  0.00000	 72.85000	 79.28000
  0.60000	 73.27971	 79.47000
  1.20000	 73.35212	 79.45000
  1.80000	 73.10762	 79.24000
  2.40000	 74.45168	 79.99000
  3.00000	 74.94068	 80.24000
  3.60000	 73.76899	 79.49000
  4.20000	 74.27117	 79.74000
  4.80000	 74.77737	 80.00000
  5.40000	 74.82648	 79.99000
  6.00000	 77.21061	 81.40000
  6.60000	 75.17780	 80.16000
  7.20000	 73.62453	 79.18000
  7.80000	 73.57337	 79.09000
  8.40000	 73.47352	 78.97000
  9.00000	 73.21150	 78.75000
  9.60000	 76.48183	 80.68000
 10.20000	 74.29989	 79.34000
 10.80000	 72.95178	 78.47000
 11.40000	 74.78681	 79.52000
 12.00000	 76.51713	 80.54000
 12.60000	 77.62262	 81.21000
 13.20000	 80.73834	 83.13000
 13.80000	 79.39589	 82.38000
 14.40000	 78.29737	 81.75000
 15.00000	 78.38121	 81.82000
 15.60000	 78.57912	 81.96000
 16.20000	 78.31634	 81.82000
 16.80000	 77.67437	 81.44000
 17.40000	 76.65073	 80.81000
 18.00000	 73.77891	 79.02000
 18.60000	 73.87750	 78.99000
 19.20000	 73.90681	 78.92000
 19.80000	 73.57657	 78.63000
 20.40000	 73.63193	 78.57000
 21.00000	 74.18730	 78.82000
 21.60000	 72.90293	 77.95000
 22.20000	 75.67542	 79.55000
 22.80000	 78.53980	 81.28000
 23.40000	 82.13729	 83.54000
 24.00000	 86.24000	 86.21000
 24.60000	 85.45458	 85.97000
 25.20000	 84.56558	 85.64000
 25.80000	 84.11456	 85.55000
 26.40000	 83.35408	 85.25000
 27.00000	 82.99245	 85.17000
 27.60000	 80.78423	 83.93000
 28.20000	 79.06365	 82.92000
 28.80000	 76.14894	 81.11000
 29.40000	 76.19283	 81.04000
 30.00000	 76.04516	 80.85000
 30.60000	 77.78611	 81.83000
 31.20000	 76.18240	 80.79000
 31.80000	 74.97055	 79.94000
 32.40000	 76.19000	 80.56000
 33.00000	 75.86346	 80.26000
 33.60000	 75.36035	 79.84000
 34.20000	 77.62731	 81.13000
 34.80000	 75.62218	 79.84000
 35.40000	 74.21666	 78.85000
 36.00000	 74.87363	 79.09000
 36.60000	 75.41325	 79.28000
 37.20000	 75.73942	 79.36000
 37.80000	 77.46162	 80.33000
 38.40000	 75.60017	 79.13000
 39.00000	 74.73770	 78.48000
 39.60000	 76.36672	 79.35000
 40.20000	 78.34755	 80.51000
 40.80000	 79.52453	 81.26000
 41.40000	 79.87008	 81.55000
 42.00000	 79.35392	 81.32000
 42.60000	 78.77978	 81.03000
 43.20000	 78.49436	 80.89000
 43.80000	 77.41493	 80.23000
 44.40000	 76.46123	 79.59000
 45.00000	 77.45291	 80.12000
 45.60000	 75.35052	 78.74000
 46.20000	 74.13380	 77.81000
 46.80000	 74.68426	 77.92000
 47.40000	 74.93703	 77.86000
 48.00000	 75.35911	 77.92000
 48.60000	 77.60607	 79.16000
 49.20000	 77.61126	 79.11000
 49.80000	 77.95371	 79.29000
 50.40000	 79.20231	 80.07000
 51.00000	 80.01493	 80.65000
 51.60000	 80.59539	 81.14000
 52.20000	 83.20160	 82.96000
 52.80000	 81.22258	 82.03000
 53.40000	 80.23466	 81.63000
 54.00000	 80.49080	 81.95000
 54.60000	 80.98187	 82.42000
 55.20000	 81.45042	 82.90000
 55.80000	 83.00204	 84.10000
 56.40000	 81.03617	 83.16000
 57.00000	 81.02150	 83.35000
 57.60000	 81.26668	 83.69000
 58.20000	 83.09669	 85.05000
 58.80000	 83.11001	 85.37000
 59.40000	 82.84538	 85.53000
 60.00000	 83.63031	 86.35000
 60.60000	 81.51967	 85.37000
 61.20000	 79.91187	 84.57000
 61.80000	 78.19072	 83.56000
 62.40000	 78.31856	 83.58000
 63.00000	 78.25659	 83.45000
 63.60000	 77.58977	 82.91000
 64.20000	 77.24749	 82.52000
 64.80000	 76.99592	 82.15000
 65.40000	 77.14776	 82.01000
 66.00000	 76.65655	 81.46000
 66.60000	 76.59853	 81.15000
 67.20000	 76.99266	 81.12000
 67.80000	 77.73263	 81.34000
 68.40000	 78.35954	 81.55000
 69.00000	 78.77872	 81.69000
 69.60000	 79.42853	 82.03000
 70.20000	 79.64654	 82.16000
 70.80000	 79.04872	 81.80000
 71.40000	 80.42394	 82.68000
 72.00000	 79.19878	 81.99000
 72.60000	 78.26889	 81.41000
 73.20000	 78.40051	 81.43000
 73.80000	 77.83732	 80.99000
 74.40000	 77.44061	 80.60000
 75.00000	 78.81625	 81.31000
 75.60000	 78.16703	 80.81000
 76.20000	 77.67349	 80.37000
 76.80000	 77.48223	 80.08000
 77.40000	 77.13379	 79.66000
 78.00000	 76.95605	 79.31000
 78.60000	 76.91380	 79.02000
 79.20000	 77.12324	 78.88000
 79.80000	 77.03685	 78.56000
 80.40000	 76.05856	 77.65000
 81.00000	 77.50408	 78.23000
 81.60000	 76.96483	 77.63000
 82.20000	 76.78329	 77.23000
 82.80000	 78.79609	 78.25000
 83.40000	 78.83370	 78.17000
 84.00000	 79.15291	 78.32000
 84.60000	 79.99299	 78.87000
 85.20000	 80.69920	 79.44000
 85.80000	 81.01852	 79.86000
 86.40000	 81.05302	 80.16000
 87.00000	 82.17621	 81.21000
 87.60000	 81.23180	 81.03000
 88.20000	 80.49558	 80.92000
 88.80000	 80.27874	 81.07000
 89.40000	 79.66311	 80.91000
 90.00000	 79.46683	 80.94000
 90.60000	 80.21670	 81.55000
 91.20000	 79.56365	 81.29000
 91.80000	 78.52417	 80.70000
 92.40000	 78.35121	 80.55000
 93.00000	 80.18969	 81.69000
 93.60000	 80.46234	 81.98000
 94.20000	 80.75096	 82.35000
 94.80000	 81.28351	 82.95000
 95.40000	 81.30530	 83.30000
 96.00000	 80.13909	 82.88000
 96.60000	 79.29456	 82.54000
 97.20000	 78.96511	 82.41000
 97.80000	 78.49895	 82.10000
 98.40000	 78.24025	 81.83000
 99.00000	 78.95258	 82.15000
 99.60000	 77.54415	 81.09000
100.20000	 77.49803	 80.76000
100.80000	 78.00731	 80.76000
101.40000	 78.90865	 81.08000
102.00000	 80.94788	 82.33000
102.60000	 81.77605	 83.10000
103.20000	 81.46826	 83.31000
103.80000	 79.87508	 82.66000
104.40000	 80.56523	 83.38000
105.00000	 81.21976	 84.16000
105.60000	 81.45821	 84.77000
106.20000	 84.44594	 87.40000
106.80000	 80.26665	 85.53000
107.40000	 79.88724	 85.72000
108.00000	 79.34674	 85.63000
108.60000	 78.81985	 85.37000
109.20000	 77.02445	 84.02000
109.80000	 77.31802	 83.74000
110.40000	 77.24850	 83.13000
111.00000	 77.26269	 82.50000
111.60000	 75.45079	 80.49000
112.20000	 74.93341	 78.99000
112.80000	 75.21006	 77.84000
113.40000	 76.93485	 77.73000
114.00000	 78.01162	 77.51000
114.60000	 77.61264	 76.52000
115.20000	 78.39330	 76.42000
115.80000	 79.31169	 76.67000
116.40000	 79.90089	 76.99000
117.00000	 83.42854	 79.83000
117.60000	 80.63191	 78.90000
118.20000	 79.51138	 78.75000
118.80000	 79.63655	 79.23000
119.40000	 82.00583	 81.43000
120.00000	 82.77250	 83.07000
120.60000	 83.46869	 85.05000
121.20000	 79.02773	 83.29000
121.80000	 78.52281	 83.33000
122.40000	 78.22922	 83.10000
123.00000	 78.42327	 82.96000
123.60000	 78.26228	 82.45000
124.20000	 77.80696	 81.56000
124.80000	 77.17960	 80.29000
125.40000	 77.42121	 79.43000
126.00000	 78.99596	 79.71000
126.60000	 78.92545	 79.21000
127.20000	 79.01377	 78.95000
127.80000	 77.87658	 77.73000
128.40000	 79.94641	 78.88000
129.00000	 80.69163	 79.75000
129.60000	 80.76986	 80.55000
130.20000	 79.80202	 80.61000
130.80000	 79.30528	 80.71000
131.40000	 79.44554	 81.09000
132.00000	 78.30610	 80.25000
132.60000	 79.99591	 81.43000
133.20000	 80.63013	 82.42000
133.80000	 80.44220	 83.10000
134.40000	 80.45427	 84.00000
135.00000	 79.96424	 84.45000
135.60000	 78.79282	 83.90000
136.20000	 78.70568	 83.61000
136.80000	 78.83486	 83.29000
137.40000	 78.55599	 82.51000
138.00000	 79.39652	 82.69000
138.60000	 79.33998	 82.48000
139.20000	 78.65659	 81.62000
139.80000	 78.58132	 80.93000
140.40000	 78.73889	 80.37000
141.00000	 78.58613	 79.54000
141.60000	 79.49480	 79.86000
142.20000	 79.56171	 80.01000
142.80000	 79.26211	 79.92000
143.40000	 78.73822	 79.32000
144.00000	 80.38049	 80.99000
144.60000	 80.48634	 82.34000
145.20000	 80.26348	 83.61000
145.80000	 79.62914	 84.15000
146.40000	 79.37108	 84.42000
147.00000	 79.25150	 84.40000
147.60000	 79.52662	 84.68000
148.20000	 78.85665	 83.77000
148.80000	 78.81544	 82.88000
149.40000	 78.98534	 82.14000
150.00000	 79.00819	 81.37000
150.60000	 78.81855	 80.29000
151.20000	 79.49068	 80.51000
151.80000	 79.15331	 80.07000
152.40000	 79.12742	 79.75000
153.00000	 79.82284	 80.89000
153.60000	 79.30517	 80.96000
154.20000	 79.25805	 81.04000
154.80000	 79.27138	 81.04000
155.40000	 79.39119	 81.28000
156.00000	 79.35859	 81.44000
156.60000	 79.44265	 81.86000
157.20000	 79.09369	 81.23000
157.80000	 79.20460	 80.77000
158.40000	 79.28583	 80.49000
