  0.00000	 80.40440	 79.28000
  0.60000	 80.30710	 79.47000
  1.20000	 80.12650	 79.45000
  1.80000	 80.05350	 79.24000
  2.40000	 80.37180	 79.99000
  3.00000	 80.20470	 80.24000
  3.60000	 79.84248	 79.49000
  4.20000	 80.23410	 79.74000
  4.80000	 80.26546	 80.00000
  5.40000	 80.13002	 79.99000
  6.00000	 80.73736	 81.40000
  6.60000	 79.59769	 80.16000
  7.20000	 79.61601	 79.18000
  7.80000	 80.11847	 79.09000
  8.40000	 80.14065	 78.97000
  9.00000	 80.02700	 78.75000
  9.60000	 81.14456	 80.68000
 10.20000	 79.47527	 79.34000
 10.80000	 79.42963	 78.47000
 11.40000	 80.67192	 79.52000
 12.00000	 80.89298	 80.54000
 12.60000	 80.62039	 81.21000
 13.20000	 81.33897	 83.13000
 13.80000	 79.78662	 82.38000
 14.40000	 79.52042	 81.75000
 15.00000	 80.09366	 81.82000
 15.60000	 80.35866	 81.96000
 16.20000	 80.19247	 81.82000
 16.80000	 79.93059	 81.44000
 17.40000	 79.66712	 80.81000
 18.00000	 78.72518	 79.02000
 18.60000	 79.81749	 78.99000
 19.20000	 80.18980	 78.92000
 19.80000	 80.02995	 78.63000
 20.40000	 80.06781	 78.57000
 21.00000	 80.30196	 78.82000
 21.60000	 79.42140	 77.95000
 22.20000	 81.16999	 79.55000
 22.80000	 82.00598	 81.28000
 23.40000	 82.66838	 83.54000
 24.00000	 83.19096	 86.21000
 24.60000	 80.72562	 85.97000
 25.20000	 79.60014	 85.64000
 25.80000	 79.61286	 85.55000
 26.40000	 79.67945	 85.25000
 27.00000	 80.04238	 85.17000
 27.60000	 79.14749	 83.93000
 28.20000	 78.93083	 82.92000
 28.80000	 78.10007	 81.11000
 29.40000	 79.43299	 81.04000
 30.00000	 80.02475	 80.85000
 30.60000	 81.37775	 81.83000
 31.20000	 79.88868	 80.79000
 31.80000	 79.11589	 79.94000
 32.40000	 80.25321	 80.56000
 33.00000	 79.98038	 80.26000
 33.60000	 79.64043	 79.84000
 34.20000	 81.24812	 81.13000
 34.80000	 79.41479	 79.84000
 35.40000	 78.56675	 78.85000
 36.00000	 79.48887	 79.09000
 36.60000	 80.07573	 79.28000
 37.20000	 80.27339	 79.36000
 37.80000	 81.30928	 80.33000
 38.40000	 79.46763	 79.13000
 39.00000	 78.84284	 78.48000
 39.60000	 80.24898	 79.35000
 40.20000	 81.55122	 80.51000
 40.80000	 81.85762	 81.26000
 41.40000	 81.41058	 81.55000
 42.00000	 80.44675	 81.32000
 42.60000	 79.74845	 81.03000
 43.20000	 79.53815	 80.89000
 43.80000	 78.87937	 80.23000
 44.40000	 78.51948	 79.59000
 45.00000	 79.73174	 80.12000
 45.60000	 78.33980	 78.74000
 46.20000	 77.85128	 77.81000
 46.80000	 78.79785	 77.92000
 47.40000	 79.29419	 77.86000
 48.00000	 79.74045	 77.92000
 48.60000	 81.43028	 79.16000
 49.20000	 81.00351	 79.11000
 49.80000	 80.84479	 79.29000
 50.40000	 81.42537	 80.07000
 51.00000	 81.59855	 80.65000
 51.60000	 81.59098	 81.14000
 52.20000	 83.23395	 82.96000
 52.80000	 81.03768	 82.03000
 53.40000	 79.98355	 81.63000
 54.00000	 80.17736	 81.95000
 54.60000	 80.62282	 82.42000
 55.20000	 81.03348	 82.90000
 55.80000	 82.28015	 84.10000
 56.40000	 80.51667	 83.16000
 57.00000	 80.53565	 83.35000
 57.60000	 80.79943	 83.69000
 58.20000	 82.35192	 85.05000
 58.80000	 82.25269	 85.37000
 59.40000	 81.91767	 85.53000
 60.00000	 82.49075	 86.35000
 60.60000	 80.63237	 85.37000
 61.20000	 79.37244	 84.57000
 61.80000	 78.16414	 83.56000
 62.40000	 78.62627	 83.58000
 63.00000	 78.89995	 83.45000
 63.60000	 78.61427	 82.91000
 64.20000	 78.57615	 82.52000
 64.80000	 78.57252	 82.15000
 65.40000	 78.86557	 82.01000
 66.00000	 78.55370	 81.46000
 66.60000	 78.58765	 81.15000
 67.20000	 78.97435	 81.12000
 67.80000	 79.61015	 81.34000
 68.40000	 80.09579	 81.55000
 69.00000	 80.36383	 81.69000
 69.60000	 80.80969	 82.03000
 70.20000	 80.86819	 82.16000
 70.80000	 80.23000	 81.80000
 71.40000	 81.33025	 82.68000
 72.00000	 80.16918	 81.99000
 72.60000	 79.31047	 81.41000
 73.20000	 79.41212	 81.43000
 73.80000	 78.92067	 80.99000
 74.40000	 78.58790	 80.60000
 75.00000	 79.80520	 81.31000
 75.60000	 79.23118	 80.81000
 76.20000	 78.79229	 80.37000
 76.80000	 78.61608	 80.08000
 77.40000	 78.29622	 79.66000
 78.00000	 78.11989	 79.31000
 78.60000	 78.05429	 79.02000
 79.20000	 78.20135	 78.88000
 79.80000	 78.07876	 78.56000
 80.40000	 77.15870	 77.65000
 81.00000	 78.37226	 78.23000
 81.60000	 77.82852	 77.63000
 82.20000	 77.59362	 77.23000
 82.80000	 79.30633	 78.25000
 83.40000	 79.28736	 78.17000
 84.00000	 79.52950	 78.32000
 84.60000	 80.25210	 78.87000
 85.20000	 80.88299	 79.44000
 85.80000	 81.19728	 79.86000
 86.40000	 81.27845	 80.16000
 87.00000	 82.35444	 81.21000
 87.60000	 81.61034	 81.03000
 88.20000	 81.03427	 80.92000
 88.80000	 80.89900	 81.07000
 89.40000	 80.38353	 80.91000
 90.00000	 80.21359	 80.94000
 90.60000	 80.88593	 81.55000
 91.20000	 80.30751	 81.29000
 91.80000	 79.34547	 80.70000
 92.40000	 79.11413	 80.55000
 93.00000	 80.70702	 81.69000
 93.60000	 80.96699	 81.98000
 94.20000	 81.28673	 82.35000
 94.80000	 81.87485	 82.95000
 95.40000	 82.04692	 83.30000
 96.00000	 81.13399	 82.88000
 96.60000	 80.43376	 82.54000
 97.20000	 80.12268	 82.41000
 97.80000	 79.62455	 82.10000
 98.40000	 79.25512	 81.83000
 99.00000	 79.75614	 82.15000
 99.60000	 78.31182	 81.09000
100.20000	 78.02099	 80.76000
100.80000	 78.22960	 80.76000
101.40000	 78.86168	 81.08000
102.00000	 80.70644	 82.33000
102.60000	 81.68417	 83.10000
103.20000	 81.75729	 83.31000
103.80000	 80.61015	 82.66000
104.40000	 81.47007	 83.38000
105.00000	 82.35017	 84.16000
105.60000	 82.91709	 84.77000
106.20000	 86.24000	 87.40000
106.80000	 83.01524	 85.53000
107.40000	 82.94022	 85.72000
108.00000	 82.53170	 85.63000
108.60000	 81.95861	 85.37000
109.20000	 79.94788	 84.02000
109.80000	 79.62700	 83.74000
110.40000	 78.90103	 83.13000
111.00000	 78.21699	 82.50000
111.60000	 75.66359	 80.49000
112.20000	 74.02334	 78.99000
112.80000	 72.99734	 77.84000
113.40000	 73.48476	 77.73000
114.00000	 73.74241	 77.51000
114.60000	 72.85000	 76.52000
115.20000	 73.21953	 76.42000
115.80000	 74.00548	 76.67000
116.40000	 74.78285	 76.99000
117.00000	 78.99524	 79.83000
117.60000	 77.57458	 78.90000
118.20000	 77.31595	 78.75000
118.80000	 77.95525	 79.23000
119.40000	 80.96857	 81.43000
120.00000	 82.99057	 83.07000
120.60000	 85.36139	 85.05000
121.20000	 82.32575	 83.29000
121.80000	 82.05225	 83.33000
122.40000	 81.45501	 83.10000
123.00000	 81.05080	 82.96000
123.60000	 80.17095	 82.45000
124.20000	 78.82280	 81.56000
124.80000	 77.02661	 80.29000
125.40000	 75.91686	 79.43000
126.00000	 76.47827	 79.71000
126.60000	 75.89011	 79.21000
127.20000	 75.65798	 78.95000
127.80000	 74.06038	 77.73000
128.40000	 75.89290	 78.88000
129.00000	 77.21492	 79.75000
129.60000	 78.35563	 80.55000
130.20000	 78.38071	 80.61000
130.80000	 78.46085	 80.71000
131.40000	 78.93792	 81.09000
132.00000	 77.65830	 80.25000
132.60000	 79.31927	 81.43000
133.20000	 80.63669	 82.42000
133.80000	 81.45979	 83.10000
134.40000	 82.57268	 84.00000
135.00000	 83.01088	 84.45000
135.60000	 82.02002	 83.90000
136.20000	 81.45928	 83.61000
136.80000	 80.89185	 83.29000
137.40000	 79.69818	 82.51000
138.00000	 79.93147	 82.69000
138.60000	 79.59950	 82.48000
139.20000	 78.34956	 81.62000
139.80000	 77.38833	 80.93000
140.40000	 76.64323	 80.37000
141.00000	 75.52846	 79.54000
141.60000	 76.09390	 79.86000
142.20000	 76.38419	 80.01000
142.80000	 76.31009	 79.92000
143.40000	 75.49610	 79.32000
144.00000	 77.96881	 80.99000
144.60000	 79.89753	 82.34000
145.20000	 81.65383	 83.61000
145.80000	 82.31247	 84.15000
146.40000	 82.57376	 84.42000
147.00000	 82.42121	 84.40000
147.60000	 82.71830	 84.68000
148.20000	 81.29763	 83.77000
148.80000	 79.95253	 82.88000
149.40000	 78.86358	 82.14000
150.00000	 77.75877	 81.37000
150.60000	 76.22872	 80.29000
151.20000	 76.61392	 80.51000
151.80000	 76.02401	 80.07000
152.40000	 75.61397	 79.75000
153.00000	 77.32514	 80.89000
153.60000	 77.43718	 80.96000
154.20000	 77.55808	 81.04000
154.80000	 77.55743	 81.04000
155.40000	 77.90399	 81.28000
156.00000	 78.12561	 81.44000
156.60000	 78.72123	 81.86000
157.20000	 77.77506	 81.23000
157.80000	 77.09408	 80.77000
158.40000	 76.68585	 80.49000
