  0.00000	 84.13003	 79.28000
  0.60000	 84.12349	 79.47000
  1.20000	 84.11008	 79.45000
  1.80000	 84.10579	 79.24000
  2.40000	 84.12529	 79.99000
  3.00000	 84.11354	 80.24000
  3.60000	 84.09537	 79.49000
  4.20000	 84.11847	 79.74000
  4.80000	 84.11692	 80.00000
  5.40000	 84.11010	 79.99000
  6.00000	 84.13792	 81.40000
  6.60000	 84.08478	 80.16000
  7.20000	 84.09657	 79.18000
  7.80000	 84.11594	 79.09000
  8.40000	 84.11080	 78.97000
  9.00000	 84.10629	 78.75000
  9.60000	 84.14681	 80.68000
 10.20000	 84.07918	 79.34000
 10.80000	 84.09599	 78.47000
 11.40000	 84.13546	 79.52000
 12.00000	 84.12758	 80.54000
 12.60000	 84.11841	 81.21000
 13.20000	 84.14501	 83.13000
 13.80000	 84.09389	 82.38000
 14.40000	 84.10472	 81.75000
 15.00000	 84.12204	 81.82000
 15.60000	 84.12039	 81.96000
 16.20000	 84.11304	 81.82000
 16.80000	 84.10917	 81.44000
 17.40000	 84.10551	 80.81000
 18.00000	 84.08400	 79.02000
 18.60000	 84.11949	 78.99000
 19.20000	 84.11278	 78.92000
 19.80000	 84.10460	 78.63000
 20.40000	 84.10900	 78.57000
 21.00000	 84.11434	 78.82000
 21.60000	 84.09176	 77.95000
 22.20000	 84.14119	 79.55000
 22.80000	 84.13784	 81.28000
 23.40000	 84.14555	 83.54000
 24.00000	 84.15504	 86.21000
 24.60000	 84.10311	 85.97000
 25.20000	 84.11421	 85.64000
 25.80000	 84.12539	 85.55000
 26.40000	 84.12079	 85.25000
 27.00000	 84.12432	 85.17000
 27.60000	 84.10142	 83.93000
 28.20000	 84.10816	 82.92000
 28.80000	 84.09230	 81.11000
 29.40000	 84.12466	 81.04000
 30.00000	 84.11540	 80.85000
 30.60000	 84.13365	 81.83000
 31.20000	 84.09183	 80.79000
 31.80000	 84.10041	 79.94000
 32.40000	 84.13004	 80.56000
 33.00000	 84.10687	 80.26000
 33.60000	 84.10464	 79.84000
 34.20000	 84.13852	 81.13000
 34.80000	 84.08492	 79.84000
 35.40000	 84.09618	 78.85000
 36.00000	 84.12153	 79.09000
 36.60000	 84.11504	 79.28000
 37.20000	 84.11036	 79.36000
 37.80000	 84.12777	 80.33000
 38.40000	 84.08503	 79.13000
 39.00000	 84.10129	 78.48000
 39.60000	 84.13087	 79.35000
 40.20000	 84.13005	 80.51000
 40.80000	 84.11954	 81.26000
 41.40000	 84.11362	 81.55000
 42.00000	 84.10788	 81.32000
 42.60000	 84.11005	 81.03000
 43.20000	 84.11378	 80.89000
 43.80000	 84.10301	 80.23000
 44.40000	 84.10398	 79.59000
 45.00000	 84.12574	 80.12000
 45.60000	 84.08513	 78.74000
 46.20000	 84.09699	 77.81000
 46.80000	 84.11668	 77.92000
 47.40000	 84.10801	 77.86000
 48.00000	 84.10820	 77.92000
 48.60000	 84.13030	 79.16000
 49.20000	 84.10286	 79.11000
 49.80000	 84.11062	 79.29000
 50.40000	 84.12416	 80.07000
 51.00000	 84.11905	 80.65000
 51.60000	 84.11805	 81.14000
 52.20000	 84.14514	 82.96000
 52.80000	 84.09109	 82.03000
 53.40000	 84.10933	 81.63000
 54.00000	 84.12576	 81.95000
 54.60000	 84.12516	 82.42000
 55.20000	 84.12355	 82.90000
 55.80000	 84.13770	 84.10000
 56.40000	 84.09651	 83.16000
 57.00000	 84.12458	 83.35000
 57.60000	 84.12731	 83.69000
 58.20000	 84.14440	 85.05000
 58.80000	 84.12201	 85.37000
 59.40000	 84.12244	 85.53000
 60.00000	 84.13847	 86.35000
 60.60000	 84.10376	 85.37000
 61.20000	 84.11209	 84.57000
 61.80000	 84.10951	 83.56000
 62.40000	 84.12766	 83.58000
 63.00000	 84.12005	 83.45000
 63.60000	 84.11026	 82.91000
 64.20000	 84.11404	 82.52000
 64.80000	 84.11394	 82.15000
 65.40000	 84.11708	 82.01000
 66.00000	 84.10773	 81.46000
 66.60000	 84.11247	 81.15000
 67.20000	 84.11683	 81.12000
 67.80000	 84.11965	 81.34000
 68.40000	 84.11798	 81.55000
 69.00000	 84.11656	 81.69000
 69.60000	 84.12105	 82.03000
 70.20000	 84.11709	 82.16000
 70.80000	 84.10869	 81.80000
 71.40000	 84.13419	 82.68000
 72.00000	 84.10164	 81.99000
 72.60000	 84.10694	 81.41000
 73.20000	 84.11989	 81.43000
 73.80000	 84.10843	 80.99000
 74.40000	 84.10901	 80.60000
 75.00000	 84.12963	 81.31000
 75.60000	 84.10301	 80.81000
 76.20000	 84.10627	 80.37000
 76.80000	 84.11050	 80.08000
 77.40000	 84.10685	 79.66000
 78.00000	 84.10735	 79.31000
 78.60000	 84.10758	 79.02000
 79.20000	 84.10934	 78.88000
 79.80000	 84.10471	 78.56000
 80.40000	 84.09333	 77.65000
 81.00000	 84.12275	 78.23000
 81.60000	 84.09590	 77.63000
 82.20000	 84.10062	 77.23000
 82.80000	 84.12808	 78.25000
 83.40000	 84.10253	 78.17000
 84.00000	 84.10858	 78.32000
 84.60000	 84.11774	 78.87000
 85.20000	 84.11726	 79.44000
 85.80000	 84.11454	 79.86000
 86.40000	 84.11384	 80.16000
 87.00000	 84.12973	 81.21000
 87.60000	 84.10552	 81.03000
 88.20000	 84.11068	 80.92000
 88.80000	 84.11779	 81.07000
 89.40000	 84.11112	 80.91000
 90.00000	 84.11509	 80.94000
 90.60000	 84.12586	 81.55000
 91.20000	 84.10758	 81.29000
 91.80000	 84.10357	 80.70000
 92.40000	 84.11416	 80.55000
 93.00000	 84.13708	 81.69000
 93.60000	 84.11618	 81.98000
 94.20000	 84.11930	 82.35000
 94.80000	 84.12598	 82.95000
 95.40000	 84.12166	 83.30000
 96.00000	 84.10849	 82.88000
 96.60000	 84.11335	 82.54000
 97.20000	 84.11806	 82.41000
 97.80000	 84.11323	 82.10000
 98.40000	 84.11352	 81.83000
 99.00000	 84.12424	 82.15000
 99.60000	 84.09593	 81.09000
100.20000	 84.11266	 80.76000
100.80000	 84.11776	 80.76000
101.40000	 84.12076	 81.08000
102.00000	 84.13645	 82.33000
102.60000	 84.12490	 83.10000
103.20000	 84.11624	 83.31000
103.80000	 84.10426	 82.66000
104.40000	 84.13447	 83.38000
105.00000	 84.13264	 84.16000
105.60000	 84.12768	 84.77000
106.20000	 84.16763	 87.40000
106.80000	 84.07915	 85.53000
107.40000	 84.13122	 85.72000
108.00000	 84.12663	 85.63000
108.60000	 84.12067	 85.37000
109.20000	 84.10005	 84.02000
109.80000	 84.12310	 83.74000
110.40000	 84.11363	 83.13000
111.00000	 84.11107	 82.50000
111.60000	 84.08405	 80.49000
112.20000	 84.09607	 78.99000
112.80000	 84.10005	 77.84000
113.40000	 84.11436	 77.73000
114.00000	 84.10580	 77.51000
114.60000	 84.08874	 76.52000
115.20000	 84.10727	 76.42000
115.80000	 84.11132	 76.67000
116.40000	 84.10953	 76.99000
117.00000	 84.15651	 79.83000
117.60000	 84.07919	 78.90000
118.20000	 84.10439	 78.75000
118.80000	 84.12076	 79.23000
119.40000	 84.15042	 81.43000
120.00000	 84.13436	 83.07000
120.60000	 84.14305	 85.05000
121.20000	 84.07633	 83.29000
121.80000	 84.12429	 83.33000
122.40000	 84.11929	 83.10000
123.00000	 84.11811	 82.96000
123.60000	 84.11016	 82.45000
124.20000	 84.10354	 81.56000
124.80000	 84.09709	 80.29000
125.40000	 84.10477	 79.43000
126.00000	 84.12327	 79.71000
126.60000	 84.10257	 79.21000
127.20000	 84.10694	 78.95000
127.80000	 84.08872	 77.73000
128.40000	 84.13522	 78.88000
129.00000	 84.12312	 79.75000
129.60000	 84.11967	 80.55000
130.20000	 84.10800	 80.61000
130.80000	 84.11304	 80.71000
131.40000	 84.12022	 81.09000
132.00000	 84.09663	 80.25000
132.60000	 84.13812	 81.43000
133.20000	 84.13015	 82.42000
133.80000	 84.12291	 83.10000
134.40000	 84.13013	 84.00000
135.00000	 84.12361	 84.45000
135.60000	 84.10751	 83.90000
136.20000	 84.11707	 83.61000
136.80000	 84.11702	 83.29000
137.40000	 84.10721	 82.51000
138.00000	 84.12571	 82.69000
138.60000	 84.11513	 82.48000
139.20000	 84.10205	 81.62000
139.80000	 84.10720	 80.93000
140.40000	 84.10897	 80.37000
141.00000	 84.10162	 79.54000
141.60000	 84.12236	 79.86000
142.20000	 84.11485	 80.01000
142.80000	 84.10881	 79.92000
143.40000	 84.10033	 79.32000
144.00000	 84.14517	 80.99000
144.60000	 84.13308	 82.34000
145.20000	 84.13086	 83.61000
145.80000	 84.12067	 84.15000
146.40000	 84.12093	 84.42000
147.00000	 84.11920	 84.40000
147.60000	 84.12699	 84.68000
148.20000	 84.10425	 83.77000
148.80000	 84.10764	 82.88000
149.40000	 84.11107	 82.14000
150.00000	 84.10825	 81.37000
150.60000	 84.10024	 80.29000
151.20000	 84.12388	 80.51000
151.80000	 84.10628	 80.07000
152.40000	 84.10774	 79.75000
153.00000	 84.13537	 80.89000
153.60000	 84.11057	 80.96000
154.20000	 84.11263	 81.04000
154.80000	 84.11356	 81.04000
155.40000	 84.11885	 81.28000
156.00000	 84.11681	 81.44000
156.60000	 72.85000	 81.86000
157.20000	 86.24000	 81.23000
157.80000	 83.48489	 80.77000
158.40000	 83.99573	 80.49000
