  0.00000	 38.96066	 51.79000
  0.60000	 41.36471	 53.92000
  1.20000	 39.69228	 52.33000
  1.80000	 38.80859	 51.44000
  2.40000	 39.01127	 51.54000
  3.00000	 40.56974	 52.90000
  3.60000	 41.60720	 53.81000
  4.20000	 42.57833	 54.68000
  4.80000	 45.32102	 57.21000
  5.40000	 40.42532	 52.72000
  6.00000	 37.57285	 50.02000
  6.60000	 38.53783	 50.80000
  7.20000	 42.00014	 53.92000
  7.80000	 44.17111	 55.92000
  8.40000	 45.10517	 56.82000
  9.00000	 46.77232	 58.42000
  9.60000	 43.72920	 55.68000
 10.20000	 41.66015	 53.77000
 10.80000	 41.17299	 53.28000
 11.40000	 42.47193	 54.44000
 12.00000	 43.06905	 54.98000
 12.60000	 42.70491	 54.64000
 13.20000	 41.93279	 53.91000
 13.80000	 41.20416	 53.20000
 14.40000	 37.11658	 49.34000
 15.00000	 38.12176	 50.12000
 15.60000	 41.25824	 52.92000
 16.20000	 43.32269	 54.81000
 16.80000	 44.25326	 55.70000
 17.40000	 44.08647	 55.59000
 18.00000	 43.73504	 55.30000
 18.60000	 40.07063	 51.90000
 19.20000	 40.61057	 52.32000
 19.80000	 41.24904	 52.85000
 20.40000	 42.40994	 53.89000
 21.00000	 43.41379	 54.82000
 21.60000	 42.45201	 53.94000
 22.20000	 42.32561	 53.81000
 22.80000	 36.20000	 48.05000
 23.40000	 38.56668	 50.05000
 24.00000	 40.81097	 52.02000
 24.60000	 43.42715	 54.42000
 25.20000	 44.84805	 55.79000
 25.80000	 45.37634	 56.37000
 26.40000	 45.54778	 56.63000
 27.00000	 43.51580	 54.82000
 27.60000	 42.86571	 54.23000
 28.20000	 42.79717	 54.16000
 28.80000	 43.49769	 54.81000
 29.40000	 45.20016	 56.43000
 30.00000	 44.75270	 56.09000
 30.60000	 44.36945	 55.79000
 31.20000	 41.40814	 53.04000
 31.80000	 39.40587	 51.07000
 32.40000	 38.78591	 50.32000
 33.00000	 40.30995	 51.57000
 33.60000	 43.78256	 54.73000
 34.20000	 44.24422	 55.20000
 34.80000	 44.53480	 55.53000
 35.40000	 43.05849	 54.20000
 36.00000	 42.60759	 53.77000
 36.60000	 42.62558	 53.76000
 37.20000	 44.23863	 55.26000
 37.80000	 44.81053	 55.85000
 38.40000	 44.35117	 55.49000
 39.00000	 43.77007	 54.99000
 39.60000	 38.95357	 50.44000
 40.20000	 39.11756	 50.37000
 40.80000	 39.77260	 50.77000
 41.40000	 41.60991	 52.33000
 42.00000	 43.75075	 54.28000
 42.60000	 43.53551	 54.11000
 43.20000	 43.26555	 53.88000
 43.80000	 40.50081	 51.26000
 44.40000	 40.17002	 50.80000
 45.00000	 42.71102	 53.05000
 45.60000	 44.19678	 54.44000
 46.20000	 45.98405	 56.21000
 46.80000	 43.80830	 54.31000
 47.40000	 42.64727	 53.25000
 48.00000	 41.59011	 52.21000
 48.60000	 43.47827	 53.91000
 49.20000	 44.61054	 55.00000
 49.80000	 44.80553	 55.27000
 50.40000	 45.73723	 56.26000
 51.00000	 41.75582	 52.61000
 51.60000	 40.17868	 51.00000
 52.20000	 40.86052	 51.43000
 52.80000	 43.32271	 53.60000
 53.40000	 43.65659	 53.90000
 54.00000	 43.45237	 53.72000
 54.60000	 42.70544	 53.01000
 55.20000	 40.83659	 51.17000
 55.80000	 42.08134	 52.18000
 56.40000	 45.85871	 55.70000
 57.00000	 47.83531	 57.77000
 57.60000	 48.30445	 58.56000
 58.20000	 44.97700	 55.75000
 58.80000	 43.17689	 54.16000
 59.40000	 42.33751	 53.33000
 60.00000	 44.13561	 54.95000
 60.60000	 45.03566	 55.83000
 61.20000	 45.08610	 55.97000
 61.80000	 45.53839	 56.51000
 62.40000	 41.89780	 53.14000
 63.00000	 40.74938	 51.88000
 63.60000	 42.50754	 53.30000
 64.20000	 43.17297	 53.79000
 64.80000	 43.80148	 54.31000
 65.40000	 43.58759	 54.08000
 66.00000	 40.72474	 51.28000
 66.60000	 40.23534	 50.53000
 67.20000	 42.40167	 52.28000
 67.80000	 43.71408	 53.38000
 68.40000	 44.68957	 54.29000
 69.00000	 44.42609	 54.11000
 69.60000	 42.78506	 52.59000
 70.20000	 42.02738	 51.78000
 70.80000	 40.88802	 50.51000
 71.40000	 42.87371	 52.15000
 72.00000	 44.32840	 53.44000
 72.60000	 45.48970	 54.60000
 73.20000	 45.81019	 55.08000
 73.80000	 45.51747	 55.02000
 74.40000	 43.48335	 53.25000
 75.00000	 43.46407	 53.24000
 75.60000	 44.08549	 53.82000
 76.20000	 45.36830	 55.09000
 76.80000	 46.48729	 56.33000
 77.40000	 46.47643	 56.60000
 78.00000	 46.55561	 56.98000
 78.60000	 43.52370	 54.34000
 79.20000	 43.87562	 54.69000
 79.80000	 44.41613	 55.21000
 80.40000	 46.38243	 57.16000
 81.00000	 47.64538	 58.63000
 81.60000	 47.79676	 59.18000
 82.20000	 47.86481	 59.70000
 82.80000	 44.16772	 56.56000
 83.40000	 41.72509	 54.25000
 84.00000	 40.67757	 52.97000
 84.60000	 42.63730	 54.44000
 85.20000	 44.11768	 55.60000
 85.80000	 42.82755	 54.22000
 86.40000	 42.00671	 53.19000
 87.00000	 40.22719	 51.12000
 87.60000	 42.31114	 52.62000
 88.20000	 43.73644	 53.67000
 88.80000	 45.50981	 55.25000
 89.40000	 44.19909	 54.05000
 90.00000	 44.08179	 53.93000
 90.60000	 44.80885	 54.63000
 91.20000	 46.82142	 56.68000
 91.80000	 47.83224	 58.00000
 92.40000	 47.93551	 58.60000
 93.00000	 46.34233	 57.59000
 93.60000	 45.06286	 56.72000
 94.20000	 44.53774	 56.41000
 94.80000	 45.29212	 57.25000
 95.40000	 45.41369	 57.52000
 96.00000	 44.90633	 57.18000
 96.60000	 43.36032	 55.75000
 97.20000	 41.80393	 54.10000
 97.80000	 42.85331	 54.78000
 98.40000	 43.59896	 55.23000
 99.00000	 43.40579	 54.84000
 99.60000	 42.43354	 53.67000
100.20000	 42.20104	 53.11000
100.80000	 43.58619	 54.10000
101.40000	 45.07528	 55.36000
102.00000	 46.02135	 56.31000
102.60000	 44.84531	 55.34000
103.20000	 46.33944	 56.92000
103.80000	 47.32606	 58.20000
104.40000	 48.57721	 59.92000
105.00000	 48.14514	 60.19000
105.60000	 45.10762	 57.87000
106.20000	 43.26245	 56.33000
106.80000	 44.80252	 57.82000
107.40000	 44.37927	 57.47000
108.00000	 44.18100	 57.27000
108.60000	 43.98246	 57.02000
109.20000	 46.10400	 59.04000
109.80000	 41.62593	 54.76000
110.40000	 42.00534	 54.73000
111.00000	 43.07630	 55.34000
111.60000	 45.39346	 57.31000
112.20000	 46.04444	 57.97000
112.80000	 43.23528	 55.34000
113.40000	 41.86661	 53.79000
114.00000	 41.80942	 53.29000
114.60000	 43.37928	 54.34000
115.20000	 44.53787	 55.18000
115.80000	 44.60959	 55.14000
116.40000	 44.10602	 54.59000
117.00000	 42.29968	 52.68000
117.60000	 42.17055	 52.17000
118.20000	 44.08237	 53.64000
118.80000	 45.60732	 55.00000
119.40000	 47.51982	 57.06000
120.00000	 49.28000	 59.38000
120.60000	 45.36001	 56.36000
121.20000	 42.91579	 54.29000
121.80000	 42.84511	 54.13000
122.40000	 44.78873	 55.87000
123.00000	 45.50096	 56.62000
123.60000	 45.02147	 56.31000
124.20000	 43.11843	 54.50000
124.80000	 42.20186	 53.35000
125.40000	 39.06998	 49.68000
126.00000	 42.43848	 52.00000
126.60000	 45.01744	 53.98000
127.20000	 46.98031	 55.87000
127.80000	 49.07338	 58.42000
128.40000	 45.75297	 55.97000
129.00000	 44.21447	 54.88000
129.60000	 45.55725	 56.42000
130.20000	 47.81999	 59.10000
130.80000	 46.66221	 58.71000
131.40000	 45.90711	 58.60000
132.00000	 40.47361	 53.46000
132.60000	 41.18487	 53.51000
133.20000	 41.79851	 53.33000
133.80000	 43.44070	 54.23000
134.40000	 43.26715	 53.55000
135.00000	 43.18390	 52.98000
135.60000	 41.01650	 50.22000
136.20000	 41.73372	 50.00000
136.80000	 43.18395	 50.62000
137.40000	 45.70089	 52.70000
138.00000	 47.27581	 54.47000
138.60000	 47.10580	 54.96000
139.20000	 46.54775	 55.19000
139.80000	 43.11477	 52.31000
140.40000	 44.45460	 53.67000
141.00000	 46.03397	 55.46000
141.60000	 46.47306	 56.42000
142.20000	 46.21862	 56.83000
142.80000	 44.03999	 55.16000
143.40000	 43.31227	 54.47000
144.00000	 38.29634	 48.78000
144.60000	 41.16704	 50.09000
145.20000	 43.65361	 51.43000
145.80000	 46.20859	 53.55000
146.40000	 47.77956	 55.52000
147.00000	 47.67308	 56.40000
147.60000	 46.57307	 56.42000
148.20000	 41.60938	 51.95000
148.80000	 44.38914	 54.47000
149.40000	 45.88910	 56.13000
150.00000	 47.00133	 57.86000
150.60000	 45.68689	 57.36000
151.20000	 44.45435	 56.64000
151.80000	 42.25037	 54.36000
152.40000	 41.68563	 53.02000
153.00000	 42.27329	 52.53000
153.60000	 44.16756	 53.56000
154.20000	 45.61103	 54.74000
154.80000	 45.43426	 54.75000
155.40000	 44.13800	 53.60000
156.00000	 41.33210	 50.27000
156.60000	 43.60179	 51.64000
157.20000	 44.90831	 52.55000
157.80000	 46.39317	 54.28000
158.40000	 46.87772	 55.64000
159.00000	 42.66947	 51.88000
159.60000	 41.16959	 49.61000
160.20000	 42.40809	 49.60000
160.80000	 45.55993	 52.14000
161.40000	 46.70309	 53.71000
162.00000	 46.98136	 55.10000
162.60000	 44.44216	 53.49000
163.20000	 43.16316	 52.33000
163.80000	 43.30249	 52.08000
164.40000	 45.35271	 54.03000
165.00000	 47.45622	 57.04000
165.60000	 44.00846	 54.41000
166.20000	 42.69650	 52.87000
166.80000	 41.54368	 50.54000
167.40000	 44.31442	 52.25000
168.00000	 46.40204	 54.44000
168.60000	 46.51860	 55.55000
169.20000	 46.35627	 56.76000
169.80000	 42.40394	 53.12000
170.40000	 42.03170	 51.72000
171.00000	 44.00806	 52.70000
171.60000	 46.41616	 55.28000
172.20000	 46.11683	 55.99000
172.80000	 45.27324	 56.16000
173.40000	 44.36426	 55.81000
174.00000	 45.92059	 58.16000
174.60000	 41.93719	 53.81000
175.20000	 41.26352	 51.14000
175.80000	 44.56037	 53.00000
176.40000	 46.94529	 55.84000
177.00000	 46.87111	 57.46000
177.60000	 45.48549	 57.70000
178.20000	 46.32520	 60.30000
178.80000	 41.98836	 55.89000
179.40000	 41.60274	 53.50000
180.00000	 44.12077	 54.39000
180.60000	 45.90509	 56.11000
181.20000	 46.48509	 57.96000
181.80000	 45.83507	 58.95000
182.40000	 45.47811	 60.09000
183.00000	 42.60141	 56.89000
183.60000	 42.42311	 54.86000
184.20000	 43.95674	 54.80000
184.80000	 45.47089	 56.10000
185.40000	 45.40736	 56.69000
186.00000	 44.81715	 56.73000
186.60000	 43.87216	 55.64000
187.20000	 43.36647	 54.09000
187.80000	 42.58168	 51.17000
188.40000	 43.55374	 50.12000
189.00000	 45.46393	 51.82000
189.60000	 45.74006	 53.32000
190.20000	 46.19577	 56.08000
190.80000	 44.73878	 56.22000
191.40000	 44.24885	 56.24000
192.00000	 44.51797	 56.69000
192.60000	 42.87784	 53.51000
193.20000	 45.81171	 56.76000
193.80000	 46.15760	 59.24000
194.40000	 45.78512	 61.40000
195.00000	 44.81435	 61.95000
195.60000	 44.24258	 61.56000
196.20000	 44.33767	 61.23000
196.80000	 43.01549	 57.57000
197.40000	 43.48767	 55.22000
198.00000	 44.80498	 55.45000
198.60000	 44.67078	 55.10000
199.20000	 44.38413	 54.54000
199.80000	 44.53861	 54.60000
200.40000	 43.80560	 52.74000
201.00000	 43.85974	 51.17000
201.60000	 43.58398	 48.64000
202.20000	 44.72376	 49.28000
202.80000	 45.47184	 51.96000
203.40000	 45.70295	 55.74000
204.00000	 45.08780	 58.08000
204.60000	 44.66589	 59.23000
205.20000	 43.07986	 54.91000
205.80000	 44.94669	 56.26000
206.40000	 44.95119	 57.17000
207.00000	 44.95583	 58.66000
207.60000	 44.57650	 58.95000
208.20000	 44.40743	 58.49000
208.80000	 44.51056	 58.16000
209.40000	 43.67937	 54.17000
210.00000	 44.20197	 52.01000
210.60000	 44.87830	 52.94000
211.20000	 44.51339	 52.92000
211.80000	 44.83053	 54.85000
212.40000	 44.61103	 55.89000
