  0.00000	 45.37218	 51.79000
  0.60000	 47.31695	 53.92000
  1.20000	 41.00598	 52.33000
  1.80000	 42.53000	 51.44000
  2.40000	 44.13687	 51.54000
  3.00000	 45.48257	 52.90000
  3.60000	 44.43961	 53.81000
  4.20000	 44.46097	 54.68000
  4.80000	 46.95509	 57.21000
  5.40000	 37.25320	 52.72000
  6.00000	 41.14531	 50.02000
  6.60000	 45.99034	 50.80000
  7.20000	 47.86727	 53.92000
  7.80000	 45.34366	 55.92000
  8.40000	 44.12625	 56.82000
  9.00000	 45.82551	 58.42000
  9.60000	 40.16980	 55.68000
 10.20000	 42.26911	 53.77000
 10.80000	 44.31457	 53.28000
 11.40000	 45.88975	 54.44000
 12.00000	 44.35721	 54.98000
 12.60000	 43.16251	 54.64000
 13.20000	 42.99161	 53.91000
 13.80000	 43.21733	 53.20000
 14.40000	 38.87767	 49.34000
 15.00000	 45.66279	 50.12000
 15.60000	 47.43646	 52.92000
 16.20000	 45.18469	 54.81000
 16.80000	 44.02369	 55.70000
 17.40000	 43.33406	 55.59000
 18.00000	 43.64280	 55.30000
 18.60000	 39.60234	 51.90000
 19.20000	 45.37066	 52.32000
 19.80000	 44.76107	 52.85000
 20.40000	 44.87971	 53.89000
 21.00000	 44.62585	 54.82000
 21.60000	 42.29478	 53.94000
 22.20000	 43.83765	 53.81000
 22.80000	 36.20000	 48.05000
 23.40000	 47.70019	 50.05000
 24.00000	 46.18516	 52.02000
 24.60000	 45.84188	 54.42000
 25.20000	 44.54276	 55.79000
 25.80000	 44.04792	 56.37000
 26.40000	 44.18409	 56.63000
 27.00000	 41.67285	 54.82000
 27.60000	 43.81972	 54.23000
 28.20000	 44.34603	 54.16000
 28.80000	 44.93988	 54.81000
 29.40000	 45.98840	 56.43000
 30.00000	 43.12040	 56.09000
 30.60000	 43.64645	 55.79000
 31.20000	 40.58033	 53.04000
 31.80000	 42.08217	 51.07000
 32.40000	 43.54496	 50.32000
 33.00000	 45.60231	 51.57000
 33.60000	 47.45974	 54.73000
 34.20000	 43.28628	 55.20000
 34.80000	 43.78903	 55.53000
 35.40000	 42.09721	 54.20000
 36.00000	 43.77135	 53.77000
 36.60000	 44.21789	 53.76000
 37.20000	 45.97826	 55.26000
 37.80000	 44.35209	 55.85000
 38.40000	 43.21797	 55.49000
 39.00000	 43.45009	 54.99000
 39.60000	 38.09117	 50.44000
 40.20000	 44.90322	 50.37000
 40.80000	 44.63196	 50.77000
 41.40000	 45.38487	 52.33000
 42.00000	 45.58900	 54.28000
 42.60000	 42.71579	 54.11000
 43.20000	 43.29496	 53.88000
 43.80000	 40.39628	 51.26000
 44.40000	 43.79171	 50.80000
 45.00000	 47.03302	 53.05000
 45.60000	 44.92444	 54.44000
 46.20000	 45.46047	 56.21000
 46.80000	 40.75161	 54.31000
 47.40000	 42.85956	 53.25000
 48.00000	 43.04030	 52.21000
 48.60000	 46.49218	 53.91000
 49.20000	 44.92233	 55.00000
 49.80000	 43.72765	 55.27000
 50.40000	 45.11940	 56.26000
 51.00000	 38.88559	 52.61000
 51.60000	 42.58934	 51.00000
 52.20000	 45.15825	 51.43000
 52.80000	 46.58596	 53.60000
 53.40000	 43.36220	 53.90000
 54.00000	 43.10364	 53.72000
 54.60000	 42.85107	 53.01000
 55.20000	 41.51162	 51.17000
 55.80000	 45.57098	 52.18000
 56.40000	 48.33778	 55.70000
 57.00000	 45.57347	 57.77000
 57.60000	 44.20775	 58.56000
 58.20000	 40.13355	 55.75000
 58.80000	 42.87562	 54.16000
 59.40000	 43.84221	 53.33000
 60.00000	 46.58649	 54.95000
 60.60000	 44.79295	 55.83000
 61.20000	 43.76439	 55.97000
 61.80000	 44.70570	 56.51000
 62.40000	 39.49217	 53.14000
 63.00000	 43.13106	 51.88000
 63.60000	 46.48350	 53.30000
 64.20000	 44.18809	 53.79000
 64.80000	 44.11461	 54.31000
 65.40000	 43.30712	 54.08000
 66.00000	 40.07436	 51.28000
 66.60000	 43.44049	 50.53000
 67.20000	 46.44392	 52.28000
 67.80000	 44.63319	 53.38000
 68.40000	 44.30385	 54.29000
 69.00000	 43.13301	 54.11000
 69.60000	 41.73674	 52.59000
 70.20000	 43.11726	 51.78000
 70.80000	 42.34351	 50.51000
 71.40000	 46.14082	 52.15000
 72.00000	 44.95982	 53.44000
 72.60000	 44.62891	 54.60000
 73.20000	 43.96486	 55.08000
 73.80000	 43.60487	 55.02000
 74.40000	 41.58019	 53.25000
 75.00000	 44.38719	 53.24000
 75.60000	 44.85848	 53.82000
 76.20000	 45.39531	 55.09000
 76.80000	 45.17934	 56.33000
 77.40000	 43.96169	 56.60000
 78.00000	 44.50846	 56.98000
 78.60000	 40.59482	 54.34000
 79.20000	 45.29249	 54.69000
 79.80000	 45.03148	 55.21000
 80.40000	 46.52458	 57.16000
 81.00000	 45.59262	 58.63000
 81.60000	 44.52672	 59.18000
 82.20000	 44.97963	 59.70000
 82.80000	 40.27001	 56.56000
 83.40000	 42.18973	 54.25000
 84.00000	 43.53448	 52.97000
 84.60000	 46.60090	 54.44000
 85.20000	 45.22479	 55.60000
 85.80000	 41.57962	 54.22000
 86.40000	 42.76178	 53.19000
 87.00000	 41.52405	 51.12000
 87.60000	 46.38718	 52.62000
 88.20000	 44.90638	 53.67000
 88.80000	 45.35488	 55.25000
 89.40000	 41.66839	 54.05000
 90.00000	 43.87309	 53.93000
 90.60000	 45.06653	 54.63000
 91.20000	 46.58192	 56.68000
 91.80000	 45.26742	 58.00000
 92.40000	 44.52392	 58.60000
 93.00000	 42.80647	 57.59000
 93.60000	 43.54870	 56.72000
 94.20000	 44.39919	 56.41000
 94.80000	 45.70055	 57.25000
 95.40000	 44.53903	 57.52000
 96.00000	 43.74686	 57.18000
 96.60000	 42.51289	 55.75000
 97.20000	 42.48780	 54.10000
 97.80000	 45.65857	 54.78000
 98.40000	 44.67588	 55.23000
 99.00000	 43.27618	 54.84000
 99.60000	 42.45319	 53.67000
100.20000	 43.53755	 53.11000
100.80000	 45.48984	 54.10000
101.40000	 45.36799	 55.36000
102.00000	 44.77393	 56.31000
102.60000	 42.36488	 55.34000
103.20000	 46.42556	 56.92000
103.80000	 45.71790	 58.20000
104.40000	 46.21646	 59.92000
105.00000	 44.37035	 60.19000
105.60000	 41.34779	 57.87000
106.20000	 43.19133	 56.33000
106.80000	 47.25370	 57.82000
107.40000	 43.80395	 57.47000
108.00000	 44.03958	 57.27000
108.60000	 44.16640	 57.02000
109.20000	 47.26557	 59.04000
109.80000	 38.21318	 54.76000
110.40000	 45.12804	 54.73000
111.00000	 45.54730	 55.34000
111.60000	 46.64158	 57.31000
112.20000	 44.48427	 57.97000
112.80000	 40.35831	 55.34000
113.40000	 42.78735	 53.79000
114.00000	 44.17713	 53.29000
114.60000	 45.67690	 54.34000
115.20000	 44.78438	 55.18000
115.80000	 43.52118	 55.14000
116.40000	 43.16440	 54.59000
117.00000	 41.57530	 52.68000
117.60000	 43.74759	 52.17000
118.20000	 46.09442	 53.64000
118.80000	 45.25438	 55.00000
119.40000	 46.09975	 57.06000
120.00000	 46.55388	 59.38000
120.60000	 39.47811	 56.36000
121.20000	 42.11314	 54.29000
121.80000	 44.95703	 54.13000
122.40000	 46.74628	 55.87000
123.00000	 44.61927	 56.62000
123.60000	 43.29380	 56.31000
124.20000	 41.74573	 54.50000
124.80000	 43.09673	 53.35000
125.40000	 39.50579	 49.68000
126.00000	 47.83826	 52.00000
126.60000	 46.04667	 53.98000
127.20000	 45.37485	 55.87000
127.80000	 46.58378	 58.42000
128.40000	 40.03587	 55.97000
129.00000	 43.15428	 54.88000
129.60000	 46.92453	 56.42000
130.20000	 47.63151	 59.10000
130.80000	 42.97150	 58.71000
131.40000	 44.14583	 58.60000
132.00000	 37.72313	 53.46000
132.60000	 45.73013	 53.51000
133.20000	 44.42175	 53.33000
133.80000	 45.10357	 54.23000
134.40000	 42.64590	 53.55000
135.00000	 43.09857	 52.98000
135.60000	 40.25610	 50.22000
136.20000	 44.04480	 50.00000
136.80000	 44.61530	 50.62000
137.40000	 45.99466	 52.70000
138.00000	 45.20398	 54.47000
138.60000	 43.62243	 54.96000
139.20000	 43.85544	 55.19000
139.80000	 39.99055	 52.31000
140.40000	 46.44947	 53.67000
141.00000	 46.28305	 55.46000
141.60000	 44.59692	 56.42000
142.20000	 44.14366	 56.83000
142.80000	 41.74510	 55.16000
143.40000	 43.66177	 54.47000
144.00000	 36.74666	 48.78000
144.60000	 46.95498	 50.09000
145.20000	 45.56125	 51.43000
145.80000	 45.69464	 53.55000
146.40000	 45.43039	 55.52000
147.00000	 44.24840	 56.40000
147.60000	 43.64762	 56.42000
148.20000	 38.03623	 51.95000
148.80000	 48.56545	 54.47000
149.40000	 46.10785	 56.13000
150.00000	 45.62051	 57.86000
150.60000	 42.86123	 57.36000
151.20000	 43.32469	 56.64000
151.80000	 41.55453	 54.36000
152.40000	 43.07137	 53.02000
153.00000	 43.92086	 52.53000
153.60000	 45.45689	 53.56000
154.20000	 45.12072	 54.74000
154.80000	 43.40397	 54.75000
155.40000	 42.20822	 53.60000
156.00000	 39.67678	 50.27000
156.60000	 46.51802	 51.64000
157.20000	 44.83186	 52.55000
157.80000	 45.46371	 54.28000
158.40000	 44.95407	 55.64000
159.00000	 38.24277	 51.88000
159.60000	 41.52561	 49.61000
160.20000	 44.59277	 49.60000
160.80000	 47.06662	 52.14000
161.40000	 44.80332	 53.71000
162.00000	 44.69596	 55.10000
162.60000	 41.06923	 53.49000
163.20000	 42.55398	 52.33000
163.80000	 43.95735	 52.08000
164.40000	 46.54236	 54.03000
165.00000	 47.33660	 57.04000
165.60000	 39.38377	 54.41000
166.20000	 42.23157	 52.87000
166.80000	 41.49848	 50.54000
167.40000	 46.79180	 52.25000
168.00000	 46.36679	 54.44000
168.60000	 44.39615	 55.55000
169.20000	 44.96414	 56.76000
169.80000	 38.74350	 53.12000
170.40000	 42.92081	 51.72000
171.00000	 45.96086	 52.70000
171.60000	 47.12880	 55.28000
172.20000	 43.95701	 55.99000
172.80000	 43.70608	 56.16000
173.40000	 43.55221	 55.81000
174.00000	 47.49590	 58.16000
174.60000	 37.88343	 53.81000
175.20000	 41.35074	 51.14000
175.80000	 47.59778	 53.00000
176.40000	 47.45507	 55.84000
177.00000	 45.05771	 57.46000
177.60000	 43.65267	 57.70000
178.20000	 47.64627	 60.30000
178.80000	 37.97012	 55.89000
179.40000	 42.07088	 53.50000
180.00000	 46.58594	 54.39000
180.60000	 46.45821	 56.11000
181.20000	 45.97410	 57.96000
181.80000	 44.88132	 58.95000
182.40000	 45.56274	 60.09000
183.00000	 39.95319	 56.89000
183.60000	 42.53960	 54.86000
184.20000	 45.20740	 54.80000
184.80000	 46.20117	 56.10000
185.40000	 44.57133	 56.69000
186.00000	 43.91320	 56.73000
186.60000	 42.70627	 55.64000
187.20000	 42.42327	 54.09000
187.80000	 40.66033	 51.17000
188.40000	 43.29232	 50.12000
189.00000	 46.43027	 51.82000
189.60000	 45.15343	 53.32000
190.20000	 46.67944	 56.08000
190.80000	 43.13986	 56.22000
191.40000	 43.74699	 56.24000
192.00000	 44.82056	 56.69000
192.60000	 39.86065	 53.51000
193.20000	 49.28000	 56.76000
193.80000	 47.10375	 59.24000
194.40000	 46.29200	 61.40000
195.00000	 44.59094	 61.95000
195.60000	 44.09044	 61.56000
196.20000	 44.73267	 61.23000
196.80000	 40.29489	 57.57000
197.40000	 42.63225	 55.22000
198.00000	 45.85090	 55.45000
198.60000	 43.99836	 55.10000
199.20000	 43.36731	 54.54000
199.80000	 44.26708	 54.60000
200.40000	 41.51713	 52.74000
201.00000	 42.18243	 51.17000
201.60000	 40.83072	 48.64000
202.20000	 45.04755	 49.28000
202.80000	 46.95515	 51.96000
203.40000	 47.63949	 55.74000
204.00000	 45.51827	 58.08000
204.60000	 44.61157	 59.23000
205.20000	 38.03728	 54.91000
205.80000	 47.21900	 56.26000
206.40000	 45.77840	 57.17000
207.00000	 45.94580	 58.66000
207.60000	 44.30088	 58.95000
208.20000	 43.69950	 58.49000
208.80000	 44.27955	 58.16000
209.40000	 39.34155	 54.17000
210.00000	 42.44273	 52.01000
210.60000	 46.26278	 52.94000
211.20000	 43.75726	 52.92000
211.80000	 46.15694	 54.85000
212.40000	 44.70987	 55.89000
