  0.00000	 98.19108	 93.48000
  0.60000	 98.19889	 93.22000
  1.20000	 98.28091	 95.73000
  1.80000	 98.21431	 93.12000
  2.40000	 98.17485	 91.26000
  3.00000	 98.20606	 91.81000
  3.60000	 98.15907	 89.56000
  4.20000	 98.23420	 91.63000
  4.80000	 98.28633	 93.20000
  5.40000	 98.32696	 94.68000
  6.00000	 98.32552	 94.90000
  6.60000	 98.32518	 95.25000
  7.20000	 98.28304	 94.09000
  7.80000	 98.25395	 93.22000
  8.40000	 98.27145	 93.90000
  9.00000	 98.26911	 93.88000
  9.60000	 98.19797	 91.27000
 10.20000	 98.16874	 89.84000
 10.80000	 98.22273	 91.28000
 11.40000	 98.17800	 89.25000
 12.00000	 98.08751	 85.30000
 12.60000	 98.18486	 87.85000
 13.20000	 98.21341	 88.24000
 13.80000	 98.22310	 88.13000
 14.40000	 98.21138	 87.34000
 15.00000	 98.17843	 85.75000
 15.60000	 98.30612	 90.00000
 16.20000	 98.35545	 91.98000
 16.80000	 98.22119	 87.50000
 17.40000	 98.39641	 93.98000
 18.00000	 98.33906	 92.63000
 18.60000	 98.22891	 89.15000
 19.20000	 98.17955	 87.37000
 19.80000	 98.18634	 87.31000
 20.40000	 98.15402	 85.71000
 21.00000	 98.09156	 82.76000
 21.60000	 97.99447	 78.13000
 22.20000	 97.90924	 73.34000
 22.80000	 97.95218	 72.74000
 23.40000	 97.93764	 70.07000
 24.00000	 97.99292	 69.91000
 24.60000	 98.13405	 73.24000
 25.20000	 98.18586	 74.06000
 25.80000	 98.23215	 75.16000
 26.40000	 98.24385	 75.40000
 27.00000	 98.33430	 78.80000
 27.60000	 98.34779	 79.91000
 28.20000	 98.34936	 80.80000
 28.80000	 98.33771	 81.30000
 29.40000	 98.31654	 81.43000
 30.00000	 98.28243	 80.97000
 30.60000	 98.23407	 79.77000
 31.20000	 98.24430	 80.44000
 31.80000	 98.21292	 79.52000
 32.40000	 98.13619	 76.70000
 33.00000	 98.05285	 73.17000
 33.60000	 98.09398	 73.73000
 34.20000	 98.14641	 74.78000
 34.80000	 98.21479	 76.67000
 35.40000	 98.23233	 77.07000
 36.00000	 98.29499	 79.35000
 36.60000	 98.33138	 81.06000
 37.20000	 98.32025	 81.30000
 37.80000	 98.37082	 83.88000
 38.40000	 98.37495	 85.03000
 39.00000	 98.36521	 85.75000
 39.60000	 98.34235	 85.96000
 40.20000	 98.36438	 87.72000
 40.80000	 98.27842	 85.53000
 41.40000	 98.23241	 84.37000
 42.00000	 98.26730	 85.88000
 42.60000	 98.27969	 86.62000
 43.20000	 98.27292	 86.68000
 43.80000	 98.27240	 86.93000
 44.40000	 98.26323	 86.84000
 45.00000	 98.25888	 86.87000
 45.60000	 98.30580	 88.77000
 46.20000	 98.32460	 89.85000
 46.80000	 98.30248	 89.54000
 47.40000	 98.29591	 89.73000
 48.00000	 98.26874	 89.11000
 48.60000	 98.24959	 88.63000
 49.20000	 98.25168	 88.80000
 49.80000	 98.27535	 89.74000
 50.40000	 98.21566	 87.67000
 51.00000	 98.18930	 86.54000
 51.60000	 98.17921	 85.82000
 52.20000	 98.22655	 87.13000
 52.80000	 98.27635	 88.74000
 53.40000	 98.33144	 90.84000
 54.00000	 98.36076	 92.34000
 54.60000	 98.36643	 93.21000
 55.20000	 98.33586	 92.84000
 55.80000	 98.31563	 92.74000
 56.40000	 98.29623	 92.55000
 57.00000	 98.35911	 95.29000
 57.60000	 98.29560	 93.60000
 58.20000	 98.25351	 92.41000
 58.80000	 98.25364	 92.52000
 59.40000	 98.19473	 90.35000
 60.00000	 98.24105	 91.75000
 60.60000	 98.28159	 93.09000
 61.20000	 98.33943	 95.29000
 61.80000	 98.30748	 94.49000
 62.40000	 98.28845	 94.09000
 63.00000	 98.27959	 93.98000
 63.60000	 98.27752	 94.06000
 64.20000	 98.31627	 95.63000
 64.80000	 98.30227	 95.42000
 65.40000	 98.26342	 94.24000
 66.00000	 98.22336	 92.81000
 66.60000	 98.29174	 95.17000
 67.20000	 98.08791	 87.67000
 67.80000	 98.11052	 87.58000
 68.40000	 98.14934	 88.02000
 69.00000	 98.25633	 91.13000
 69.60000	 98.28476	 91.88000
 70.20000	 98.29027	 92.05000
 70.80000	 98.32948	 93.61000
 71.40000	 98.39333	 96.36000
 72.00000	 98.51667	101.74000
 72.60000	 98.42059	 99.69000
 73.20000	 98.37502	 99.20000
 73.80000	 98.34270	 98.95000
 74.40000	 98.35298	100.05000
 75.00000	 98.33535	100.08000
 75.60000	 98.30825	 99.62000
 76.20000	 98.28418	 99.08000
 76.80000	 98.24696	 97.86000
 77.40000	 98.24514	 97.70000
 78.00000	 98.23868	 97.28000
 78.60000	 98.28044	 98.58000
 79.20000	 98.29033	 98.88000
 79.80000	 98.20150	 95.58000
 80.40000	 98.22928	 96.19000
 81.00000	 98.17504	 93.81000
 81.60000	 98.15176	 92.29000
 82.20000	 98.14270	 91.12000
 82.80000	 98.25558	 94.40000
 83.40000	 98.20963	 92.32000
 84.00000	 98.17976	 90.71000
 84.60000	 98.19728	 90.73000
 85.20000	 98.16848	 89.10000
 85.80000	 98.17385	 88.61000
 86.40000	 98.21237	 89.37000
 87.00000	 98.27698	 91.31000
 87.60000	 98.23354	 89.61000
 88.20000	 98.20638	 88.39000
 88.80000	 98.20548	 88.02000
 89.40000	 98.15319	 85.71000
 90.00000	 98.22216	 87.64000
 90.60000	 98.26440	 88.88000
 91.20000	 98.28441	 89.56000
 91.80000	 98.26366	 88.90000
 92.40000	 98.26879	 89.16000
 93.00000	 98.28920	 90.03000
 93.60000	 98.27423	 89.70000
 94.20000	 98.36066	 93.10000
 94.80000	 98.41705	 95.83000
 95.40000	 98.44093	 97.73000
 96.00000	 98.44427	 99.09000
 96.60000	 98.39187	 98.46000
 97.20000	 98.34711	 97.87000
 97.80000	 98.34060	 98.42000
 98.40000	 98.28829	 97.14000
 99.00000	 98.24778	 95.96000
 99.60000	 98.18477	 93.63000
100.20000	 98.25000	 95.65000
100.80000	 98.23777	 95.00000
101.40000	 98.25724	 95.47000
102.00000	 98.33857	 98.34000
102.60000	 98.44096	102.44000
103.20000	 98.45477	103.87000
103.80000	 98.44952	104.82000
104.40000	 98.36339	102.82000
105.00000	 98.37933	104.21000
105.60000	 98.36360	104.42000
106.20000	 98.31520	103.29000
106.80000	 98.29848	103.04000
107.40000	 98.20539	 99.77000
108.00000	 98.14791	 97.27000
108.60000	 98.18455	 97.84000
109.20000	 98.16494	 96.37000
109.80000	 98.14539	 94.77000
110.40000	 98.14572	 93.78000
111.00000	 98.14754	 92.82000
111.60000	 98.14788	 91.81000
112.20000	 98.24736	 94.51000
112.80000	 98.28652	 95.50000
113.40000	 98.25837	 94.31000
114.00000	 98.25493	 94.01000
114.60000	 98.24396	 93.45000
115.20000	 98.33510	 96.66000
115.80000	 98.35786	 97.80000
116.40000	 98.28309	 95.52000
117.00000	 98.24335	 94.23000
117.60000	 98.22825	 93.61000
118.20000	 98.21972	 93.09000
118.80000	 98.22615	 93.03000
119.40000	 98.22648	 92.74000
120.00000	 98.20882	 91.77000
120.60000	 98.21356	 91.54000
121.20000	 98.23898	 92.09000
121.80000	 98.27423	 93.14000
122.40000	 98.31817	 94.73000
123.00000	 98.29970	 94.28000
123.60000	 98.28253	 93.86000
124.20000	 98.26340	 93.30000
124.80000	 98.25977	 93.21000
125.40000	 98.27584	 93.81000
126.00000	 98.21346	 91.55000
126.60000	 98.16828	 89.61000
127.20000	 98.10136	 86.56000
127.80000	 98.06717	 84.30000
128.40000	 98.12677	 85.25000
129.00000	 98.14599	 84.92000
129.60000	 98.12129	 83.08000
130.20000	 98.11222	 81.74000
130.80000	 97.99392	 76.29000
131.40000	 98.01675	 75.49000
132.00000	 98.09314	 76.70000
132.60000	 98.15929	 77.91000
133.20000	 98.21194	 79.05000
133.80000	 98.26492	 80.61000
134.40000	 98.24344	 79.81000
135.00000	 98.32586	 82.91000
135.60000	 98.27773	 81.63000
136.20000	 98.22733	 80.13000
136.80000	 98.17917	 78.46000
137.40000	 98.13645	 76.69000
138.00000	 98.08232	 74.19000
138.60000	 98.02636	 71.25000
139.20000	 97.94558	 66.99000
139.80000	 97.94954	 65.36000
140.40000	 97.93445	 62.91000
141.00000	 97.96976	 62.21000
141.60000	 98.04660	 63.22000
142.20000	 98.17361	 66.55000
142.80000	 98.20591	 67.14000
143.40000	 98.28813	 69.98000
144.00000	 98.34418	 72.44000
144.60000	 98.35316	 73.62000
145.20000	 98.38884	 76.00000
145.80000	 98.39753	 77.65000
146.40000	 98.40054	 79.21000
147.00000	 98.40614	 80.92000
147.60000	 98.38069	 81.51000
148.20000	 98.37130	 82.56000
148.80000	 98.52511	 89.60000
149.40000	 98.48972	 90.34000
150.00000	 98.47014	 91.60000
150.60000	 78.40000	 93.42000
151.20000	102.50000	 95.82000
