  0.00000	 96.34980	 97.10000
  0.60000	 96.70382	100.63000
  1.20000	 96.89268	102.55000
  1.80000	 96.90205	102.68000
  2.40000	 96.75400	101.21000
  3.00000	 97.14627	105.20000
  3.60000	 96.93914	103.17000
  4.20000	 96.85429	102.34000
  4.80000	 97.00053	103.84000
  5.40000	 96.76338	101.47000
  6.00000	 96.51784	 98.97000
  6.60000	 96.54628	 99.21000
  7.20000	 96.54826	 99.19000
  7.80000	 96.48986	 98.56000
  8.40000	 96.55328	 99.16000
  9.00000	 96.49024	 98.49000
  9.60000	 96.39165	 97.45000
 10.20000	 96.33092	 96.78000
 10.80000	 96.15665	 94.95000
 11.40000	 96.36003	 96.93000
 12.00000	 96.45487	 97.85000
 12.60000	 96.73674	100.69000
 13.20000	 96.87669	102.14000
 13.80000	 96.79192	101.33000
 14.40000	 96.69720	100.40000
 15.00000	 96.91151	102.59000
 15.60000	 96.94894	103.02000
 16.20000	 96.94572	103.04000
 16.80000	 96.84943	102.11000
 17.40000	 96.63705	 99.98000
 18.00000	 96.75640	101.18000
 18.60000	 96.81648	101.80000
 19.20000	 96.83424	102.00000
 19.80000	 96.72977	100.96000
 20.40000	 96.70701	100.73000
 21.00000	 96.69254	100.58000
 21.60000	 96.54737	 99.10000
 22.20000	 96.76991	101.33000
 22.80000	 97.26694	106.39000
 23.40000	 97.16572	105.46000
 24.00000	 97.07979	104.66000
 24.60000	 97.11108	105.03000
 25.20000	 96.99850	103.94000
 25.80000	 96.91388	103.11000
 26.40000	 96.91759	103.16000
 27.00000	 96.77761	101.75000
 27.60000	 96.50332	 98.95000
 28.20000	 96.31935	 97.02000
 28.80000	 96.00819	 93.77000
 29.40000	 96.19202	 95.50000
 30.00000	 96.26826	 96.18000
 30.60000	 96.36313	 97.07000
 31.20000	 96.57982	 99.22000
 31.80000	 96.57578	 99.17000
 32.40000	 96.80110	101.45000
 33.00000	 96.91020	102.59000
 33.60000	 96.88868	102.42000
 34.20000	 96.75666	101.12000
 34.80000	 96.65383	100.09000
 35.40000	 96.69958	100.55000
 36.00000	 96.26017	 96.09000
 36.60000	 96.39940	 97.43000
 37.20000	 96.51498	 98.56000
 37.80000	 96.56620	 99.06000
 38.40000	 96.81423	101.57000
 39.00000	 96.71924	100.64000
 39.60000	 96.68521	100.31000
 40.20000	 96.87438	102.24000
 40.80000	 97.04457	104.01000
 41.40000	 96.75336	101.12000
 42.00000	 96.51695	 98.73000
 42.60000	 96.70609	100.62000
 43.20000	 96.46742	 98.20000
 43.80000	 96.36288	 97.10000
 44.40000	 96.63789	 99.84000
 45.00000	 96.70788	100.55000
 45.60000	 96.66539	100.13000
 46.20000	 96.67590	100.24000
 46.80000	 96.43326	 97.78000
 47.40000	 96.48923	 98.31000
 48.00000	 97.59824	109.55000
 48.60000	 97.27019	106.39000
 49.20000	 97.02885	104.04000
 49.80000	 97.01693	103.97000
 50.40000	 96.78315	101.64000
 51.00000	 96.67879	100.58000
 51.60000	 96.56149	 99.37000
 52.20000	 96.59376	 99.66000
 52.80000	 96.31412	 96.79000
 53.40000	 96.12575	 94.80000
 54.00000	 96.02180	 93.64000
 54.60000	 95.84702	 91.75000
 55.20000	 96.13906	 94.58000
 55.80000	 96.36396	 96.79000
 56.40000	 96.52629	 98.41000
 57.00000	 96.64619	 99.63000
 57.60000	 96.54449	 98.62000
 58.20000	 96.71051	100.31000
 58.80000	 96.76933	100.94000
 59.40000	 96.75846	100.87000
 60.00000	 96.49705	 98.25000
 60.60000	 96.43932	 97.65000
 61.20000	 96.38446	 97.07000
 61.80000	 96.30972	 96.28000
 62.40000	 96.45065	 97.67000
 63.00000	 96.18816	 94.99000
 63.60000	 96.01874	 93.21000
 64.20000	 95.98669	 92.80000
 64.80000	 95.76063	 90.42000
 65.40000	 96.10491	 93.80000
 66.00000	 96.32714	 96.01000
 66.60000	 96.47228	 97.48000
 67.20000	 96.53118	 98.10000
 67.80000	 96.45040	 97.31000
 68.40000	 96.51204	 97.95000
 69.00000	 96.50379	 97.89000
 69.60000	 96.44567	 97.32000
 70.20000	 96.24203	 95.26000
 70.80000	 96.23102	 95.12000
 71.40000	 96.20325	 94.81000
 72.00000	 96.19939	 94.74000
 72.60000	 96.03982	 93.09000
 73.20000	 96.02555	 92.89000
 73.80000	 96.07117	 93.30000
 74.40000	 96.02503	 92.79000
 75.00000	 96.46076	 97.17000
 75.60000	 96.59716	 98.59000
 76.20000	 96.67434	 99.43000
 76.80000	 96.72401	100.00000
 77.40000	 96.52622	 98.06000
 78.00000	 96.59326	 98.77000
 78.60000	 96.57569	 98.63000
 79.20000	 96.50654	 97.96000
 79.80000	 96.20061	 94.87000
 80.40000	 95.94641	 92.25000
 81.00000	 95.96609	 92.37000
 81.60000	 95.64620	 89.05000
 82.20000	 95.48688	 87.31000
 82.80000	 95.67102	 89.04000
 83.40000	 95.52998	 87.51000
 84.00000	 95.80018	 90.14000
 84.60000	 96.05201	 92.64000
 85.20000	 96.30884	 95.24000
 85.80000	 96.54046	 97.63000
 86.40000	 96.70334	 99.36000
 87.00000	 96.79012	100.34000
 87.60000	 96.50992	 97.60000
 88.20000	 96.50218	 97.57000
 88.80000	 96.52448	 97.84000
 89.40000	 95.99938	 92.55000
 90.00000	 96.17089	 94.24000
 90.60000	 96.27996	 95.33000
 91.20000	 96.19602	 94.48000
 91.80000	 96.17361	 94.24000
 92.40000	 96.17709	 94.26000
 93.00000	 96.12527	 93.72000
 93.60000	 96.13627	 93.81000
 94.20000	 96.39006	 96.37000
 94.80000	 96.55168	 98.04000
 95.40000	 96.36123	 96.16000
 96.00000	 96.41470	 96.72000
 96.60000	 96.45063	 97.11000
 97.20000	 96.41820	 96.81000
 97.80000	 96.58541	 98.53000
 98.40000	 96.48998	 97.61000
 99.00000	 96.40348	 96.76000
 99.60000	 96.43781	 97.12000
100.20000	 96.22849	 95.01000
100.80000	 96.15484	 94.24000
101.40000	 96.16107	 94.27000
102.00000	 96.53905	 98.08000
102.60000	 96.67299	 99.48000
103.20000	 96.72612	100.08000
103.80000	 96.46868	 97.53000
104.40000	 96.48103	 97.67000
105.00000	 96.47753	 97.65000
105.60000	 96.35509	 96.42000
106.20000	 96.44457	 97.32000
106.80000	 96.45072	 97.39000
107.40000	 96.42040	 97.09000
108.00000	 96.06482	 93.48000
108.60000	 95.99798	 92.74000
109.20000	 95.98304	 92.52000
109.80000	 95.67647	 89.34000
110.40000	 95.85808	 91.07000
111.00000	 96.30245	 95.51000
111.60000	 96.58003	 98.34000
112.20000	 96.64316	 99.04000
112.80000	 96.67116	 99.39000
113.40000	 96.76513	100.41000
114.00000	 96.82251	101.07000
114.60000	 96.84502	101.38000
115.20000	 97.01443	103.18000
115.80000	 96.70601	100.15000
116.40000	 96.48839	 97.98000
117.00000	 96.23944	 95.45000
117.60000	 96.24191	 95.43000
118.20000	 96.28831	 95.86000
118.80000	 96.43105	 97.28000
119.40000	 96.35450	 96.50000
120.00000	 96.36884	 96.63000
120.60000	 96.23220	 95.23000
121.20000	 96.15298	 94.39000
121.80000	 96.29144	 95.75000
122.40000	 96.39073	 96.74000
123.00000	 96.24695	 95.28000
123.60000	 96.19527	 94.73000
124.20000	 96.10590	 93.79000
124.80000	 96.31121	 95.83000
125.40000	 96.56182	 98.37000
126.00000	 96.67414	 99.55000
126.60000	 96.52786	 98.12000
127.20000	 96.50463	 97.91000
127.80000	 96.39736	 96.84000
128.40000	 96.29604	 95.81000
129.00000	 96.40222	 96.87000
129.60000	 96.26524	 95.48000
130.20000	 96.14050	 94.19000
130.80000	 95.96361	 92.35000
131.40000	 96.00311	 92.68000
132.00000	 96.00102	 92.60000
132.60000	 96.12355	 93.79000
133.20000	 96.34492	 96.01000
133.80000	 96.86935	101.35000
134.40000	 96.80689	100.82000
135.00000	 96.82898	101.13000
135.60000	 96.83263	101.25000
136.20000	 96.61436	 99.11000
136.80000	 96.70072	100.02000
137.40000	 96.69133	 99.97000
138.00000	 96.55742	 98.65000
138.60000	 96.42024	 97.27000
139.20000	 96.32395	 96.28000
139.80000	 96.27454	 95.75000
140.40000	 96.44923	 97.49000
141.00000	 96.34303	 96.41000
141.60000	 96.30855	 96.04000
142.20000	 96.28535	 95.78000
142.80000	 96.14523	 94.33000
143.40000	 96.44443	 97.32000
144.00000	 96.27538	 95.61000
144.60000	 96.16050	 94.42000
145.20000	 96.23253	 95.11000
145.80000	 95.86788	 91.38000
146.40000	 96.17288	 94.39000
147.00000	 96.38529	 96.52000
147.60000	 96.46875	 97.38000
148.20000	 96.48391	 97.56000
148.80000	 96.47931	 97.54000
149.40000	 96.35981	 96.35000
150.00000	 96.47293	 97.50000
150.60000	 72.73000	 98.04000
151.20000	102.12000	 97.98000
