  0.00000	 87.53023	 97.10000
  0.60000	 88.42946	100.63000
  1.20000	 87.74426	102.55000
  1.80000	 87.18631	102.68000
  2.40000	 86.75622	101.21000
  3.00000	 89.01987	105.20000
  3.60000	 86.55663	103.17000
  4.20000	 86.97371	102.34000
  4.80000	 88.20637	103.84000
  5.40000	 86.35970	101.47000
  6.00000	 86.09255	 98.97000
  6.60000	 87.57401	 99.21000
  7.20000	 87.50214	 99.19000
  7.80000	 86.97836	 98.56000
  8.40000	 87.59577	 99.16000
  9.00000	 86.90457	 98.49000
  9.60000	 86.53180	 97.45000
 10.20000	 86.74723	 96.78000
 10.80000	 86.00408	 94.95000
 11.40000	 88.47155	 96.93000
 12.00000	 88.17091	 97.85000
 12.60000	 89.31860	100.69000
 13.20000	 88.51074	102.14000
 13.80000	 86.56316	101.33000
 14.40000	 86.14829	100.40000
 15.00000	 88.82415	102.59000
 15.60000	 88.19097	103.02000
 16.20000	 87.49400	103.04000
 16.80000	 86.49154	102.11000
 17.40000	 85.22891	 99.98000
 18.00000	 87.94258	101.18000
 18.60000	 88.40758	101.80000
 19.20000	 87.95151	102.00000
 19.80000	 86.49204	100.96000
 20.40000	 86.75133	100.73000
 21.00000	 87.05829	100.58000
 21.60000	 85.88238	 99.10000
 22.20000	 89.12005	101.33000
 22.80000	 93.36104	106.39000
 23.40000	 88.64909	105.46000
 24.00000	 86.36774	104.66000
 24.60000	 86.92314	105.03000
 25.20000	 85.98348	103.94000
 25.80000	 85.98352	103.11000
 26.40000	 87.09068	103.16000
 27.00000	 86.03179	101.75000
 27.60000	 83.86094	 98.95000
 28.20000	 83.80225	 97.02000
 28.80000	 82.40900	 93.77000
 29.40000	 87.48797	 95.50000
 30.00000	 88.93857	 96.18000
 30.60000	 89.48923	 97.07000
 31.20000	 90.91185	 99.22000
 31.80000	 88.81512	 99.17000
 32.40000	 90.28440	101.45000
 33.00000	 89.82628	102.59000
 33.60000	 87.93495	102.42000
 34.20000	 85.51113	101.12000
 34.80000	 84.64809	100.09000
 35.40000	 86.32843	100.55000
 36.00000	 81.30597	 96.09000
 36.60000	 85.63016	 97.43000
 37.20000	 88.34493	 98.56000
 37.80000	 89.03664	 99.06000
 38.40000	 91.78324	101.57000
 39.00000	 88.80548	100.64000
 39.60000	 87.38598	100.31000
 40.20000	 89.53955	102.24000
 40.80000	 90.90853	104.01000
 41.40000	 85.52178	101.12000
 42.00000	 82.48191	 98.73000
 42.60000	 86.53777	100.62000
 43.20000	 83.77928	 98.20000
 43.80000	 83.59553	 97.10000
 44.40000	 88.86036	 99.84000
 45.00000	 89.79460	100.55000
 45.60000	 88.58505	100.13000
 46.20000	 88.24451	100.24000
 46.80000	 84.34650	 97.78000
 47.40000	 85.72988	 98.31000
 48.00000	102.12000	109.55000
 48.60000	 93.78633	106.39000
 49.20000	 87.97061	104.04000
 49.80000	 86.93780	103.97000
 50.40000	 83.26666	101.64000
 51.00000	 82.58211	100.58000
 51.60000	 82.16058	 99.37000
 52.20000	 84.20116	 99.66000
 52.80000	 81.26296	 96.79000
 53.40000	 80.20273	 94.80000
 54.00000	 80.64944	 93.64000
 54.60000	 79.96039	 91.75000
 55.20000	 86.32378	 94.58000
 55.80000	 90.38238	 96.79000
 56.40000	 92.40178	 98.41000
 57.00000	 93.06114	 99.63000
 57.60000	 90.00491	 98.62000
 58.20000	 91.42996	100.31000
 58.80000	 91.05267	100.94000
 59.40000	 89.70209	100.87000
 60.00000	 84.82281	 98.25000
 60.60000	 83.98804	 97.65000
 61.20000	 83.58004	 97.07000
 61.80000	 83.09195	 96.28000
 62.40000	 86.08191	 97.67000
 63.00000	 82.43483	 94.99000
 63.60000	 80.70413	 93.21000
 64.20000	 81.41748	 92.80000
 64.80000	 79.08463	 90.42000
 65.40000	 85.91405	 93.80000
 66.00000	 89.86642	 96.01000
 66.60000	 91.81456	 97.48000
 67.20000	 91.88425	 98.10000
 67.80000	 89.57901	 97.31000
 68.40000	 89.73247	 97.95000
 69.00000	 88.81731	 97.89000
 69.60000	 87.28559	 97.32000
 70.20000	 83.74853	 95.26000
 70.80000	 83.79381	 95.12000
 71.40000	 83.72377	 94.81000
 72.00000	 84.11274	 94.74000
 72.60000	 82.03582	 93.09000
 73.20000	 82.50360	 92.89000
 73.80000	 83.89320	 93.30000
 74.40000	 83.65149	 92.79000
 75.00000	 90.98038	 97.17000
 75.60000	 92.64564	 98.59000
 76.20000	 92.95502	 99.43000
 76.80000	 92.64485	100.00000
 77.40000	 88.38980	 98.06000
 78.00000	 88.82781	 98.77000
 78.60000	 88.00080	 98.63000
 79.20000	 86.52213	 97.96000
 79.80000	 81.52208	 94.87000
 80.40000	 77.98415	 92.25000
 81.00000	 79.34616	 92.37000
 81.60000	 75.29577	 89.05000
 82.20000	 74.25338	 87.31000
 82.80000	 78.84952	 89.04000
 83.40000	 77.77361	 87.51000
 84.00000	 83.22256	 90.14000
 84.60000	 87.71256	 92.64000
 85.20000	 91.62192	 95.24000
 85.80000	 94.52281	 97.63000
 86.40000	 95.85586	 99.36000
 87.00000	 95.71887	100.34000
 87.60000	 89.67910	 97.60000
 88.20000	 88.62387	 97.57000
 88.80000	 88.31672	 97.84000
 89.40000	 79.39206	 92.55000
 90.00000	 82.57384	 94.24000
 90.60000	 84.64609	 95.33000
 91.20000	 83.44766	 94.48000
 91.80000	 83.31034	 94.24000
 92.40000	 83.59045	 94.26000
 93.00000	 82.93868	 93.72000
 93.60000	 83.32898	 93.81000
 94.20000	 87.57492	 96.37000
 94.80000	 89.93770	 98.04000
 95.40000	 86.34673	 96.16000
 96.00000	 86.93624	 96.72000
 96.60000	 87.22677	 97.11000
 97.20000	 86.40385	 96.81000
 97.80000	 88.88208	 98.53000
 98.40000	 86.93788	 97.61000
 99.00000	 85.28240	 96.76000
 99.60000	 85.73985	 97.12000
100.20000	 82.25157	 95.01000
100.80000	 81.23481	 94.24000
101.40000	 81.61906	 94.27000
102.00000	 88.00608	 98.08000
102.60000	 89.94594	 99.48000
103.20000	 90.36294	100.08000
103.80000	 85.67498	 97.53000
104.40000	 85.70366	 97.67000
105.00000	 85.52669	 97.65000
105.60000	 83.44953	 96.42000
106.20000	 84.97057	 97.32000
106.80000	 85.04896	 97.39000
107.40000	 84.51608	 97.09000
108.00000	 78.70135	 93.48000
108.60000	 77.94940	 92.74000
109.20000	 78.10053	 92.52000
109.80000	 73.44850	 89.34000
110.40000	 77.00197	 91.07000
111.00000	 84.61812	 95.51000
111.60000	 89.01536	 98.34000
112.20000	 89.59771	 99.04000
112.80000	 89.55522	 99.39000
113.40000	 90.62058	100.41000
114.00000	 91.07164	101.07000
114.60000	 90.97016	101.38000
115.20000	 93.33453	103.18000
115.80000	 87.77537	100.15000
116.40000	 84.00677	 97.98000
117.00000	 79.93380	 95.45000
117.60000	 80.19835	 95.43000
118.20000	 81.16890	 95.86000
118.80000	 83.66343	 97.28000
119.40000	 82.41176	 96.50000
120.00000	 82.69169	 96.63000
120.60000	 80.45460	 95.23000
121.20000	 79.23834	 94.39000
121.80000	 81.65453	 95.75000
122.40000	 83.31940	 96.74000
123.00000	 80.88571	 95.28000
123.60000	 80.05127	 94.73000
124.20000	 78.61090	 93.79000
124.80000	 82.09391	 95.83000
125.40000	 86.21154	 98.37000
126.00000	 87.90674	 99.55000
126.60000	 85.26396	 98.12000
127.20000	 84.75717	 97.91000
127.80000	 82.87658	 96.84000
128.40000	 81.14928	 95.81000
129.00000	 82.92276	 96.87000
129.60000	 80.59485	 95.48000
130.20000	 78.52079	 94.19000
130.80000	 75.61360	 92.35000
131.40000	 76.36809	 92.68000
132.00000	 76.39273	 92.60000
132.60000	 78.48370	 93.79000
133.20000	 82.17605	 96.01000
133.80000	 90.87148	101.35000
134.40000	 89.59197	100.82000
135.00000	 89.77434	101.13000
135.60000	 89.66601	101.25000
136.20000	 85.85383	 99.11000
136.80000	 87.22718	100.02000
137.40000	 86.98085	 99.97000
138.00000	 84.65252	 98.65000
138.60000	 82.30355	 97.27000
139.20000	 80.67040	 96.28000
139.80000	 79.84026	 95.75000
140.40000	 82.78904	 97.49000
141.00000	 80.96660	 96.41000
141.60000	 80.36840	 96.04000
142.20000	 79.96106	 95.78000
142.80000	 77.57628	 94.33000
143.40000	 82.62811	 97.32000
144.00000	 79.72171	 95.61000
144.60000	 77.74790	 94.42000
145.20000	 78.94425	 95.11000
145.80000	 72.73000	 91.38000
146.40000	 77.88624	 94.39000
147.00000	 81.44430	 96.52000
147.60000	 82.80154	 97.38000
148.20000	 82.99762	 97.56000
148.80000	 82.86077	 97.54000
149.40000	 80.77338	 96.35000
150.00000	 82.64626	 97.50000
150.60000	 83.46460	 98.04000
151.20000	 83.26738	 97.98000
