  0.00000	 55.23691	 67.18000
  0.60000	 55.41005	 67.19000
  1.20000	 54.84126	 66.76000
  1.80000	 54.61701	 66.49000
  2.40000	 54.71987	 66.39000
  3.00000	 54.19092	 65.91000
  3.60000	 55.26045	 66.35000
  4.20000	 55.82765	 66.57000
  4.80000	 57.14944	 67.31000
  5.40000	 58.02039	 67.91000
  6.00000	 56.31143	 67.06000
  6.60000	 57.30431	 67.73000
  7.20000	 57.92888	 68.25000
  7.80000	 59.06295	 69.14000
  8.40000	 59.58355	 69.77000
  9.00000	 58.71484	 69.63000
  9.60000	 59.02885	 70.15000
 10.20000	 58.78184	 70.35000
 10.80000	 58.32581	 70.40000
 11.40000	 56.17820	 69.38000
 12.00000	 54.49274	 68.44000
 12.60000	 53.93621	 67.99000
 13.20000	 53.65146	 67.60000
 13.80000	 52.08288	 66.37000
 14.40000	 53.79014	 66.96000
 15.00000	 55.68391	 67.77000
 15.60000	 53.10229	 66.05000
 16.20000	 52.00551	 65.05000
 16.80000	 51.39021	 64.23000
 17.40000	 54.28001	 65.45000
 18.00000	 56.81220	 66.68000
 18.60000	 55.15806	 65.64000
 19.20000	 58.09003	 67.30000
 19.80000	 60.15826	 68.70000
 20.40000	 60.03528	 69.01000
 21.00000	 59.68793	 69.24000
 21.60000	 60.31473	 70.06000
 22.20000	 58.57355	 69.51000
 22.80000	 57.14402	 69.01000
 23.40000	 55.61646	 68.30000
 24.00000	 54.60959	 67.73000
 24.60000	 56.54806	 68.80000
 25.20000	 53.40867	 66.92000
 25.80000	 51.72626	 65.66000
 26.40000	 52.41506	 65.64000
 27.00000	 55.19843	 66.89000
 27.60000	 57.38173	 68.00000
 28.20000	 56.96707	 67.77000
 28.80000	 56.60438	 67.60000
 29.40000	 56.82416	 67.78000
 30.00000	 56.25176	 67.51000
 30.60000	 55.44737	 67.06000
 31.20000	 58.49046	 68.86000
 31.80000	 54.59398	 66.71000
 32.40000	 51.30848	 64.64000
 33.00000	 52.10115	 64.71000
 33.60000	 52.51644	 64.54000
 34.20000	 55.23628	 65.77000
 34.80000	 52.21558	 63.76000
 35.40000	 49.80492	 61.91000
 36.00000	 51.56043	 62.35000
 36.60000	 52.81820	 62.59000
 37.20000	 55.85462	 64.02000
 37.80000	 53.62628	 62.56000
 38.40000	 52.16886	 61.45000
 39.00000	 54.31796	 62.40000
 39.60000	 55.83184	 63.13000
 40.20000	 57.61409	 64.18000
 40.80000	 56.65531	 63.77000
 41.40000	 55.95497	 63.49000
 42.00000	 55.46342	 63.29000
 42.60000	 55.63003	 63.44000
 43.20000	 55.41330	 63.36000
 43.80000	 55.54972	 63.47000
 44.40000	 55.46328	 63.45000
 45.00000	 52.46175	 61.66000
 45.60000	 53.89394	 62.29000
 46.20000	 55.04600	 62.82000
 46.80000	 55.67684	 63.13000
 47.40000	 56.13700	 63.41000
 48.00000	 56.21379	 63.52000
 48.60000	 56.65980	 63.88000
 49.20000	 57.22152	 64.36000
 49.80000	 57.49985	 64.73000
 50.40000	 59.26959	 66.04000
 51.00000	 60.93725	 67.45000
 51.60000	 59.25177	 67.01000
 52.20000	 58.19620	 66.85000
 52.80000	 59.57471	 68.06000
 53.40000	 58.88672	 68.11000
 54.00000	 58.32422	 68.18000
 54.60000	 56.87258	 67.65000
 55.20000	 55.79498	 67.20000
 55.80000	 56.14556	 67.48000
 56.40000	 54.99591	 66.84000
 57.00000	 53.94109	 66.14000
 57.60000	 54.27818	 66.16000
 58.20000	 54.65844	 66.20000
 58.80000	 53.26666	 65.19000
 59.40000	 53.88908	 65.28000
 60.00000	 53.61376	 64.86000
 60.60000	 55.55945	 65.76000
 61.20000	 57.01751	 66.53000
 61.80000	 54.68540	 65.17000
 62.40000	 53.73129	 64.49000
 63.00000	 55.16940	 65.16000
 63.60000	 54.83696	 64.86000
 64.20000	 54.62830	 64.62000
 64.80000	 54.09611	 64.17000
 65.40000	 53.85483	 63.85000
 66.00000	 53.56112	 63.47000
 66.60000	 54.24682	 63.65000
 67.20000	 54.61499	 63.69000
 67.80000	 54.99686	 63.78000
 68.40000	 55.26851	 63.85000
 69.00000	 53.27348	 62.59000
 69.60000	 54.28313	 62.99000
 70.20000	 54.99297	 63.27000
 70.80000	 55.90874	 63.74000
 71.40000	 56.80066	 64.29000
 72.00000	 56.28275	 64.09000
 72.60000	 56.33518	 64.22000
 73.20000	 58.02466	 65.35000
 73.80000	 57.50022	 65.29000
 74.40000	 56.86853	 65.15000
 75.00000	 57.01280	 65.43000
 75.60000	 56.80640	 65.50000
 76.20000	 55.04891	 64.61000
 76.80000	 55.35785	 64.81000
 77.40000	 55.41883	 64.85000
 78.00000	 55.16599	 64.69000
 78.60000	 54.91208	 64.50000
 79.20000	 53.43336	 63.54000
 79.80000	 53.20368	 63.20000
 80.40000	 52.88903	 62.76000
 81.00000	 53.84086	 63.04000
 81.60000	 54.74636	 63.36000
 82.20000	 54.16363	 62.87000
 82.80000	 54.25141	 62.76000
 83.40000	 54.73148	 62.90000
 84.00000	 56.35852	 63.78000
 84.60000	 57.32062	 64.41000
 85.20000	 58.03790	 65.01000
 85.80000	 57.99836	 65.25000
 86.40000	 56.62203	 64.71000
 87.00000	 56.85669	 65.04000
 87.60000	 57.13863	 65.40000
 88.20000	 58.09052	 66.18000
 88.80000	 58.59760	 66.77000
 89.40000	 58.97948	 67.34000
 90.00000	 58.24381	 67.28000
 90.60000	 57.33043	 67.06000
 91.20000	 56.21610	 66.63000
 91.80000	 55.10169	 66.08000
 92.40000	 55.49468	 66.31000
 93.00000	 52.65424	 64.58000
 93.60000	 50.52167	 63.02000
 94.20000	 51.71379	 63.23000
 94.80000	 52.68065	 63.34000
 95.40000	 54.20909	 63.86000
 96.00000	 53.37838	 63.10000
 96.60000	 53.09712	 62.64000
 97.20000	 54.64221	 63.27000
 97.80000	 56.14454	 64.01000
 98.40000	 56.48861	 64.21000
 99.00000	 59.32525	 65.99000
 99.60000	 60.88281	 67.27000
100.20000	 59.36535	 66.89000
100.80000	 59.12197	 67.21000
101.40000	 58.52832	 67.30000
102.00000	 57.05451	 66.80000
102.60000	 55.77050	 66.27000
103.20000	 53.64080	 65.08000
103.80000	 52.36878	 64.18000
104.40000	 51.54662	 63.38000
105.00000	 52.07538	 63.27000
105.60000	 52.89789	 63.34000
106.20000	 53.83718	 63.54000
106.80000	 54.98767	 63.96000
107.40000	 54.11040	 63.28000
108.00000	 59.18817	 66.16000
108.60000	 62.08105	 68.16000
109.20000	 62.70889	 69.13000
109.80000	 62.14190	 69.53000
110.40000	 61.05883	 69.63000
111.00000	 59.19055	 69.18000
111.60000	 57.31565	 68.55000
112.20000	 55.63611	 67.83000
112.80000	 53.62118	 66.70000
113.40000	 52.86359	 66.09000
114.00000	 50.41389	 64.32000
114.60000	 49.34000	 63.12000
115.20000	 51.37758	 63.64000
115.80000	 52.30184	 63.61000
116.40000	 53.35540	 63.75000
117.00000	 54.65878	 64.16000
117.60000	 56.14309	 64.83000
118.20000	 54.39082	 63.72000
118.80000	 59.76396	 66.82000
119.40000	 62.77147	 68.95000
120.00000	 60.97933	 68.53000
120.60000	 60.97861	 69.14000
121.20000	 60.68095	 69.59000
121.80000	 58.21601	 68.71000
122.40000	 56.29559	 67.94000
123.00000	 54.27042	 66.89000
123.60000	 53.25367	 66.21000
124.20000	 55.59857	 67.40000
124.80000	 53.30631	 65.93000
125.40000	 51.45428	 64.54000
126.00000	 53.57582	 65.36000
126.60000	 55.02932	 65.91000
127.20000	 55.79116	 66.18000
127.80000	 55.27665	 65.78000
128.40000	 55.90166	 66.06000
129.00000	 55.24270	 65.63000
129.60000	 56.35089	 66.23000
130.20000	 59.96907	 68.44000
130.80000	 61.72180	 69.85000
131.40000	 62.29807	 70.77000
132.00000	 61.24305	 70.82000
132.60000	 60.61611	 71.08000
133.20000	 59.56744	 71.03000
133.80000	 57.53828	 70.28000
134.40000	 55.73605	 69.46000
135.00000	 55.65931	 69.47000
135.60000	 52.42580	 67.50000
136.20000	 49.91171	 65.65000
136.80000	 50.94149	 65.65000
137.40000	 51.59851	 65.43000
138.00000	 53.02824	 65.71000
138.60000	 53.52004	 65.55000
139.20000	 50.97353	 63.63000
139.80000	 52.70543	 64.11000
140.40000	 53.94613	 64.42000
141.00000	 56.61202	 65.72000
141.60000	 55.22870	 64.84000
142.20000	 53.93970	 63.97000
142.80000	 55.12143	 64.50000
143.40000	 55.49282	 64.63000
144.00000	 54.56079	 64.02000
144.60000	 54.32906	 63.77000
145.20000	 54.48755	 63.73000
145.80000	 52.76297	 62.56000
146.40000	 52.15731	 61.92000
147.00000	 53.38728	 62.31000
147.60000	 54.16719	 62.51000
148.20000	 55.21533	 62.95000
148.80000	 54.53859	 62.46000
149.40000	 54.49894	 62.33000
150.00000	 54.83238	 62.43000
150.60000	 56.98143	 63.66000
151.20000	 58.67986	 64.81000
151.80000	 58.16519	 64.81000
152.40000	 57.88632	 64.96000
153.00000	 55.58204	 63.88000
153.60000	 57.35777	 65.07000
154.20000	 58.19068	 65.80000
154.80000	 58.96413	 66.57000
155.40000	 59.52206	 67.29000
156.00000	 57.22346	 66.35000
156.60000	 55.81878	 65.77000
157.20000	 55.81190	 65.88000
157.80000	 55.99873	 66.06000
158.40000	 56.47005	 66.40000
159.00000	 54.56263	 65.33000
159.60000	 53.38743	 64.54000
160.20000	 53.17748	 64.20000
160.80000	 53.62245	 64.20000
161.40000	 53.77735	 64.04000
162.00000	 54.54355	 64.26000
162.60000	 55.49331	 64.66000
163.20000	 54.19378	 63.80000
163.80000	 54.07369	 63.57000
164.40000	 55.60159	 64.32000
165.00000	 57.10204	 65.18000
165.60000	 58.03413	 65.85000
166.20000	 58.17215	 66.16000
166.80000	 58.11283	 66.40000
167.40000	 55.19578	 64.93000
168.00000	 57.72561	 66.51000
168.60000	 60.44238	 68.37000
169.20000	 56.17939	 66.26000
169.80000	 53.62228	 64.87000
170.40000	 54.64926	 65.38000
171.00000	 55.12073	 65.57000
171.60000	 55.77784	 65.89000
172.20000	 54.54382	 65.12000
172.80000	 54.14585	 64.76000
173.40000	 54.70606	 64.93000
174.00000	 55.69055	 65.39000
174.60000	 56.21632	 65.66000
175.20000	 56.02243	 65.56000
175.80000	 55.65593	 65.36000
176.40000	 54.63186	 64.74000
177.00000	 54.45003	 64.54000
177.60000	 53.95966	 64.12000
178.20000	 55.21445	 64.70000
178.80000	 55.62045	 64.86000
179.40000	 52.20245	 62.76000
180.00000	 53.90701	 63.48000
180.60000	 55.03721	 63.95000
181.20000	 55.50357	 64.12000
181.80000	 55.53318	 64.09000
182.40000	 54.13014	 63.22000
183.00000	 55.21926	 63.75000
183.60000	 55.91590	 64.12000
184.20000	 54.59240	 63.34000
184.80000	 56.28867	 64.29000
185.40000	 57.79933	 65.26000
186.00000	 55.89782	 64.32000
186.60000	 55.41010	 64.11000
187.20000	 57.33036	 65.30000
187.80000	 57.03762	 65.30000
188.40000	 56.91411	 65.40000
189.00000	 56.86428	 65.54000
189.60000	 56.09397	 65.24000
190.20000	 55.99997	 65.28000
190.80000	 58.51278	 66.87000
191.40000	 60.65892	 68.44000
192.00000	 63.22382	 70.48000
192.60000	 63.90000	 71.65000
193.20000	 63.59062	 72.35000
193.80000	 62.70964	 72.72000
194.40000	 61.12703	 72.60000
195.00000	 57.86277	 71.31000
195.60000	 56.31111	 70.73000
196.20000	 55.93662	 70.64000
196.80000	 52.43702	 68.55000
197.40000	 49.78324	 66.62000
198.00000	 49.60475	 65.87000
198.60000	 49.83541	 65.26000
199.20000	 49.60007	 64.34000
199.80000	 49.93626	 63.73000
200.40000	 50.14912	 63.07000
201.00000	 52.00050	 63.43000
201.60000	 53.24512	 63.60000
202.20000	 58.55249	 66.38000
202.80000	 55.96768	 64.90000
203.40000	 53.63749	 63.48000
204.00000	 55.61371	 64.49000
204.60000	 56.57328	 65.03000
205.20000	 58.63667	 66.34000
205.80000	 55.37838	 64.64000
206.40000	 53.00806	 63.25000
207.00000	 53.35394	 63.27000
207.60000	 53.59647	 63.20000
208.20000	 56.16319	 64.53000
208.80000	 53.03337	 62.63000
209.40000	 51.33476	 61.37000
210.00000	 53.78092	 62.44000
210.60000	 55.02631	 62.95000
211.20000	 55.79596	 63.30000
211.80000	 56.13310	 63.49000
212.40000	 56.10068	 63.52000
