0.60	63.39	64.73
1.20	64.94	64.56
1.80	67.14	64.78
2.40	64.35	62.18
3.00	63.20	60.49
3.60	62.68	58.40
4.20	66.18	58.20
4.80	73.34	62.43
5.40	70.18	63.20
6.00	75.51	63.47
6.60	72.31	63.83
7.20	71.13	63.59
7.80	73.55	64.68
8.40	74.83	66.25
9.00	71.99	66.86
9.60	67.59	64.65
10.20	64.82	62.95
10.80	63.93	61.49
11.40	64.67	62.82
12.00	62.14	60.62
12.60	61.40	59.14
13.20	62.40	59.19
13.80	64.76	57.86
14.40	68.52	58.97
15.00	66.30	59.37
15.60	65.31	58.46
16.20	64.14	57.84
16.80	69.48	59.89
17.40	68.78	59.64
18.00	68.10	59.63
18.60	66.52	60.23
19.20	68.30	59.55
19.80	67.95	62.27
20.40	66.98	61.74
21.00	65.86	61.52
21.60	62.81	60.80
22.20	63.31	60.73
22.80	67.25	62.54
23.40	63.70	63.28
24.00	61.69	62.62
24.60	59.64	61.70
25.20	62.24	61.06
25.80	64.44	62.48
26.40	65.85	63.27
27.00	66.69	63.60
27.60	64.17	62.99
28.20	63.56	62.52
28.80	67.08	62.68
29.40	69.21	63.40
30.00	70.47	65.13
30.60	67.88	63.60
31.20	68.27	63.85
31.80	68.08	63.66
32.40	67.85	63.36
33.00	68.19	63.98
33.60	67.36	63.17
34.20	61.63	61.85
34.80	65.85	61.65
35.40	67.64	63.35
36.00	66.97	62.72
36.60	63.71	62.66
37.20	62.44	60.93
37.80	64.76	62.59
38.40	65.22	63.42
39.00	62.91	61.41
39.60	61.84	62.30
40.20	65.41	61.78
40.80	63.63	61.12
41.40	62.59	60.04
42.00	61.68	60.07
42.60	62.28	58.95
43.20	67.04	59.70
43.80	64.29	59.77
44.40	62.57	58.84
45.00	61.72	58.37
45.60	63.27	57.94
46.20	62.97	57.55
46.80	62.75	57.31
47.40	61.96	56.88
48.00	61.05	56.11
48.60	63.16	55.67
49.20	64.67	55.67
49.80	64.80	56.07
50.40	63.70	53.74
51.00	66.47	56.13
51.60	67.75	57.72
52.20	66.92	57.61
52.80	68.12	57.50
53.40	67.57	58.15
54.00	72.08	60.13
54.60	69.29	61.14
55.20	67.83	60.73
55.80	66.29	61.57
56.40	71.31	63.60
57.00	70.06	65.58
57.60	72.70	70.59
58.20	64.55	65.23
58.80	65.42	64.33
59.40	64.76	63.42
60.00	64.49	62.05
60.60	67.88	63.09
61.20	64.21	60.63
61.80	62.04	58.56
62.40	61.87	57.42
63.00	63.81	57.99
63.60	66.51	59.02
64.20	62.98	56.93
64.80	58.99	57.04
65.40	61.75	57.44
66.00	65.32	57.92
66.60	66.80	59.82
67.20	63.96	59.67
67.80	64.64	60.52
68.40	61.05	59.54
69.00	63.04	59.35
69.60	64.16	60.52
70.20	65.63	61.97
70.80	62.14	59.47
71.40	61.04	59.90
72.00	64.07	60.23
72.60	65.94	60.32
73.20	67.82	61.60
73.80	64.28	58.78
74.40	63.93	59.44
75.00	64.30	59.70
75.60	64.01	59.72
76.20	63.55	58.90
76.80	60.13	58.20
77.40	59.68	57.68
78.00	60.08	56.68
78.60	62.05	57.66
79.20	64.77	58.55
79.80	64.42	57.78
80.40	64.21	57.40
81.00	64.13	56.70
81.60	66.63	57.65
82.20	64.13	60.29
82.80	61.49	58.66
83.40	63.78	57.83
84.00	65.88	57.63
84.60	67.22	58.35
85.20	70.82	60.61
85.80	71.37	62.47
86.40	66.67	61.27
87.00	70.71	61.50
87.60	73.09	64.98
88.20	74.51	64.92
88.80	69.74	64.46
89.40	67.23	63.09
90.00	66.85	61.97
90.60	70.51	61.72
91.20	70.01	63.09
91.80	72.26	62.12
92.40	66.97	61.05
93.00	64.51	59.43
93.60	65.27	58.62
94.20	68.30	59.30
94.80	70.68	60.16
95.40	72.50	60.32
96.00	72.21	64.25
96.60	74.19	61.62
97.20	63.03	59.84
97.80	64.11	60.73
98.40	66.84	61.03
99.00	63.21	60.90
99.60	60.60	58.87
100.20	58.82	58.74
100.80	57.18	58.10
101.40	60.09	56.45
102.00	62.93	58.12
102.60	64.96	59.20
103.20	65.76	59.53
103.80	64.88	60.07
104.40	65.66	59.64
105.00	62.91	60.02
105.60	63.33	58.27
106.20	71.03	61.79
106.80	65.75	59.92
107.40	69.18	60.49
108.00	67.89	60.64
108.60	67.30	59.98
109.20	67.27	59.85
109.80	68.54	61.04
110.40	69.46	60.66
111.00	66.76	59.84
111.60	64.43	58.55
112.20	68.99	59.80
112.80	70.40	59.61
113.40	70.11	60.65
114.00	70.51	64.20
114.60	68.26	59.78
115.20	65.48	59.98
115.80	65.45	59.85
116.40	65.03	59.13
117.00	64.97	59.98
117.60	60.29	56.07
118.20	59.34	56.41
118.80	59.50	54.83
119.40	63.45	54.27
120.00	65.93	55.26
120.60	66.96	56.18
121.20	66.73	56.23
121.80	65.85	55.54
122.40	68.46	56.97
123.00	71.21	58.50
123.60	69.65	59.26
124.20	68.22	59.33
124.80	65.66	58.44
125.40	65.35	57.88
126.00	69.57	62.24
126.60	70.58	64.24
127.20	66.04	62.34
127.80	63.84	61.05
128.40	64.20	60.27
129.00	65.88	60.55
129.60	69.92	62.44
130.20	64.09	59.89
130.80	61.94	58.39
131.40	64.06	58.66
132.00	65.72	58.50
132.60	66.25	60.15
133.20	66.46	59.64
133.80	63.80	59.48
134.40	62.92	59.64
135.00	64.39	59.89
135.60	64.58	61.73
136.20	64.00	61.58
136.80	61.16	60.82
137.40	59.54	60.37
138.00	58.74	60.63
138.60	59.95	59.99
139.20	60.74	60.33
139.80	58.21	58.57
140.40	57.54	57.39
141.00	58.94	57.13
141.60	61.12	56.75
142.20	61.24	56.84
142.80	62.44	57.77
143.40	62.51	58.45
144.00	60.67	58.70
144.60	60.30	57.73
145.20	65.31	60.94
145.80	64.27	60.39
146.40	61.25	59.85
147.00	59.46	59.30
147.60	58.74	58.10
148.20	60.73	59.78
148.80	61.93	59.08
149.40	59.95	58.56
150.00	58.96	58.15
150.60	61.27	57.53
151.20	63.73	58.19
151.80	62.81	58.56
152.40	62.70	58.65
153.00	63.83	58.91
153.60	63.89	57.83
154.20	67.30	61.26
154.80	68.43	62.18
155.40	66.78	62.75
156.00	66.68	62.78
156.60	68.33	63.47
157.20	69.75	63.98
157.80	65.97	64.22
158.40	65.66	62.54
159.00	63.27	62.66
159.60	63.87	62.53
160.20	63.86	62.05
160.80	62.84	61.98
161.40	64.09	60.31
162.00	59.80	59.75
162.60	59.56	59.41
163.20	63.07	59.18
163.80	65.07	60.04
164.40	65.24	59.65
165.00	64.78	58.77
165.60	63.69	59.14
166.20	66.82	59.54
166.80	66.87	59.59
167.40	66.38	59.66
168.00	65.15	59.31
168.60	63.84	59.75
169.20	66.35	60.13
169.80	67.07	60.37
170.40	64.71	59.47
171.00	63.65	59.02
171.60	63.39	58.21
172.20	66.12	59.58
172.80	67.63	60.77
173.40	63.29	58.70
174.00	64.33	58.85
174.60	65.06	58.93
175.20	66.01	58.93
175.80	67.47	58.88
176.40	68.97	59.37
177.00	67.11	58.09
177.60	67.72	58.33
178.20	68.70	58.48
178.80	70.42	58.56
179.40	69.97	58.22
180.00	72.48	58.79
180.60	71.36	59.08
181.20	70.70	59.51
181.80	70.42	59.38
182.40	71.25	61.32
183.00	71.56	61.88
183.60	68.49	63.28
184.20	69.61	62.72
184.80	65.21	62.71
185.40	67.28	63.31
186.00	67.51	64.22
186.60	64.56	63.32
187.20	62.98	62.67
187.80	61.66	61.75
188.40	66.43	63.09
189.00	65.86	62.65
189.60	63.95	62.14
190.20	62.82	61.39
190.80	62.49	61.03
191.40	63.20	60.47
192.00	64.08	59.69
192.60	60.64	58.10
193.20	59.44	57.02
193.80	60.05	55.18
194.40	65.24	57.84
195.00	62.04	56.03
195.60	61.05	55.11
196.20	61.06	54.60
196.80	61.86	54.91
197.40	64.83	55.21
198.00	65.24	56.06
198.60	62.65	55.20
199.20	61.60	54.75
199.80	62.34	54.76
200.40	64.55	55.51
201.00	61.43	55.54
201.60	64.24	55.65
202.20	62.50	55.80
202.80	61.56	55.25
203.40	62.25	57.46
204.00	62.62	56.64
204.60	58.47	55.20
205.20	63.24	56.47
205.80	63.36	57.26
206.40	63.73	57.59
207.00	63.84	57.23
207.60	64.63	57.63
208.20	68.98	59.91
208.80	71.44	63.87
209.40	78.86	63.91
210.00	63.75	64.89
210.60	76.21	66.83
211.20	71.76	67.99
211.80	69.11	65.94
212.40	68.40	65.24
213.00	67.21	64.33
