  0.00000	 36.93569	 58.35000
  0.60000	 36.62006	 58.09000
  1.20000	 36.38998	 57.78000
  1.80000	 36.09581	 56.05000
  2.40000	 36.46791	 56.32000
  3.00000	 36.69177	 57.74000
  3.60000	 35.73261	 54.82000
  4.20000	 36.11077	 53.79000
  4.80000	 37.22066	 57.21000
  5.40000	 36.71908	 58.51000
  6.00000	 36.60448	 59.72000
  6.60000	 36.88730	 61.76000
  7.20000	 36.69701	 62.81000
  7.80000	 36.81232	 64.20000
  8.40000	 36.35379	 63.88000
  9.00000	 36.43277	 63.91000
  9.60000	 37.40927	 66.66000
 10.20000	 36.64728	 66.64000
 10.80000	 36.44986	 66.61000
 11.40000	 36.13189	 65.64000
 12.00000	 36.25501	 65.06000
 12.60000	 35.21214	 61.62000
 13.20000	 37.37340	 64.32000
 13.80000	 37.74020	 66.42000
 14.40000	 36.91771	 66.73000
 15.00000	 36.93563	 67.82000
 15.60000	 37.23641	 69.43000
 16.20000	 35.67865	 67.21000
 16.80000	 35.65848	 66.03000
 17.40000	 36.69098	 66.78000
 18.00000	 37.33131	 68.02000
 18.60000	 37.32992	 68.95000
 19.20000	 35.93059	 67.20000
 19.80000	 36.04423	 66.83000
 20.40000	 36.19695	 66.44000
 21.00000	 37.29281	 68.00000
 21.60000	 37.45398	 68.99000
 22.20000	 37.98072	 71.04000
 22.80000	 35.87577	 68.80000
 23.40000	 35.34331	 67.45000
 24.00000	 36.61276	 68.56000
 24.60000	 37.11151	 69.25000
 25.20000	 37.19051	 69.75000
 25.80000	 35.86218	 67.97000
 26.40000	 35.52212	 66.85000
 27.00000	 35.70811	 66.20000
 27.60000	 36.80272	 67.14000
 28.20000	 38.37001	 69.72000
 28.80000	 38.48131	 71.20000
 29.40000	 37.65175	 71.48000
 30.00000	 36.50589	 70.78000
 30.60000	 34.73853	 68.21000
 31.20000	 34.48495	 66.71000
 31.80000	 34.88390	 65.78000
 32.40000	 36.39397	 66.70000
 33.00000	 36.55598	 66.41000
 33.60000	 36.50423	 66.08000
 34.20000	 34.03428	 62.11000
 34.80000	 35.10391	 62.31000
 35.40000	 36.07117	 62.74000
 36.00000	 37.31853	 64.14000
 36.60000	 38.50582	 66.22000
 37.20000	 39.05751	 68.13000
 37.80000	 35.76249	 64.77000
 38.40000	 36.85545	 66.52000
 39.00000	 37.53164	 67.91000
 39.60000	 38.24722	 69.61000
 40.20000	 38.19228	 70.51000
 40.80000	 37.79621	 70.94000
 41.40000	 37.03531	 70.68000
 42.00000	 35.44340	 68.87000
 42.60000	 34.98682	 67.97000
 43.20000	 36.62668	 69.71000
 43.80000	 37.23235	 70.46000
 44.40000	 37.27769	 70.69000
 45.00000	 38.98626	 73.35000
 45.60000	 35.59912	 69.48000
 46.20000	 34.27437	 67.49000
 46.80000	 35.60364	 68.61000
 47.40000	 37.32893	 70.54000
 48.00000	 38.02834	 71.59000
 48.60000	 39.08135	 73.45000
 49.20000	 36.30206	 70.45000
 49.80000	 35.25464	 69.12000
 50.40000	 36.53103	 70.56000
 51.00000	 37.17792	 71.38000
 51.60000	 37.24830	 71.60000
 52.20000	 38.11723	 72.96000
 52.80000	 32.68976	 66.05000
 53.40000	 35.03789	 68.29000
 54.00000	 36.67053	 69.92000
 54.60000	 37.04422	 70.26000
 55.20000	 37.65912	 71.10000
 55.80000	 37.83686	 71.57000
 56.40000	 34.58848	 67.57000
 57.00000	 35.87993	 68.91000
 57.60000	 36.94662	 70.12000
 58.20000	 38.04131	 71.60000
 58.80000	 38.12765	 72.03000
 59.40000	 37.54997	 71.67000
 60.00000	 36.80361	 71.00000
 60.60000	 36.48751	 70.73000
 61.20000	 32.71020	 65.79000
 61.80000	 35.08817	 68.14000
 62.40000	 36.44345	 69.46000
 63.00000	 36.08987	 68.82000
 63.60000	 39.29179	 72.84000
 64.20000	 35.16332	 67.91000
 64.80000	 32.49253	 64.23000
 65.40000	 33.69945	 65.03000
 66.00000	 34.98887	 66.03000
 66.60000	 35.78502	 66.61000
 67.20000	 36.56891	 67.37000
 67.80000	 35.14239	 65.46000
 68.40000	 34.79002	 64.76000
 69.00000	 36.97667	 67.29000
 69.60000	 37.70370	 68.30000
 70.20000	 37.53775	 68.35000
 70.80000	 35.31648	 65.77000
 71.40000	 35.47529	 65.92000
 72.00000	 37.03363	 67.85000
 72.60000	 37.97683	 69.22000
 73.20000	 38.03735	 69.64000
 73.80000	 38.28924	 70.36000
 74.40000	 38.12406	 70.60000
 75.00000	 35.13469	 67.18000
 75.60000	 35.21171	 67.23000
 76.20000	 35.50511	 67.48000
 76.80000	 36.81383	 69.04000
 77.40000	 36.61369	 68.85000
 78.00000	 36.49091	 68.76000
 78.60000	 36.56102	 68.91000
 79.20000	 34.39347	 66.20000
 79.80000	 37.69368	 70.19000
 80.40000	 39.72744	 72.99000
 81.00000	 39.51697	 73.26000
 81.60000	 39.37568	 73.65000
 82.20000	 38.92266	 73.63000
 82.80000	 35.54543	 69.79000
 83.40000	 37.00023	 71.63000
 84.00000	 37.49426	 72.35000
 84.60000	 37.11135	 72.00000
 85.20000	 35.74383	 70.34000
 85.80000	 34.77688	 69.00000
 86.40000	 32.76062	 66.17000
 87.00000	 35.54746	 69.18000
 87.60000	 36.09050	 69.66000
 88.20000	 36.62973	 70.25000
 88.80000	 34.69696	 67.80000
 89.40000	 35.28037	 68.34000
 90.00000	 35.78417	 68.84000
 90.60000	 37.17697	 70.54000
 91.20000	 37.71901	 71.34000
 91.80000	 37.76755	 71.60000
 92.40000	 34.45518	 67.62000
 93.00000	 35.10197	 68.28000
 93.60000	 35.45088	 68.60000
 94.20000	 35.72906	 68.87000
 94.80000	 35.46833	 68.50000
 95.40000	 35.27494	 68.20000
 96.00000	 31.22000	 63.02000
 96.60000	 33.53523	 65.47000
 97.20000	 35.14219	 67.25000
 97.80000	 36.48610	 68.89000
 98.40000	 36.23906	 68.69000
 99.00000	 36.16210	 68.70000
 99.60000	 33.93861	 66.01000
100.20000	 36.49081	 69.11000
100.80000	 37.72955	 70.78000
101.40000	 38.06262	 71.43000
102.00000	 36.15542	 69.30000
102.60000	 34.93674	 67.86000
103.20000	 32.65835	 64.98000
103.80000	 34.53855	 67.11000
104.40000	 35.54360	 68.30000
105.00000	 36.60247	 69.65000
105.60000	 34.20650	 66.78000
106.20000	 32.71208	 64.86000
106.80000	 32.94049	 64.98000
107.40000	 34.71353	 67.05000
108.00000	 36.01413	 68.67000
108.60000	 35.15231	 67.70000
109.20000	 34.56088	 67.01000
109.80000	 32.96939	 65.04000
110.40000	 35.06054	 67.54000
111.00000	 36.04202	 68.80000
111.60000	 37.15999	 70.29000
112.20000	 34.39153	 67.03000
112.80000	 33.22928	 65.59000
113.40000	 34.64350	 67.27000
114.00000	 36.13578	 69.13000
114.60000	 36.89821	 70.17000
115.20000	 35.69587	 68.82000
115.80000	 35.58043	 68.74000
116.40000	 35.82265	 69.09000
117.00000	 38.05662	 71.90000
117.60000	 38.17816	 72.21000
118.20000	 37.95670	 72.09000
118.80000	 34.13269	 67.52000
119.40000	 35.08584	 68.64000
120.00000	 35.78215	 69.49000
120.60000	 36.91824	 70.91000
121.20000	 36.99016	 71.07000
121.80000	 36.86044	 70.98000
122.40000	 32.75982	 66.02000
123.00000	 33.91264	 67.33000
123.60000	 35.03014	 68.65000
124.20000	 35.94617	 69.77000
124.80000	 37.42513	 71.61000
125.40000	 38.11165	 72.53000
126.00000	 40.05000	 74.99000
126.60000	 36.70117	 71.06000
127.20000	 34.89443	 68.89000
127.80000	 36.40518	 70.70000
128.40000	 36.40467	 70.72000
129.00000	 35.96898	 70.21000
129.60000	 37.01835	 71.49000
130.20000	 33.37171	 67.10000
130.80000	 31.40311	 64.65000
131.40000	 32.27220	 65.60000
132.00000	 33.26871	 66.74000
132.60000	 33.74969	 67.29000
133.20000	 34.76196	 68.50000
133.80000	 32.74058	 66.07000
134.40000	 31.86995	 64.99000
135.00000	 34.15595	 67.71000
