  0.00000	 36.01705	 68.50000
  0.60000	 36.26378	 68.75000
  1.20000	 35.86806	 68.07000
  1.80000	 34.92320	 66.48000
  2.40000	 34.62704	 65.66000
  3.00000	 36.64490	 68.24000
  3.60000	 36.77211	 68.35000
  4.20000	 36.75524	 68.34000
  4.80000	 35.99094	 67.24000
  5.40000	 35.69321	 66.71000
  6.00000	 35.86508	 66.81000
  6.60000	 37.66325	 69.39000
  7.20000	 38.51164	 70.91000
  7.80000	 38.84781	 71.91000
  8.40000	 37.74080	 70.87000
  9.00000	 37.21688	 70.53000
  9.60000	 36.82224	 70.25000
 10.20000	 37.92826	 72.12000
 10.80000	 37.80576	 72.32000
 11.40000	 37.67408	 72.50000
 12.00000	 34.65073	 68.27000
 12.60000	 34.94083	 68.41000
 13.20000	 35.24067	 68.49000
 13.80000	 36.14604	 69.49000
 14.40000	 36.89659	 70.43000
 15.00000	 37.38856	 71.17000
 15.60000	 35.21770	 68.03000
 16.20000	 34.90204	 67.29000
 16.80000	 34.60761	 66.45000
 17.40000	 36.14036	 68.27000
 18.00000	 36.20092	 68.15000
 18.60000	 36.43073	 68.35000
 19.20000	 34.41618	 65.23000
 19.80000	 34.47231	 64.85000
 20.40000	 34.48575	 64.35000
 21.00000	 36.40403	 66.71000
 21.60000	 36.94508	 67.38000
 22.20000	 37.44246	 68.18000
 22.80000	 35.52142	 65.49000
 23.40000	 35.50613	 65.34000
 24.00000	 35.33429	 64.90000
 24.60000	 36.43148	 66.32000
 25.20000	 36.75482	 66.78000
 25.80000	 37.14000	 67.44000
 26.40000	 35.07981	 64.51000
 27.00000	 34.30845	 63.13000
 27.60000	 35.21493	 64.06000
 28.20000	 35.94083	 64.84000
 28.80000	 36.14000	 64.98000
 29.40000	 36.31357	 65.16000
 30.00000	 34.81316	 62.87000
 30.60000	 34.23240	 61.68000
 31.20000	 36.09388	 64.02000
 31.80000	 36.59777	 64.65000
 32.40000	 36.87490	 65.10000
 33.00000	 35.41472	 63.03000
 33.60000	 35.56989	 63.14000
 34.20000	 35.68295	 63.18000
 34.80000	 37.15497	 65.29000
 35.40000	 37.56369	 66.10000
 36.00000	 38.17051	 67.36000
 36.60000	 36.21800	 64.92000
 37.20000	 35.39059	 63.82000
 37.80000	 35.76761	 64.31000
 38.40000	 36.88343	 65.93000
 39.00000	 37.36944	 66.81000
 39.60000	 38.03454	 68.10000
 40.20000	 35.76397	 65.12000
 40.80000	 34.23030	 62.82000
 41.40000	 36.41782	 65.76000
 42.00000	 37.29987	 67.08000
 42.60000	 38.20577	 68.66000
 43.20000	 36.82878	 67.03000
 43.80000	 36.18055	 66.28000
 44.40000	 36.01545	 66.10000
 45.00000	 37.18205	 67.86000
 45.60000	 37.68492	 68.83000
 46.20000	 38.22195	 69.99000
 46.80000	 36.10663	 67.28000
 47.40000	 34.59249	 65.07000
 48.00000	 36.61737	 67.83000
 48.60000	 36.79154	 68.11000
 49.20000	 36.88918	 68.34000
 49.80000	 36.13302	 67.32000
 50.40000	 35.68335	 66.62000
 51.00000	 33.91435	 63.80000
 51.60000	 35.92469	 66.30000
 52.20000	 37.05311	 67.80000
 52.80000	 38.34007	 69.82000
 53.40000	 36.26525	 67.09000
 54.00000	 35.23119	 65.59000
 54.60000	 35.56197	 65.90000
 55.20000	 37.21583	 68.22000
 55.80000	 38.03784	 69.61000
 56.40000	 39.10058	 71.60000
 57.00000	 36.59236	 68.47000
 57.60000	 35.07094	 66.38000
 58.20000	 36.09111	 67.75000
 58.80000	 36.93856	 68.97000
 59.40000	 37.18191	 69.44000
 60.00000	 38.61255	 71.79000
 60.60000	 35.70941	 67.90000
 61.20000	 33.88559	 65.10000
 61.80000	 35.25828	 66.67000
 62.40000	 35.80872	 67.16000
 63.00000	 35.87139	 67.02000
 63.60000	 36.77445	 68.19000
 64.20000	 34.04925	 64.07000
 64.80000	 32.36000	 60.99000
 65.40000	 33.59080	 61.89000
 66.00000	 34.48681	 62.43000
 66.60000	 35.02102	 62.61000
 67.20000	 36.10314	 63.78000
 67.80000	 34.35816	 60.95000
 68.40000	 33.51675	 59.20000
 69.00000	 34.58462	 60.14000
 69.60000	 36.36283	 62.34000
 70.20000	 37.41778	 63.85000
 70.80000	 39.50762	 67.25000
 71.40000	 37.39191	 64.82000
 72.00000	 36.13933	 63.39000
 72.60000	 37.25753	 65.27000
 73.20000	 38.30934	 67.22000
 73.80000	 38.54250	 68.16000
 74.40000	 39.98000	 71.02000
 75.00000	 36.55933	 66.85000
 75.60000	 34.49077	 64.07000
 76.20000	 34.67640	 64.15000
 76.80000	 35.55976	 65.17000
 77.40000	 36.26557	 66.03000
 78.00000	 36.36030	 66.11000
 78.60000	 37.27291	 67.48000
 79.20000	 37.76586	 68.43000
 79.80000	 36.02526	 66.15000
 80.40000	 36.19993	 66.45000
 81.00000	 36.50211	 66.93000
 81.60000	 37.59400	 68.65000
 82.20000	 37.73402	 69.16000
 82.80000	 37.42189	 69.06000
 83.40000	 36.50162	 68.00000
 84.00000	 35.35534	 66.40000
 84.60000	 35.02544	 65.75000
 85.20000	 36.03775	 66.99000
 85.80000	 36.25767	 67.19000
 86.40000	 36.07391	 66.84000
 87.00000	 35.75155	 66.26000
 87.60000	 32.73453	 61.53000
 88.20000	 35.12221	 64.34000
 88.80000	 36.83880	 66.51000
 89.40000	 37.55861	 67.57000
 90.00000	 38.30431	 68.92000
 90.60000	 38.78949	 70.12000
 91.20000	 35.78442	 66.21000
 91.80000	 36.49378	 67.35000
 92.40000	 37.08379	 68.36000
 93.00000	 37.93885	 69.87000
 93.60000	 38.39791	 70.97000
 94.20000	 38.23280	 71.26000
 94.80000	 36.31870	 68.90000
 95.40000	 35.69100	 68.09000
 96.00000	 35.51595	 67.75000
 96.60000	 36.72751	 69.40000
 97.20000	 36.33665	 68.83000
 97.80000	 35.82567	 68.02000
 98.40000	 35.74429	 67.75000
 99.00000	 34.25127	 65.30000
 99.60000	 34.11903	 64.58000
100.20000	 35.74638	 66.43000
100.80000	 36.92666	 67.91000
101.40000	 36.85697	 67.80000
102.00000	 36.99923	 68.08000
102.60000	 35.23862	 65.55000
103.20000	 37.17506	 68.28000
103.80000	 38.16543	 69.93000
104.40000	 38.07927	 70.21000
105.00000	 37.20108	 69.34000
105.60000	 36.40614	 68.44000
106.20000	 33.44377	 64.06000
106.80000	 34.62550	 65.28000
107.40000	 35.33454	 65.88000
108.00000	 35.85275	 66.31000
108.60000	 35.11268	 64.96000
109.20000	 34.86884	 64.24000
109.80000	 33.78113	 62.18000
110.40000	 36.51478	 65.67000
111.00000	 37.80718	 67.51000
111.60000	 38.64367	 69.03000
112.20000	 37.96400	 68.54000
112.80000	 37.61402	 68.50000
113.40000	 37.28075	 68.43000
114.00000	 38.91333	 71.26000
114.60000	 38.12246	 70.74000
115.20000	 37.21099	 69.92000
115.80000	 35.45261	 67.61000
116.40000	 34.45035	 66.02000
117.00000	 34.24036	 65.31000
117.60000	 35.49953	 66.68000
118.20000	 36.04910	 67.18000
118.80000	 36.16284	 67.16000
119.40000	 36.19444	 67.08000
120.00000	 34.89594	 65.02000
120.60000	 34.46633	 64.02000
121.20000	 36.15039	 66.09000
121.80000	 36.38297	 66.28000
122.40000	 36.33574	 66.15000
123.00000	 35.20508	 64.41000
123.60000	 34.81207	 63.57000
124.20000	 34.63568	 62.94000
124.80000	 36.86766	 65.89000
125.40000	 36.80193	 65.81000
126.00000	 36.98529	 66.18000
126.60000	 34.56642	 62.69000
127.20000	 35.69164	 64.09000
127.80000	 36.42482	 65.05000
128.40000	 37.58759	 66.82000
129.00000	 38.06306	 67.83000
129.60000	 38.23525	 68.55000
130.20000	 37.19214	 67.52000
130.80000	 37.08473	 67.72000
131.40000	 38.31887	 69.90000
132.00000	 38.95467	 71.41000
132.60000	 38.73983	 71.80000
133.20000	 37.33479	 70.38000
133.80000	 36.26863	 69.18000
134.40000	 35.53308	 68.19000
135.00000	 35.09616	 67.41000
