  0.00000	 36.54938	 68.50000
  0.60000	 36.56696	 68.75000
  1.20000	 36.42196	 68.07000
  1.80000	 36.28127	 66.48000
  2.40000	 36.40095	 65.66000
  3.00000	 36.97733	 68.24000
  3.60000	 36.50822	 68.35000
  4.20000	 36.45187	 68.34000
  4.80000	 36.26493	 67.24000
  5.40000	 36.39182	 66.71000
  6.00000	 36.54809	 66.81000
  6.60000	 37.13436	 69.39000
  7.20000	 36.91950	 70.91000
  7.80000	 36.74165	 71.91000
  8.40000	 36.21475	 70.87000
  9.00000	 36.38234	 70.53000
  9.60000	 36.48516	 70.25000
 10.20000	 37.14126	 72.12000
 10.80000	 36.73979	 72.32000
 11.40000	 36.60421	 72.50000
 12.00000	 35.16982	 68.27000
 12.60000	 36.32296	 68.41000
 13.20000	 36.69094	 68.49000
 13.80000	 37.02182	 69.49000
 14.40000	 37.01260	 70.43000
 15.00000	 36.88174	 71.17000
 15.60000	 35.37558	 68.03000
 16.20000	 35.85000	 67.29000
 16.80000	 36.10059	 66.45000
 17.40000	 37.24119	 68.27000
 18.00000	 36.80533	 68.15000
 18.60000	 36.65333	 68.35000
 19.20000	 35.18605	 65.23000
 19.80000	 35.80647	 64.85000
 20.40000	 36.13052	 64.35000
 21.00000	 37.51225	 66.71000
 21.60000	 37.28570	 67.38000
 22.20000	 37.09806	 68.18000
 22.80000	 35.36566	 65.49000
 23.40000	 35.77449	 65.34000
 24.00000	 35.98909	 64.90000
 24.60000	 37.01688	 66.32000
 25.20000	 37.04119	 66.78000
 25.80000	 37.05281	 67.44000
 26.40000	 35.22853	 64.51000
 27.00000	 35.03654	 63.13000
 27.60000	 36.24656	 64.06000
 28.20000	 36.89849	 64.84000
 28.80000	 36.85258	 64.98000
 29.40000	 36.75201	 65.16000
 30.00000	 35.34752	 62.87000
 30.60000	 35.10394	 61.68000
 31.20000	 36.95074	 64.02000
 31.80000	 37.18946	 64.65000
 32.40000	 37.12296	 65.10000
 33.00000	 35.62195	 63.03000
 33.60000	 35.86144	 63.14000
 34.20000	 36.06496	 63.18000
 34.80000	 37.38598	 65.29000
 35.40000	 37.50592	 66.10000
 36.00000	 37.75377	 67.36000
 36.60000	 35.75296	 64.92000
 37.20000	 35.15133	 63.82000
 37.80000	 35.77994	 64.31000
 38.40000	 36.96649	 65.93000
 39.00000	 37.36347	 66.81000
 39.60000	 37.81625	 68.10000
 40.20000	 35.55000	 65.12000
 40.80000	 34.29111	 62.82000
 41.40000	 36.62474	 65.76000
 42.00000	 37.46002	 67.08000
 42.60000	 38.16209	 68.66000
 43.20000	 36.65373	 67.03000
 43.80000	 35.99985	 66.28000
 44.40000	 35.90354	 66.10000
 45.00000	 37.08116	 67.86000
 45.60000	 37.52241	 68.83000
 46.20000	 37.94219	 69.99000
 46.80000	 35.82628	 67.28000
 47.40000	 34.47452	 65.07000
 48.00000	 36.61385	 67.83000
 48.60000	 36.82705	 68.11000
 49.20000	 36.92204	 68.34000
 49.80000	 36.17631	 67.32000
 50.40000	 35.76765	 66.62000
 51.00000	 34.11652	 63.80000
 51.60000	 36.20599	 66.30000
 52.20000	 37.31750	 67.80000
 52.80000	 38.49866	 69.82000
 53.40000	 36.34106	 67.09000
 54.00000	 35.30000	 65.59000
 54.60000	 35.65629	 65.90000
 55.20000	 37.30360	 68.22000
 55.80000	 38.07220	 69.61000
 56.40000	 39.04492	 71.60000
 57.00000	 36.47656	 68.47000
 57.60000	 34.97064	 66.38000
 58.20000	 36.03511	 67.75000
 58.80000	 36.91014	 68.97000
 59.40000	 37.16231	 69.44000
 60.00000	 38.58099	 71.79000
 60.60000	 35.66455	 67.90000
 61.20000	 33.87269	 65.10000
 61.80000	 35.29691	 66.67000
 62.40000	 35.87875	 67.16000
 63.00000	 35.95671	 67.02000
 63.60000	 36.86513	 68.19000
 64.20000	 34.12649	 64.07000
 64.80000	 32.43918	 60.99000
 65.40000	 33.68475	 61.89000
 66.00000	 34.58009	 62.43000
 66.60000	 35.09960	 62.61000
 67.20000	 36.16287	 63.78000
 67.80000	 34.37443	 60.95000
 68.40000	 33.49145	 59.20000
 69.00000	 34.52877	 60.14000
 69.60000	 36.28499	 62.34000
 70.20000	 37.32148	 63.85000
 70.80000	 39.41963	 67.25000
 71.40000	 37.28784	 64.82000
 72.00000	 36.02246	 63.39000
 72.60000	 37.14984	 65.27000
 73.20000	 38.22262	 67.22000
 73.80000	 38.48316	 68.16000
 74.40000	 39.98000	 71.02000
 75.00000	 36.56814	 66.85000
 75.60000	 34.48217	 64.07000
 76.20000	 34.63925	 64.15000
 76.80000	 35.48958	 65.17000
 77.40000	 36.16537	 66.03000
 78.00000	 36.23277	 66.11000
 78.60000	 37.14321	 67.48000
 79.20000	 37.65389	 68.43000
 79.80000	 35.90641	 66.15000
 80.40000	 36.08078	 66.45000
 81.00000	 36.38206	 66.93000
 81.60000	 37.49658	 68.65000
 82.20000	 37.67058	 69.16000
 82.80000	 37.39746	 69.06000
 83.40000	 36.49908	 68.00000
 84.00000	 35.33789	 66.40000
 84.60000	 34.96258	 65.75000
 85.20000	 35.93285	 66.99000
 85.80000	 36.11055	 67.19000
 86.40000	 35.88539	 66.84000
 87.00000	 35.51672	 66.26000
 87.60000	 32.36000	 61.53000
 88.20000	 34.63812	 64.34000
 88.80000	 36.28642	 66.51000
 89.40000	 36.99493	 67.57000
 90.00000	 37.80053	 68.92000
 90.60000	 38.40924	 70.12000
 91.20000	 35.46536	 66.21000
 91.80000	 36.23407	 67.35000
 92.40000	 36.87689	 68.36000
 93.00000	 37.81191	 69.87000
 93.60000	 38.38649	 70.97000
 94.20000	 38.35775	 71.26000
 94.80000	 36.52175	 68.90000
 95.40000	 35.91262	 68.09000
 96.00000	 35.69811	 67.75000
 96.60000	 36.87927	 69.40000
 97.20000	 36.44628	 68.83000
 97.80000	 35.87603	 68.02000
 98.40000	 35.72137	 67.75000
 99.00000	 34.07827	 65.30000
 99.60000	 33.74366	 64.58000
100.20000	 35.20190	 66.43000
100.80000	 36.29084	 67.91000
101.40000	 36.19036	 67.80000
102.00000	 36.35609	 68.08000
102.60000	 34.56563	 65.55000
103.20000	 36.53074	 68.28000
103.80000	 37.62427	 69.93000
104.40000	 37.69700	 70.21000
105.00000	 36.97165	 69.34000
105.60000	 36.27783	 68.44000
106.20000	 33.21655	 64.06000
106.80000	 34.22465	 65.28000
107.40000	 34.73952	 65.88000
108.00000	 35.09565	 66.31000
108.60000	 34.18370	 64.96000
109.20000	 33.75150	 64.24000
109.80000	 32.39929	 62.18000
110.40000	 34.97633	 65.67000
111.00000	 36.26198	 67.51000
111.60000	 37.25624	 69.03000
112.20000	 36.80141	 68.54000
112.80000	 36.69011	 68.50000
113.40000	 36.57048	 68.43000
114.00000	 38.49387	 71.26000
114.60000	 37.99362	 70.74000
115.20000	 37.31537	 69.92000
115.80000	 35.62920	 67.61000
116.40000	 34.52165	 66.02000
117.00000	 34.07435	 65.31000
117.60000	 35.10075	 66.68000
118.20000	 35.46993	 67.18000
118.80000	 35.45632	 67.16000
119.40000	 35.39947	 67.08000
120.00000	 33.94730	 65.02000
120.60000	 33.28959	 64.02000
121.20000	 34.81424	 66.09000
121.80000	 34.95447	 66.28000
122.40000	 34.86151	 66.15000
123.00000	 33.63074	 64.41000
123.60000	 33.07102	 63.57000
124.20000	 32.67017	 62.94000
124.80000	 34.81067	 65.89000
125.40000	 34.73662	 65.81000
126.00000	 34.98332	 66.18000
126.60000	 32.48179	 62.69000
127.20000	 33.51761	 64.09000
127.80000	 34.20832	 65.05000
128.40000	 35.45557	 66.82000
129.00000	 36.13208	 67.83000
129.60000	 36.58962	 68.55000
130.20000	 35.79399	 67.52000
130.80000	 35.89778	 67.72000
131.40000	 37.41592	 69.90000
132.00000	 38.42884	 71.41000
132.60000	 38.62888	 71.80000
133.20000	 37.53944	 70.38000
133.80000	 36.63523	 69.18000
134.40000	 35.90181	 68.19000
135.00000	 35.33315	 67.41000
