  0.00000	 36.08129	 68.50000
  0.60000	 36.04131	 68.75000
  1.20000	 35.38839	 68.07000
  1.80000	 34.59424	 66.48000
  2.40000	 35.08789	 65.66000
  3.00000	 37.80548	 68.24000
  3.60000	 36.32216	 68.35000
  4.20000	 35.83459	 68.34000
  4.80000	 35.01197	 67.24000
  5.40000	 35.35046	 66.71000
  6.00000	 35.93143	 66.81000
  6.60000	 37.89783	 69.39000
  7.20000	 37.37190	 70.91000
  7.80000	 36.78671	 71.91000
  8.40000	 35.17832	 70.87000
  9.00000	 35.50380	 70.53000
  9.60000	 35.70099	 70.25000
 10.20000	 37.35818	 72.12000
 10.80000	 36.33567	 72.32000
 11.40000	 36.06388	 72.50000
 12.00000	 32.71063	 68.27000
 12.60000	 35.52567	 68.41000
 13.20000	 36.11528	 68.49000
 13.80000	 36.73983	 69.49000
 14.40000	 36.74789	 70.43000
 15.00000	 36.56442	 71.17000
 15.60000	 33.57518	 68.03000
 16.20000	 34.94094	 67.29000
 16.80000	 35.25056	 66.45000
 17.40000	 37.24535	 68.27000
 18.00000	 36.05284	 68.15000
 18.60000	 35.98873	 68.35000
 19.20000	 33.50951	 65.23000
 19.80000	 35.20823	 64.85000
 20.40000	 35.52285	 64.35000
 21.00000	 37.65180	 66.71000
 21.60000	 36.67563	 67.38000
 22.20000	 36.50005	 68.18000
 22.80000	 33.86806	 65.49000
 23.40000	 35.40358	 65.34000
 24.00000	 35.57796	 64.90000
 24.60000	 36.93356	 66.32000
 25.20000	 36.39946	 66.78000
 25.80000	 36.39062	 67.44000
 26.40000	 33.67966	 64.51000
 27.00000	 34.42985	 63.13000
 27.60000	 36.46534	 64.06000
 28.20000	 36.62671	 64.84000
 28.80000	 36.03572	 64.98000
 29.40000	 35.96052	 65.16000
 30.00000	 34.09915	 62.87000
 30.60000	 34.64358	 61.68000
 31.20000	 37.52990	 64.02000
 31.80000	 36.65136	 64.65000
 32.40000	 36.20292	 65.10000
 33.00000	 34.25795	 63.03000
 33.60000	 35.64448	 63.14000
 34.20000	 35.92542	 63.18000
 34.80000	 37.47043	 65.29000
 35.40000	 36.70721	 66.10000
 36.00000	 36.84814	 67.36000
 36.60000	 34.09742	 64.92000
 37.20000	 34.67934	 63.82000
 37.80000	 36.14515	 64.31000
 38.40000	 37.20741	 65.93000
 39.00000	 36.72191	 66.81000
 39.60000	 36.89977	 68.10000
 40.20000	 33.70260	 65.12000
 40.80000	 33.70280	 62.82000
 41.40000	 37.88816	 65.76000
 42.00000	 37.31961	 67.08000
 42.60000	 37.18132	 68.66000
 43.20000	 34.74312	 67.03000
 43.80000	 35.04654	 66.28000
 44.40000	 35.67688	 66.10000
 45.00000	 37.24377	 67.86000
 45.60000	 36.85189	 68.83000
 46.20000	 36.84777	 69.99000
 46.80000	 33.91980	 67.28000
 47.40000	 33.83677	 65.07000
 48.00000	 37.78789	 67.83000
 48.60000	 36.52858	 68.11000
 49.20000	 36.05285	 68.34000
 49.80000	 35.09226	 67.32000
 50.40000	 35.21798	 66.62000
 51.00000	 33.67006	 63.80000
 51.60000	 37.47095	 66.30000
 52.20000	 37.39898	 67.80000
 52.80000	 37.56672	 69.82000
 53.40000	 33.97123	 67.09000
 54.00000	 34.33499	 65.59000
 54.60000	 35.98633	 65.90000
 55.20000	 37.76512	 68.22000
 55.80000	 37.23841	 69.61000
 56.40000	 37.51510	 71.60000
 57.00000	 33.69090	 68.47000
 57.60000	 33.86603	 66.38000
 58.20000	 36.75853	 67.75000
 58.80000	 37.09489	 68.97000
 59.40000	 36.39889	 69.44000
 60.00000	 37.70528	 71.79000
 60.60000	 33.19801	 67.90000
 61.20000	 33.23461	 65.10000
 61.80000	 36.83260	 66.67000
 62.40000	 36.57570	 67.16000
 63.00000	 35.82908	 67.02000
 63.60000	 36.71856	 68.19000
 64.20000	 32.86650	 64.07000
 64.80000	 32.98533	 60.99000
 65.40000	 36.25229	 61.89000
 66.00000	 36.47976	 62.43000
 66.60000	 36.03238	 62.61000
 67.20000	 36.69532	 63.78000
 67.80000	 33.77518	 60.95000
 68.40000	 34.09248	 59.20000
 69.00000	 36.36032	 60.14000
 69.60000	 37.66386	 62.34000
 70.20000	 37.20909	 63.85000
 70.80000	 38.51299	 67.25000
 71.40000	 34.31343	 64.82000
 72.00000	 34.34545	 63.39000
 72.60000	 37.13084	 65.27000
 73.20000	 37.63793	 67.22000
 73.80000	 36.78620	 68.16000
 74.40000	 38.09647	 71.02000
 75.00000	 33.00188	 66.85000
 75.60000	 33.17851	 64.07000
 76.20000	 35.68039	 64.15000
 76.80000	 36.78131	 65.17000
 77.40000	 36.67195	 66.03000
 78.00000	 35.98649	 66.11000
 78.60000	 36.87477	 67.48000
 79.20000	 36.74780	 68.43000
 79.80000	 34.21660	 66.15000
 80.40000	 35.79168	 66.45000
 81.00000	 36.33034	 66.93000
 81.60000	 37.27475	 68.65000
 82.20000	 36.46928	 69.16000
 82.80000	 35.82665	 69.06000
 83.40000	 35.04416	 68.00000
 84.00000	 34.54715	 66.40000
 84.60000	 35.23340	 65.75000
 85.20000	 36.80769	 66.99000
 85.80000	 36.21805	 67.19000
 86.40000	 35.60735	 66.84000
 87.00000	 35.36722	 66.26000
 87.60000	 32.19080	 61.53000
 88.20000	 37.44687	 64.34000
 88.80000	 37.97620	 66.51000
 89.40000	 36.90756	 67.57000
 90.00000	 36.92760	 68.92000
 90.60000	 36.90007	 70.12000
 91.20000	 33.00690	 66.21000
 91.80000	 36.24742	 67.35000
 92.40000	 36.89369	 68.36000
 93.00000	 37.19313	 69.87000
 93.60000	 36.88730	 70.97000
 94.20000	 36.21420	 71.26000
 94.80000	 34.11019	 68.90000
 95.40000	 35.00005	 68.09000
 96.00000	 35.61982	 67.75000
 96.60000	 37.18128	 69.40000
 97.20000	 35.69045	 68.83000
 97.80000	 35.17472	 68.02000
 98.40000	 35.59018	 67.75000
 99.00000	 34.01994	 65.30000
 99.60000	 35.05498	 64.58000
100.20000	 37.26373	 66.43000
100.80000	 37.27050	 67.91000
101.40000	 35.92661	 67.80000
102.00000	 36.01447	 68.08000
102.60000	 33.96822	 65.55000
103.20000	 37.65846	 68.28000
103.80000	 37.54526	 69.93000
104.40000	 36.27277	 70.21000
105.00000	 35.19971	 69.34000
105.60000	 35.08971	 68.44000
106.20000	 32.47482	 64.06000
106.80000	 36.32788	 65.28000
107.40000	 36.60730	 65.88000
108.00000	 36.28798	 66.31000
108.60000	 34.84833	 64.96000
109.20000	 35.11839	 64.24000
109.80000	 34.21809	 62.18000
110.40000	 38.29348	 65.67000
111.00000	 37.73544	 67.51000
111.60000	 37.17273	 69.03000
112.20000	 35.58983	 68.54000
112.80000	 35.73343	 68.50000
113.40000	 35.83752	 68.43000
114.00000	 38.06967	 71.26000
114.60000	 35.86652	 70.74000
115.20000	 35.16028	 69.92000
115.80000	 34.03785	 67.61000
116.40000	 34.44828	 66.02000
117.00000	 35.23713	 65.31000
117.60000	 36.91339	 66.68000
118.20000	 36.45938	 67.18000
118.80000	 35.88820	 67.16000
119.40000	 35.77913	 67.08000
120.00000	 34.28603	 65.02000
120.60000	 34.85943	 64.02000
121.20000	 37.37680	 66.09000
121.80000	 36.30654	 66.28000
122.40000	 35.74053	 66.15000
123.00000	 34.48084	 64.41000
123.60000	 35.00184	 63.57000
124.20000	 35.31264	 62.94000
124.80000	 38.06112	 65.89000
125.40000	 36.16456	 65.81000
126.00000	 36.04830	 66.18000
126.60000	 33.19291	 62.69000
127.20000	 36.48308	 64.09000
127.80000	 36.83630	 65.05000
128.40000	 37.32082	 66.82000
129.00000	 36.79649	 67.83000
129.60000	 36.47733	 68.55000
130.20000	 35.13334	 67.52000
130.80000	 35.88640	 67.72000
131.40000	 37.60432	 69.90000
132.00000	 37.33191	 71.41000
132.60000	 36.34066	 71.80000
133.20000	 34.82482	 70.38000
133.80000	 34.81658	 69.18000
134.40000	 35.06341	 68.19000
135.00000	 35.25496	 67.41000
