  0.00000	 75.83170	 89.36000
  0.60000	 82.69683	 95.66000
  1.20000	 79.50638	 92.89000
  1.80000	 77.36766	 91.02000
  2.40000	 72.24818	 86.38000
  3.00000	 80.94939	 94.27000
  3.60000	 77.04397	 90.83000
  4.20000	 74.60571	 88.63000
  4.80000	 67.98004	 82.55000
  5.40000	 72.99817	 86.96000
  6.00000	 74.88420	 88.65000
  6.60000	 72.14611	 86.15000
  7.20000	 64.86454	 79.42000
  7.80000	 71.37263	 85.11000
  8.40000	 74.65082	 88.05000
  9.00000	 73.92995	 87.41000
  9.60000	 63.92133	 78.25000
 10.20000	 70.08750	 83.59000
 10.80000	 73.69616	 86.80000
 11.40000	 76.03985	 88.95000
 12.00000	 64.56535	 78.53000
 12.60000	 70.82510	 83.97000
 13.20000	 74.75597	 87.49000
 13.80000	 78.75429	 91.19000
 14.40000	 70.14040	 83.48000
 15.00000	 74.16454	 87.05000
 15.60000	 76.32386	 89.04000
 16.20000	 77.77089	 90.45000
 16.80000	 70.98586	 84.38000
 17.40000	 72.74298	 85.90000
 18.00000	 73.39076	 86.45000
 18.60000	 75.58630	 88.44000
 19.20000	 70.76634	 84.09000
 19.80000	 68.71914	 82.12000
 20.40000	 70.49444	 83.56000
 21.00000	 74.81542	 87.38000
 21.60000	 70.52204	 83.48000
 22.20000	 68.65513	 81.67000
 22.80000	 72.28296	 84.80000
 23.40000	 78.21036	 90.15000
 24.00000	 73.14345	 85.68000
 24.60000	 70.49023	 83.27000
 25.20000	 72.92873	 85.39000
 25.80000	 81.70205	 93.37000
 26.40000	 75.07116	 87.61000
 27.00000	 71.43473	 84.40000
 27.60000	 72.23105	 85.06000
 28.20000	 80.39700	 92.45000
 28.80000	 76.79017	 89.40000
 29.40000	 74.93791	 87.88000
 30.00000	 75.14847	 88.15000
 30.60000	 83.71010	 96.04000
 31.20000	 77.91510	 91.16000
 31.80000	 74.62645	 88.41000
 32.40000	 75.60094	 89.37000
 33.00000	 81.98666	 95.27000
 33.60000	 76.85235	 90.92000
 34.20000	 74.05556	 88.55000
 34.80000	 75.09194	 89.51000
 35.40000	 84.15770	 97.81000
 36.00000	 78.38302	 92.97000
 36.60000	 74.97264	 90.14000
 37.20000	 76.82724	 91.91000
 37.80000	 87.44711	101.72000
 38.40000	 80.41644	 95.93000
 39.00000	 75.93057	 92.28000
 39.60000	 76.68664	 93.13000
 40.20000	 82.28484	 98.35000
 40.80000	 77.59667	 94.44000
 41.40000	 74.80645	 92.11000
 42.00000	 75.07108	 92.37000
 42.60000	 82.64698	 99.26000
 43.20000	 76.20415	 93.73000
 43.80000	 72.24671	 90.26000
 44.40000	 74.72911	 92.38000
 45.00000	 78.11667	 95.36000
 45.60000	 73.75160	 91.46000
 46.20000	 71.10308	 88.96000
 46.80000	 75.53822	 92.72000
 47.40000	 78.19220	 95.03000
 48.00000	 72.76304	 90.18000
 48.60000	 69.05028	 86.67000
 49.20000	 69.80443	 86.93000
 49.80000	 71.31311	 87.80000
 50.40000	 71.33094	 87.37000
 51.00000	 68.27402	 84.16000
 51.60000	 66.60941	 82.05000
 52.20000	 66.76568	 81.43000
 52.80000	 71.78006	 85.19000
 53.40000	 68.95856	 82.08000
 54.00000	 68.32105	 80.92000
 54.60000	 68.48169	 80.43000
 55.20000	 76.82767	 87.41000
 55.80000	 74.47824	 85.15000
 56.40000	 71.92820	 82.80000
 57.00000	 70.66431	 81.50000
 57.60000	 77.43138	 87.40000
 58.20000	 77.09463	 87.19000
 58.80000	 76.52970	 86.93000
 59.40000	 74.31826	 85.20000
 60.00000	 77.39537	 88.17000
 60.60000	 79.34146	 90.25000
 61.20000	 80.49716	 91.81000
 61.80000	 78.75776	 90.90000
 62.40000	 81.13833	 93.72000
 63.00000	 83.78511	 96.93000
 63.60000	 84.29096	 98.44000
 64.20000	 79.11899	 94.92000
 64.80000	 79.04679	 95.77000
 65.40000	 80.27124	 97.65000
 66.00000	 79.97739	 98.15000
 66.60000	 72.17965	 91.77000
 67.20000	 74.27362	 93.85000
 67.80000	 73.50752	 93.17000
 68.40000	 73.20178	 92.78000
 69.00000	 66.69441	 86.63000
 69.60000	 71.02212	 89.85000
 70.20000	 73.47714	 91.41000
 70.80000	 75.22321	 92.54000
 71.40000	 67.45306	 85.22000
 72.00000	 72.67768	 89.31000
 72.60000	 75.60209	 91.46000
 73.20000	 77.66331	 93.14000
 73.80000	 69.62520	 85.92000
 74.40000	 72.60972	 88.31000
 75.00000	 74.54049	 89.73000
 75.60000	 75.64511	 90.55000
 76.20000	 71.79025	 87.01000
 76.80000	 80.58604	 94.81000
 77.40000	 78.13024	 92.94000
 78.00000	 76.46984	 91.92000
 78.60000	 71.86420	 88.13000
 79.20000	 79.42039	 95.02000
 79.80000	 76.85608	 93.08000
 80.40000	 74.93553	 91.73000
 81.00000	 68.48822	 86.07000
 81.60000	 73.17823	 89.92000
 82.20000	 73.56387	 89.90000
 82.80000	 74.01320	 90.01000
 83.40000	 67.83362	 84.14000
 84.00000	 71.51763	 86.75000
 84.60000	 73.41614	 87.79000
 85.20000	 74.97789	 88.74000
 85.80000	 65.85407	 80.19000
 86.40000	 71.75532	 84.62000
 87.00000	 75.63831	 87.39000
 87.60000	 79.30861	 90.46000
 88.20000	 72.59678	 84.68000
 88.80000	 69.09667	 81.48000
 89.40000	 74.56602	 85.92000
 90.00000	 77.88428	 88.68000
 90.60000	 73.70674	 85.10000
 91.20000	 67.56909	 79.54000
 91.80000	 74.41059	 85.06000
 92.40000	 78.15810	 88.11000
 93.00000	 74.46623	 84.98000
 93.60000	 72.92189	 83.71000
 94.20000	 77.17267	 87.50000
 94.80000	 78.28724	 88.81000
 95.40000	 75.34336	 86.75000
 96.00000	 71.75222	 83.91000
 96.60000	 80.39284	 91.70000
 97.20000	 76.42862	 88.79000
 97.80000	 73.61143	 86.84000
 98.40000	 66.67297	 80.70000
 99.00000	 75.68238	 87.98000
 99.60000	 73.06366	 85.27000
100.20000	 71.79829	 83.76000
100.80000	 65.79919	 77.72000
101.40000	 72.54274	 82.35000
102.00000	 75.87807	 84.36000
102.60000	 75.87011	 84.07000
103.20000	 68.65062	 77.57000
103.80000	 77.85947	 85.15000
104.40000	 76.86608	 84.40000
105.00000	 76.25340	 84.34000
105.60000	 69.23110	 78.49000
106.20000	 74.39034	 82.62000
106.80000	 77.14853	 84.87000
107.40000	 78.27225	 86.27000
108.00000	 72.47007	 81.86000
108.60000	 73.06580	 82.49000
109.20000	 74.34544	 83.46000
109.80000	 78.06838	 86.77000
110.40000	 74.94426	 84.60000
111.00000	 72.37425	 82.69000
111.60000	 72.42091	 82.53000
112.20000	 77.17819	 86.38000
112.80000	 77.51611	 87.06000
113.40000	 72.40306	 83.24000
114.00000	 70.88493	 81.80000
114.60000	 75.86868	 85.54000
115.20000	 78.24974	 87.70000
115.80000	 71.87284	 82.78000
116.40000	 70.03110	 80.89000
117.00000	 74.78960	 84.08000
117.60000	 81.37254	 89.71000
118.20000	 75.46577	 85.95000
118.80000	 72.62503	 84.33000
119.40000	 72.71367	 84.34000
120.00000	 80.21070	 90.70000
120.60000	 76.38529	 88.62000
121.20000	 74.00755	 87.57000
121.80000	 70.83778	 84.98000
122.40000	 78.01905	 90.58000
123.00000	 79.73499	 92.85000
123.60000	 78.26784	 93.40000
124.20000	 72.91239	 90.39000
124.80000	 74.32363	 91.83000
125.40000	 82.30287	 99.08000
126.00000	 75.87724	 95.77000
126.60000	 72.20457	 93.72000
127.20000	 67.95057	 89.39000
127.80000	 76.64762	 94.76000
128.40000	 76.42742	 94.42000
129.00000	 75.00793	 93.74000
129.60000	 68.35985	 87.99000
130.20000	 73.41514	 90.26000
130.80000	 76.48633	 91.87000
131.40000	 76.21524	 92.04000
132.00000	 68.82960	 86.09000
132.60000	 71.52125	 86.35000
133.20000	 75.14643	 87.75000
133.80000	 76.09453	 88.39000
134.40000	 75.46712	 88.49000
135.00000	 75.70943	 89.34000
135.60000	 70.67292	 85.46000
136.20000	 70.06401	 83.25000
136.80000	 70.35520	 80.98000
137.40000	 80.00146	 87.21000
138.00000	 81.33503	 90.72000
138.60000	 70.73598	 85.11000
139.20000	 70.03914	 83.35000
139.80000	 77.87638	 87.91000
140.40000	 79.75905	 91.02000
141.00000	 67.86432	 83.37000
141.60000	 73.07007	 84.93000
142.20000	 75.87469	 86.14000
142.80000	 79.70452	 90.28000
143.40000	 73.38714	 87.78000
144.00000	 71.46714	 85.84000
144.60000	 73.86675	 86.11000
145.20000	 79.01445	 90.17000
145.80000	 76.75899	 90.98000
146.40000	 66.53646	 83.48000
147.00000	 77.54759	 88.39000
147.60000	 79.03385	 91.28000
148.20000	 78.00692	 93.68000
148.80000	 68.69371	 87.96000
149.40000	 74.31416	 89.12000
150.00000	 75.51334	 89.70000
150.60000	 78.53764	 93.17000
151.20000	 67.58866	 86.26000
