  0.00000	 50.85927	 71.68000
  0.60000	 51.72436	 72.25000
  1.20000	 54.04248	 73.82000
  1.80000	 52.80573	 73.00000
  2.40000	 52.97479	 73.12000
  3.00000	 53.28852	 73.34000
  3.60000	 53.58284	 73.55000
  4.20000	 54.00543	 73.85000
  4.80000	 55.31888	 74.76000
  5.40000	 56.02325	 75.27000
  6.00000	 55.51324	 74.96000
  6.60000	 56.33941	 75.55000
  7.20000	 55.34605	 74.91000
  7.80000	 54.12406	 74.10000
  8.40000	 54.45475	 74.33000
  9.00000	 51.20778	 72.13000
  9.60000	 48.97391	 70.58000
 10.20000	 49.53954	 70.91000
 10.80000	 47.92808	 69.77000
 11.40000	 46.92778	 69.03000
 12.00000	 47.43781	 69.31000
 12.60000	 43.88848	 66.84000
 13.20000	 47.15744	 68.97000
 13.80000	 49.88860	 70.78000
 14.40000	 52.81664	 72.76000
 15.00000	 54.70727	 74.07000
 15.60000	 55.62667	 74.74000
 16.20000	 53.82989	 73.57000
 16.80000	 55.12821	 74.48000
 17.40000	 56.40702	 75.39000
 18.00000	 56.68303	 75.63000
 18.60000	 56.51903	 75.57000
 19.20000	 52.89407	 73.15000
 19.80000	 52.39536	 72.81000
 20.40000	 51.49372	 72.19000
 21.00000	 50.62174	 71.58000
 21.60000	 50.58638	 71.53000
 22.20000	 46.05001	 68.42000
 22.80000	 43.04535	 66.30000
 23.40000	 44.06875	 66.89000
 24.00000	 44.22447	 66.91000
 24.60000	 44.54418	 67.05000
 25.20000	 45.89341	 67.90000
 25.80000	 43.30083	 66.09000
 26.40000	 46.20244	 67.99000
 27.00000	 48.31023	 69.39000
 27.60000	 50.28920	 70.73000
 28.20000	 50.04238	 70.58000
 28.80000	 49.97823	 70.55000
 29.40000	 48.79941	 69.76000
 30.00000	 53.86129	 73.20000
 30.60000	 51.41034	 71.59000
 31.20000	 50.05216	 70.69000
 31.80000	 47.58836	 69.02000
 32.40000	 49.69631	 70.43000
 33.00000	 52.89699	 72.61000
 33.60000	 54.73374	 73.90000
 34.20000	 55.38154	 74.40000
 34.80000	 54.70153	 74.00000
 35.40000	 51.40878	 71.81000
 36.00000	 51.66330	 71.99000
 36.60000	 51.26741	 71.73000
 37.20000	 51.68804	 72.02000
 37.80000	 47.45606	 69.15000
 38.40000	 46.54781	 68.49000
 39.00000	 46.23882	 68.23000
 39.60000	 47.39982	 68.97000
 40.20000	 48.75552	 69.86000
 40.80000	 48.08452	 69.39000
 41.40000	 47.74706	 69.14000
 42.00000	 48.64814	 69.73000
 42.60000	 48.44303	 69.58000
 43.20000	 48.69603	 69.74000
 43.80000	 48.66393	 69.71000
 44.40000	 47.80817	 69.12000
 45.00000	 47.43687	 68.85000
 45.60000	 46.73196	 68.35000
 46.20000	 45.97821	 67.81000
 46.80000	 43.45563	 66.06000
 47.40000	 42.14929	 65.11000
 48.00000	 42.77008	 65.46000
 48.60000	 43.68071	 66.02000
 49.20000	 44.81868	 66.75000
 49.80000	 46.63753	 67.96000
 50.40000	 45.96640	 67.50000
 51.00000	 49.14366	 69.65000
 51.60000	 51.10292	 71.01000
 52.20000	 51.98721	 71.66000
 52.80000	 50.81795	 70.92000
 53.40000	 49.86638	 70.31000
 54.00000	 49.17085	 69.86000
 54.60000	 49.13695	 69.85000
 55.20000	 47.38503	 68.67000
 55.80000	 46.51763	 68.07000
 56.40000	 42.56221	 65.36000
 57.00000	 44.45128	 66.58000
 57.60000	 48.68195	 69.42000
 58.20000	 51.49678	 71.35000
 58.80000	 51.75018	 71.57000
 59.40000	 52.53370	 72.15000
 60.00000	 50.94189	 71.12000
 60.60000	 53.14736	 72.65000
 61.20000	 54.27403	 73.47000
 61.80000	 54.53435	 73.71000
 62.40000	 53.47403	 73.05000
 63.00000	 51.70399	 71.89000
 63.60000	 50.41081	 71.03000
 64.20000	 49.80401	 70.62000
 64.80000	 49.69328	 70.54000
 65.40000	 48.42254	 69.67000
 66.00000	 47.51144	 69.03000
 66.60000	 45.29081	 67.49000
 67.20000	 45.44312	 67.54000
 67.80000	 46.04257	 67.90000
 68.40000	 47.33188	 68.74000
 69.00000	 49.99121	 70.53000
 69.60000	 48.85312	 69.77000
 70.20000	 48.36851	 69.44000
 70.80000	 49.70066	 70.34000
 71.40000	 50.84721	 71.13000
 72.00000	 51.25452	 71.43000
 72.60000	 51.23092	 71.44000
 73.20000	 49.47585	 70.27000
 73.80000	 49.03308	 69.97000
 74.40000	 48.49530	 69.60000
 75.00000	 48.06934	 69.30000
 75.60000	 46.76755	 68.40000
 76.20000	 46.47183	 68.17000
 76.80000	 46.32506	 68.04000
 77.40000	 48.23571	 69.31000
 78.00000	 47.90449	 69.08000
 78.60000	 47.63725	 68.89000
 79.20000	 47.40314	 68.72000
 79.80000	 46.70145	 68.23000
 80.40000	 47.87768	 69.01000
 81.00000	 48.51663	 69.44000
 81.60000	 49.15859	 69.88000
 82.20000	 46.21720	 67.89000
 82.80000	 48.09158	 69.14000
 83.40000	 49.38665	 70.02000
 84.00000	 50.33557	 70.68000
 84.60000	 51.57829	 71.55000
 85.20000	 49.59714	 70.24000
 85.80000	 47.96342	 69.14000
 86.40000	 48.37362	 69.41000
 87.00000	 46.29113	 67.99000
 87.60000	 45.22951	 67.24000
 88.20000	 45.72698	 67.54000
 88.80000	 45.40292	 67.29000
 89.40000	 47.12468	 68.43000
 90.00000	 48.82767	 69.58000
 90.60000	 50.17656	 70.51000
 91.20000	 51.40039	 71.37000
 91.80000	 53.97324	 73.16000
 92.40000	 55.25609	 74.10000
 93.00000	 54.59819	 73.73000
 93.60000	 52.75489	 72.54000
 94.20000	 51.93593	 72.02000
 94.80000	 50.81203	 71.28000
 95.40000	 49.26944	 70.24000
 96.00000	 45.34371	 67.56000
 96.60000	 42.63203	 65.66000
 97.20000	 41.94618	 65.11000
 97.80000	 42.46851	 65.38000
 98.40000	 43.47201	 65.99000
 99.00000	 42.56801	 65.32000
 99.60000	 46.34866	 67.83000
100.20000	 49.17446	 69.74000
100.80000	 51.28797	 71.20000
101.40000	 52.30859	 71.94000
102.00000	 52.91956	 72.41000
102.60000	 53.21726	 72.67000
103.20000	 53.89848	 73.19000
103.80000	 53.51569	 72.99000
104.40000	 49.92667	 70.60000
105.00000	 47.08221	 68.67000
105.60000	 47.43412	 68.88000
106.20000	 45.95368	 67.85000
106.80000	 45.01098	 67.17000
107.40000	 42.63960	 65.51000
108.00000	 44.22962	 66.52000
108.60000	 45.73986	 67.50000
109.20000	 47.43895	 68.63000
109.80000	 47.98816	 69.00000
110.40000	 48.98311	 69.68000
111.00000	 49.66703	 70.16000
111.60000	 50.23777	 70.57000
112.20000	 50.02181	 70.45000
112.80000	 49.88612	 70.38000
113.40000	 49.72592	 70.29000
114.00000	 49.89409	 70.42000
114.60000	 49.81117	 70.38000
115.20000	 50.15789	 70.63000
115.80000	 46.33958	 68.05000
116.40000	 48.17634	 69.27000
117.00000	 49.12524	 69.91000
117.60000	 49.55709	 70.21000
118.20000	 47.62981	 68.91000
118.80000	 46.53120	 68.15000
119.40000	 46.06782	 67.81000
120.00000	 47.97674	 69.08000
120.60000	 47.39403	 68.68000
121.20000	 47.49728	 68.74000
121.80000	 42.95184	 65.64000
122.40000	 45.67378	 67.43000
123.00000	 47.63586	 68.74000
123.60000	 47.81141	 68.86000
124.20000	 48.80719	 69.54000
124.80000	 49.28607	 69.88000
125.40000	 47.28829	 68.54000
126.00000	 49.25277	 69.87000
126.60000	 50.13858	 70.49000
127.20000	 50.51102	 70.77000
127.80000	 51.55623	 71.51000
128.40000	 49.71966	 70.30000
129.00000	 48.46342	 69.46000
129.60000	 49.25959	 70.00000
130.20000	 48.18935	 69.28000
130.80000	 47.07981	 68.52000
131.40000	 46.07724	 67.82000
132.00000	 43.72287	 66.19000
132.60000	 44.96414	 66.98000
133.20000	 46.33947	 67.88000
133.80000	 48.78944	 69.53000
134.40000	 49.70997	 70.17000
135.00000	 51.42454	 71.36000
135.60000	 54.58207	 73.55000
136.20000	 56.80721	 75.14000
136.80000	 56.89978	 75.30000
137.40000	 56.94278	 75.42000
138.00000	 57.92147	 76.17000
138.60000	 57.64297	 76.07000
139.20000	 55.86510	 74.94000
139.80000	 54.45057	 74.03000
140.40000	 51.33182	 71.94000
141.00000	 51.31422	 71.92000
141.60000	 51.00209	 71.70000
142.20000	 51.31202	 71.90000
142.80000	 47.44004	 69.26000
143.40000	 48.55985	 69.97000
144.00000	 49.52215	 70.59000
144.60000	 51.34587	 71.81000
145.20000	 50.56268	 71.28000
145.80000	 51.45467	 71.88000
146.40000	 51.88934	 72.18000
147.00000	 52.44922	 72.57000
147.60000	 55.72018	 74.81000
148.20000	 50.30595	 71.18000
148.80000	 48.47615	 69.92000
149.40000	 54.40977	 73.92000
150.00000	 60.35369	 78.00000
150.60000	 62.11099	 79.30000
151.20000	 62.95248	 79.99000
151.80000	 62.88100	 80.06000
152.40000	 61.91259	 79.51000
153.00000	 50.04992	 71.53000
153.60000	 47.57776	 69.79000
154.20000	 48.52388	 70.35000
154.80000	 48.97374	 70.59000
155.40000	 48.58501	 70.27000
156.00000	 49.69634	 70.97000
156.60000	 46.75375	 68.93000
157.20000	 48.20973	 69.85000
157.80000	 49.00036	 70.34000
158.40000	 48.50743	 69.97000
159.00000	 46.54897	 68.60000
159.60000	 47.50190	 69.19000
160.20000	 48.06420	 69.53000
160.80000	 48.64129	 69.89000
161.40000	 48.86650	 70.02000
162.00000	 47.08572	 68.79000
162.60000	 46.58348	 68.41000
163.20000	 48.02634	 69.35000
163.80000	 47.83694	 69.20000
164.40000	 49.17739	 70.09000
165.00000	 48.21327	 69.43000
165.60000	 47.85348	 69.17000
166.20000	 49.82115	 70.49000
166.80000	 50.64986	 71.06000
167.40000	 48.86258	 69.86000
168.00000	 47.81384	 69.14000
168.60000	 47.78239	 69.10000
169.20000	 48.04347	 69.26000
169.80000	 48.15100	 69.32000
170.40000	 46.65268	 68.29000
171.00000	 46.09073	 67.88000
171.60000	 47.65254	 68.91000
172.20000	 49.55107	 70.19000
172.80000	 48.48955	 69.48000
173.40000	 47.71245	 68.95000
174.00000	 47.11047	 68.53000
174.60000	 46.31198	 67.97000
175.20000	 47.11331	 68.49000
175.80000	 46.98638	 68.39000
176.40000	 45.99269	 67.70000
177.00000	 43.04468	 65.67000
177.60000	 43.46784	 65.90000
178.20000	 44.03894	 66.24000
178.80000	 44.68282	 66.64000
179.40000	 47.06070	 68.23000
180.00000	 46.43901	 67.81000
180.60000	 46.35765	 67.75000
181.20000	 48.95291	 69.51000
181.80000	 50.00281	 70.25000
182.40000	 49.72880	 70.10000
183.00000	 49.50773	 69.98000
183.60000	 46.25068	 67.79000
184.20000	 46.36111	 67.85000
184.80000	 46.40922	 67.87000
185.40000	 46.57268	 67.97000
186.00000	 45.45297	 67.20000
186.60000	 45.71907	 67.36000
187.20000	 47.27197	 68.40000
187.80000	 50.60429	 70.67000
188.40000	 51.70306	 71.46000
189.00000	 52.15520	 71.82000
189.60000	 50.88524	 71.01000
190.20000	 51.74580	 71.63000
190.80000	 51.37507	 71.42000
191.40000	 50.63329	 70.95000
192.00000	 50.21706	 70.69000
192.60000	 47.39963	 68.79000
193.20000	 45.83867	 67.71000
193.80000	 45.50848	 67.45000
194.40000	 47.28245	 68.62000
195.00000	 47.47773	 68.74000
195.60000	 48.80013	 69.63000
196.20000	 48.51064	 69.44000
196.80000	 56.66572	 74.99000
197.40000	 58.76904	 76.52000
198.00000	 60.19977	 77.61000
198.60000	 60.83949	 78.17000
199.20000	 60.48237	 78.05000
199.80000	 60.24822	 78.00000
200.40000	 61.22133	 78.76000
201.00000	 61.83571	 79.28000
201.60000	 58.27559	 76.96000
202.20000	 55.25934	 74.96000
202.80000	 55.35953	 75.04000
203.40000	 53.73931	 73.95000
204.00000	 52.28098	 72.95000
204.60000	 52.36148	 72.98000
205.20000	 49.64451	 71.11000
205.80000	 48.81009	 70.49000
206.40000	 50.29256	 71.44000
207.00000	 50.93406	 71.84000
207.60000	 52.45706	 72.85000
208.20000	 53.28901	 73.41000
208.80000	 51.85638	 72.44000
209.40000	 53.77177	 73.73000
210.00000	 52.68265	 73.00000
210.60000	 51.67246	 72.31000
211.20000	 49.65045	 70.92000
211.80000	 48.85288	 70.34000
212.40000	 48.06504	 69.76000
213.00000	 47.59471	 69.39000
213.60000	 46.70060	 68.73000
214.20000	 45.88974	 68.12000
214.80000	 42.88118	 66.01000
215.40000	 44.51951	 67.03000
216.00000	 46.35401	 68.21000
216.60000	 47.56079	 68.99000
217.20000	 48.96241	 69.92000
217.80000	 46.91144	 68.52000
218.40000	 46.14522	 67.97000
219.00000	 47.00635	 68.52000
219.60000	 49.23045	 70.01000
220.20000	 50.69284	 71.01000
220.80000	 51.39519	 71.51000
221.40000	 50.74991	 71.10000
222.00000	 47.26696	 68.75000
222.60000	 49.41880	 70.19000
223.20000	 50.17805	 70.71000
223.80000	 49.66007	 70.37000
224.40000	 48.37328	 69.50000
225.00000	 46.33031	 68.10000
225.60000	 45.18919	 67.29000
226.20000	 45.35796	 67.36000
226.80000	 46.59201	 68.16000
227.40000	 44.21290	 66.52000
228.00000	 43.66633	 66.10000
228.60000	 46.18189	 67.76000
229.20000	 48.75081	 69.49000
229.80000	 49.00889	 69.68000
230.40000	 49.57275	 70.08000
231.00000	 49.07011	 69.76000
231.60000	 52.70986	 72.25000
232.20000	 53.12698	 72.59000
232.80000	 53.32254	 72.78000
233.40000	 50.21320	 70.72000
234.00000	 50.56029	 70.97000
234.60000	 50.32965	 70.83000
235.20000	 49.11991	 70.02000
235.80000	 47.49163	 68.91000
236.40000	 46.28843	 68.07000
237.00000	 43.17787	 65.92000
237.60000	 44.23415	 66.57000
238.20000	 45.47025	 67.36000
238.80000	 47.69348	 68.84000
239.40000	 46.78696	 68.22000
240.00000	 49.36537	 69.96000
240.60000	 51.17697	 71.21000
241.20000	 53.22357	 72.64000
241.80000	 52.94527	 72.51000
242.40000	 52.06095	 71.96000
243.00000	 50.09521	 70.66000
243.60000	 48.81480	 69.80000
244.20000	 47.79321	 69.10000
244.80000	 47.14172	 68.64000
245.40000	 43.55937	 66.18000
246.00000	 43.99156	 66.41000
246.60000	 44.27682	 66.55000
247.20000	 46.22701	 67.83000
247.80000	 44.66837	 66.75000
248.40000	 44.26661	 66.44000
249.00000	 45.55845	 67.28000
249.60000	 46.36770	 67.81000
250.20000	 47.74857	 68.74000
250.80000	 48.86909	 69.51000
251.40000	 48.85361	 69.52000
252.00000	 50.31084	 70.53000
252.60000	 50.65688	 70.80000
253.20000	 50.23627	 70.55000
253.80000	 46.03398	 67.72000
254.40000	 47.65647	 68.80000
255.00000	 48.33668	 69.26000
255.60000	 47.91676	 68.98000
256.20000	 46.22571	 67.83000
256.80000	 45.16693	 67.09000
257.40000	 44.78598	 66.80000
258.00000	 44.99629	 66.91000
258.60000	 47.08105	 68.30000
259.20000	 48.49416	 69.26000
259.80000	 48.60341	 69.35000
260.40000	 50.47668	 70.64000
261.00000	 49.79041	 70.21000
261.60000	 49.20839	 69.84000
262.20000	 47.66912	 68.81000
262.80000	 48.54028	 69.40000
263.40000	 48.08758	 69.10000
264.00000	 47.84945	 68.94000
264.60000	 47.38048	 68.62000
265.20000	 48.06631	 69.08000
265.80000	 48.46014	 69.35000
266.40000	 48.46509	 69.36000
267.00000	 48.04433	 69.08000
267.60000	 48.36669	 69.30000
268.20000	 48.47771	 69.38000
268.80000	 51.99809	 71.78000
269.40000	 50.95905	 71.12000
270.00000	 49.95795	 70.47000
270.60000	 47.80166	 69.02000
271.20000	 47.93421	 69.10000
271.80000	 47.47531	 68.78000
272.40000	 47.09703	 68.51000
273.00000	 43.98939	 66.38000
273.60000	 43.09521	 65.72000
274.20000	 42.62252	 65.34000
274.80000	 44.34206	 66.45000
275.40000	 43.81969	 66.06000
276.00000	 44.41978	 66.43000
276.60000	 46.37239	 67.73000
277.20000	 49.64036	 69.95000
277.80000	 52.14536	 71.69000
278.40000	 53.90500	 72.95000
279.00000	 53.70040	 72.89000
279.60000	 54.77257	 73.69000
280.20000	 54.77553	 73.77000
280.80000	 54.39024	 73.58000
281.40000	 51.41758	 71.62000
282.00000	 49.13587	 70.09000
282.60000	 47.73447	 69.13000
283.20000	 47.98868	 69.28000
283.80000	 45.22209	 67.38000
284.40000	 43.92768	 66.45000
285.00000	 41.68000	 64.86000
285.60000	 46.00689	 67.72000
286.20000	 48.99950	 69.73000
286.80000	 50.61381	 70.84000
287.40000	 48.67283	 69.55000
288.00000	 51.89990	 71.75000
288.60000	 53.68944	 73.01000
289.20000	 54.11467	 73.36000
289.80000	 52.73097	 72.48000
290.40000	 51.12832	 71.43000
291.00000	 48.33790	 69.55000
291.60000	 47.99454	 69.30000
292.20000	 47.31727	 68.82000
292.80000	 47.39942	 68.85000
293.40000	 43.96353	 66.49000
294.00000	 46.06863	 67.86000
294.60000	 48.14492	 69.24000
295.20000	 49.88731	 70.42000
295.80000	 54.43613	 73.53000
296.40000	 53.98240	 73.29000
297.00000	 53.48533	 73.01000
297.60000	 55.34106	 74.32000
298.20000	 55.09693	 74.22000
298.80000	 54.24697	 73.70000
299.40000	 51.09549	 71.60000
300.00000	 49.88566	 70.78000
300.60000	 48.68263	 69.95000
301.20000	 47.89623	 69.39000
301.80000	 46.13572	 68.16000
302.40000	 45.28434	 67.53000
303.00000	 44.32449	 66.82000
303.60000	 47.27090	 68.76000
304.20000	 49.01208	 69.92000
304.80000	 50.14672	 70.69000
305.40000	 49.20310	 70.06000
306.00000	 50.23253	 70.76000
306.60000	 50.74418	 71.12000
307.20000	 50.80719	 71.18000
307.80000	 50.87102	 71.24000
308.40000	 49.06848	 70.03000
309.00000	 47.76959	 69.14000
309.60000	 48.21276	 69.42000
310.20000	 46.91103	 68.52000
310.80000	 45.96845	 67.85000
311.40000	 44.21578	 66.62000
312.00000	 46.01782	 67.79000
312.60000	 47.94397	 69.07000
313.20000	 49.50968	 70.13000
313.80000	 50.32711	 70.70000
314.40000	 49.33822	 70.05000
315.00000	 52.60316	 72.28000
315.60000	 54.40096	 73.55000
316.20000	 55.01122	 74.03000
316.80000	 51.04586	 71.40000
317.40000	 51.28830	 71.58000
318.00000	 51.08730	 71.46000
318.60000	 50.24481	 70.90000
319.20000	 48.38934	 69.64000
319.80000	 47.18393	 68.80000
320.40000	 44.61534	 67.02000
321.00000	 45.83676	 67.79000
321.60000	 47.91225	 69.16000
322.20000	 49.46170	 70.20000
322.80000	 49.70347	 70.37000
323.40000	 48.85367	 69.80000
324.00000	 51.34216	 71.49000
324.60000	 52.68441	 72.43000
325.20000	 53.19766	 72.82000
325.80000	 50.41334	 70.97000
326.40000	 50.44635	 71.00000
327.00000	 50.22981	 70.86000
327.60000	 49.92966	 70.66000
328.20000	 49.45879	 70.34000
328.80000	 48.08465	 69.40000
329.40000	 47.30723	 68.85000
330.00000	 48.14349	 69.39000
330.60000	 50.65266	 71.08000
331.20000	 47.77950	 69.14000
331.80000	 46.31046	 68.12000
332.40000	 47.92271	 69.18000
333.00000	 49.03236	 69.92000
333.60000	 50.15036	 70.68000
334.20000	 51.24881	 71.44000
334.80000	 50.97698	 71.28000
335.40000	 55.38780	 74.30000
336.00000	 54.10798	 73.50000
336.60000	 53.37282	 73.05000
337.20000	 53.64115	 73.27000
337.80000	 53.49742	 73.21000
338.40000	 54.37486	 73.84000
339.00000	 55.04964	 74.34000
339.60000	 56.42295	 75.32000
340.20000	 56.20441	 75.23000
340.80000	 55.96684	 75.12000
341.40000	 56.10677	 75.26000
342.00000	 54.67624	 74.33000
342.60000	 53.86354	 73.80000
343.20000	 52.95000	 73.19000
343.80000	 48.99572	 70.50000
344.40000	 49.15327	 70.56000
345.00000	 48.86184	 70.32000
345.60000	 47.32114	 69.23000
346.20000	 46.89046	 68.88000
346.80000	 46.74023	 68.72000
347.40000	 45.57170	 67.87000
348.00000	 47.97512	 69.44000
348.60000	 51.52027	 71.82000
349.20000	 53.94154	 73.48000
349.80000	 56.71893	 75.41000
350.40000	 52.79259	 72.81000
351.00000	 54.74968	 74.16000
351.60000	 55.92515	 75.00000
352.20000	 56.86412	 75.69000
352.80000	 58.29235	 76.72000
353.40000	 55.17414	 74.67000
354.00000	 52.70624	 73.02000
354.60000	 51.84305	 72.43000
355.20000	 51.03876	 71.87000
355.80000	 49.58547	 70.86000
356.40000	 48.21390	 69.89000
357.00000	 42.64269	 66.05000
357.60000	 43.48459	 66.51000
358.20000	 44.16702	 66.88000
358.80000	 44.16534	 66.80000
359.40000	 44.91926	 67.24000
360.00000	 45.47542	 67.56000
360.60000	 44.79505	 67.05000
361.20000	 47.28206	 68.69000
361.80000	 49.08778	 69.90000
362.40000	 50.18364	 70.65000
363.00000	 50.36406	 70.79000
363.60000	 46.72080	 68.33000
364.20000	 50.27335	 70.72000
364.80000	 52.65856	 72.36000
365.40000	 51.59330	 71.68000
366.00000	 49.30188	 70.15000
366.60000	 49.05306	 69.98000
367.20000	 51.41077	 71.58000
367.80000	 54.18278	 73.49000
368.40000	 55.99769	 74.78000
369.00000	 54.81740	 74.05000
369.60000	 53.72462	 73.36000
370.20000	 51.59839	 71.95000
370.80000	 51.40984	 71.83000
371.40000	 50.93154	 71.51000
372.00000	 49.85941	 70.78000
372.60000	 46.92407	 68.77000
373.20000	 45.49383	 67.75000
373.80000	 46.83251	 68.60000
374.40000	 47.70006	 69.15000
375.00000	 48.38621	 69.59000
375.60000	 47.21965	 68.78000
376.20000	 48.17387	 69.40000
376.80000	 48.72598	 69.76000
377.40000	 48.61983	 69.68000
378.00000	 48.91156	 69.87000
378.60000	 48.43278	 69.54000
379.20000	 47.69721	 69.03000
379.80000	 47.72316	 69.03000
380.40000	 45.90898	 67.78000
381.00000	 44.62444	 66.87000
381.60000	 41.94687	 65.00000
382.20000	 42.42726	 65.25000
382.80000	 43.18475	 65.70000
383.40000	 43.96579	 66.18000
384.00000	 45.59482	 67.25000
384.60000	 47.04415	 68.22000
385.20000	 47.64310	 68.63000
385.80000	 50.64294	 70.68000
386.40000	 51.32754	 71.19000
387.00000	 51.41703	 71.30000
387.60000	 50.14322	 70.48000
388.20000	 49.39668	 70.00000
388.80000	 48.88684	 69.67000
389.40000	 48.27019	 69.26000
390.00000	 48.76799	 69.60000
390.60000	 45.15552	 67.15000
391.20000	 44.10604	 66.40000
391.80000	 46.62871	 68.07000
392.40000	 51.30757	 71.24000
393.00000	 51.47824	 71.40000
393.60000	 51.90065	 71.73000
394.20000	 52.42342	 72.13000
394.80000	 52.07467	 71.94000
395.40000	 53.94256	 73.25000
396.00000	 55.26783	 74.21000
396.60000	 53.78323	 73.27000
397.20000	 52.52343	 72.46000
397.80000	 50.59992	 71.18000
398.40000	 50.15392	 70.88000
399.00000	 49.58383	 70.49000
399.60000	 49.05283	 70.12000
400.20000	 48.86824	 69.98000
400.80000	 46.50940	 68.36000
401.40000	 45.27782	 67.48000
402.00000	 45.12152	 67.32000
402.60000	 46.71145	 68.35000
403.20000	 47.90035	 69.13000
403.80000	 49.32989	 70.09000
404.40000	 47.41051	 68.79000
405.00000	 49.15645	 69.96000
405.60000	 50.34081	 70.77000
406.20000	 51.24036	 71.40000
406.80000	 52.09683	 72.01000
407.40000	 50.54507	 70.99000
408.00000	 49.27423	 70.14000
408.60000	 48.89461	 69.88000
409.20000	 48.12449	 69.35000
409.80000	 47.44061	 68.87000
410.40000	 46.56117	 68.25000
411.00000	 45.29766	 67.36000
411.60000	 47.06660	 68.52000
412.20000	 48.09422	 69.20000
412.80000	 47.91090	 69.07000
413.40000	 47.53902	 68.81000
414.00000	 47.37865	 68.69000
414.60000	 47.32276	 68.64000
415.20000	 48.47205	 69.41000
415.80000	 48.51207	 69.44000
416.40000	 48.38995	 69.36000
417.00000	 47.16767	 68.53000
417.60000	 48.58374	 69.48000
418.20000	 49.90020	 70.38000
418.80000	 50.41501	 70.75000
419.40000	 50.58490	 70.89000
420.00000	 48.15236	 69.26000
420.60000	 47.74968	 68.98000
421.20000	 47.27991	 68.65000
421.80000	 45.19996	 67.22000
422.40000	 45.35978	 67.29000
423.00000	 45.82127	 67.57000
423.60000	 46.24150	 67.83000
424.20000	 47.98934	 69.00000
424.80000	 49.61638	 70.11000
425.40000	 51.25951	 71.25000
426.00000	 52.80298	 72.34000
426.60000	 55.48548	 74.22000
427.20000	 54.92248	 73.92000
427.80000	 54.02569	 73.38000
428.40000	 52.44675	 72.36000
429.00000	 52.38629	 72.35000
429.60000	 49.40481	 70.35000
430.20000	 47.19879	 68.84000
430.80000	 43.07489	 66.00000
431.40000	 42.38564	 65.45000
432.00000	 42.16984	 65.22000
432.60000	 43.84497	 66.28000
433.20000	 43.46785	 65.97000
433.80000	 44.42906	 66.57000
434.40000	 47.76386	 68.80000
435.00000	 50.59518	 70.73000
435.60000	 51.77507	 71.57000
436.20000	 52.61508	 72.19000
436.80000	 52.53440	 72.19000
437.40000	 54.76946	 73.76000
438.00000	 53.03114	 72.65000
438.60000	 51.63991	 71.75000
439.20000	 47.05850	 68.66000
439.80000	 47.01451	 68.60000
440.40000	 46.70343	 68.36000
441.00000	 46.37986	 68.11000
441.60000	 44.17675	 66.58000
442.20000	 43.39042	 65.99000
442.80000	 44.72870	 66.84000
443.40000	 46.97782	 68.33000
444.00000	 47.80128	 68.88000
444.60000	 48.49156	 69.35000
445.20000	 49.37566	 69.96000
445.80000	 49.84837	 70.30000
446.40000	 50.12378	 70.51000
447.00000	 49.88237	 70.37000
447.60000	 49.88311	 70.39000
448.20000	 49.82724	 70.37000
448.80000	 49.81847	 70.38000
449.40000	 51.56117	 71.58000
450.00000	 49.15868	 69.98000
450.60000	 47.30168	 68.72000
451.20000	 49.16759	 69.97000
451.80000	 48.91126	 69.80000
452.40000	 48.49811	 69.52000
453.00000	 46.56329	 68.20000
453.60000	 46.52885	 68.15000
454.20000	 46.65380	 68.21000
454.80000	 47.68527	 68.89000
455.40000	 49.26971	 69.96000
456.00000	 46.28281	 67.94000
456.60000	 44.29010	 66.56000
457.20000	 47.22509	 68.51000
457.80000	 47.86916	 68.94000
458.40000	 48.30988	 69.24000
459.00000	 50.28661	 70.59000
459.60000	 48.58348	 69.46000
460.20000	 48.13339	 69.16000
460.80000	 49.66192	 70.20000
461.40000	 50.26708	 70.63000
462.00000	 50.49618	 70.81000
462.60000	 50.54757	 70.87000
463.20000	 47.93986	 69.12000
463.80000	 48.71754	 69.64000
464.40000	 48.74566	 69.66000
465.00000	 48.02359	 69.17000
465.60000	 46.35860	 68.03000
466.20000	 45.30985	 67.29000
466.80000	 44.26172	 66.54000
467.40000	 45.34475	 67.23000
468.00000	 47.21229	 68.47000
468.60000	 49.11737	 69.76000
469.20000	 49.37136	 69.95000
469.80000	 53.47466	 72.76000
470.40000	 55.43568	 74.16000
471.00000	 56.85532	 75.21000
471.60000	 56.21612	 74.87000
472.20000	 57.39231	 75.75000
472.80000	 57.60144	 75.98000
473.40000	 56.81706	 75.53000
474.00000	 55.95284	 75.01000
474.60000	 53.34714	 73.29000
475.20000	 51.36612	 71.96000
475.80000	 51.22997	 71.86000
476.40000	 50.72789	 71.51000
477.00000	 50.04248	 71.03000
477.60000	 47.97080	 69.60000
478.20000	 48.53508	 69.94000
478.80000	 50.24610	 71.07000
479.40000	 51.27662	 71.76000
480.00000	 51.03825	 71.60000
480.60000	 51.67164	 72.03000
481.20000	 51.95577	 72.23000
481.80000	 51.82404	 72.15000
482.40000	 52.60718	 72.69000
483.00000	 44.65939	 67.30000
483.60000	 51.75934	 72.05000
484.20000	 57.24211	 75.79000
484.80000	 61.41012	 78.70000
485.40000	 62.70578	 79.70000
486.00000	 63.11000	 80.10000
