  0.00000	 70.28804	 67.84000
  0.60000	 69.87469	 62.70000
  1.20000	 69.63202	 59.19000
  1.80000	 69.41303	 55.39000
  2.40000	 69.58349	 56.46000
  3.00000	 69.73549	 57.43000
  3.60000	 69.59023	 54.50000
  4.20000	 69.54278	 52.72000
  4.80000	 69.80430	 55.18000
  5.40000	 69.77407	 54.04000
  6.00000	 69.76883	 53.30000
  6.60000	 69.73678	 52.23000
  7.20000	 69.73001	 51.49000
  7.80000	 69.97829	 54.34000
  8.40000	 69.79900	 51.68000
  9.00000	 69.64337	 49.11000
  9.60000	 70.39291	 58.96000
 10.20000	 70.16122	 56.43000
 10.80000	 69.98005	 54.42000
 11.40000	 69.94856	 54.21000
 12.00000	 69.95255	 54.39000
 12.60000	 69.94686	 54.40000
 13.20000	 69.96637	 54.73000
 13.80000	 70.30562	 59.58000
 14.40000	 70.12672	 57.81000
 15.00000	 69.95230	 55.88000
 15.60000	 69.98397	 56.50000
 16.20000	 70.02232	 57.20000
 16.80000	 69.98652	 56.90000
 17.40000	 69.95969	 56.65000
 18.00000	 69.97071	 56.86000
 18.60000	 69.98110	 57.06000
 19.20000	 69.98997	 57.25000
 19.80000	 69.99701	 57.43000
 20.40000	 70.00364	 57.62000
 21.00000	 70.00416	 57.74000
 21.60000	 70.01647	 58.03000
 22.20000	 70.01775	 58.19000
 22.80000	 69.96738	 57.63000
 23.40000	 69.95884	 57.56000
 24.00000	 69.98284	 57.91000
 24.60000	 70.04935	 58.89000
 25.20000	 70.13919	 60.33000
 25.80000	 70.17189	 61.17000
 26.40000	 70.15464	 61.42000
 27.00000	 70.36830	 64.92000
 27.60000	 70.50726	 67.80000
 28.20000	 70.42384	 67.91000
 28.80000	 70.32931	 67.79000
 29.40000	 70.32448	 68.75000
 30.00000	 70.27394	 69.01000
 30.60000	 70.08124	 67.13000
 31.20000	 69.94714	 65.64000
 31.80000	 69.85927	 64.42000
 32.40000	 69.84505	 63.94000
 33.00000	 69.82458	 63.24000
 33.60000	 69.83482	 62.87000
 34.20000	 69.84776	 62.52000
 34.80000	 69.77942	 61.04000
 35.40000	 69.75809	 60.09000
 36.00000	 69.75673	 59.36000
 36.60000	 69.81399	 59.44000
 37.20000	 69.68972	 57.08000
 37.80000	 70.14730	 62.69000
 38.40000	 70.36527	 65.81000
 39.00000	 70.05748	 62.14000
 39.60000	 70.23415	 64.86000
 40.20000	 70.37201	 67.36000
 40.80000	 70.32817	 67.63000
 41.40000	 70.25649	 67.50000
 42.00000	 70.29744	 68.83000
 42.60000	 70.26424	 69.17000
 43.20000	 69.94481	 65.41000
 43.80000	 69.95797	 65.67000
 44.40000	 69.98906	 66.06000
 45.00000	 69.89492	 64.67000
 45.60000	 69.82700	 63.43000
 46.20000	 69.75403	 61.93000
 46.80000	 69.70019	 60.50000
 47.40000	 69.68124	 59.40000
 48.00000	 69.69301	 58.65000
 48.60000	 69.65576	 57.21000
 49.20000	 69.64427	 56.06000
 49.80000	 69.72922	 56.24000
 50.40000	 69.79055	 56.26000
 51.00000	 69.82216	 56.03000
 51.60000	 69.83795	 55.70000
 52.20000	 69.81288	 54.88000
 52.80000	 69.83663	 54.74000
 53.40000	 69.90044	 55.23000
 54.00000	 69.83047	 53.99000
 54.60000	 69.77503	 52.86000
 55.20000	 69.80344	 52.80000
 55.80000	 69.82982	 52.75000
 56.40000	 69.88333	 53.14000
 57.00000	 69.99980	 54.54000
 57.60000	 69.91041	 53.31000
 58.20000	 69.90978	 53.22000
 58.80000	 70.37958	 59.75000
 59.40000	 70.30825	 59.60000
 60.00000	 70.30762	 60.49000
 60.60000	 71.02374	 71.53000
 61.20000	 70.65607	 68.77000
 61.80000	 70.36097	 66.59000
 62.40000	 70.11506	 64.51000
 63.00000	 70.08230	 64.80000
 63.60000	 70.02089	 64.43000
 64.20000	 69.81600	 61.79000
 64.80000	 69.64799	 59.16000
 65.40000	 69.50799	 56.45000
 66.00000	 69.40640	 53.86000
 66.60000	 69.28556	 50.67000
 67.20000	 69.28265	 48.80000
 67.80000	 69.30203	 47.15000
 68.40000	 69.36779	 46.16000
 69.00000	 69.44768	 45.51000
 69.60000	 69.50971	 44.82000
 70.20000	 69.57007	 44.31000
 70.80000	 69.68041	 44.71000
 71.40000	 69.77678	 45.22000
 72.00000	 69.82435	 45.34000
 72.60000	 69.88888	 45.90000
 73.20000	 69.86362	 45.41000
 73.80000	 70.10582	 48.71000
 74.40000	 70.26592	 51.37000
 75.00000	 70.22035	 51.57000
 75.60000	 70.23348	 52.63000
 76.20000	 70.20258	 53.14000
 76.80000	 70.26558	 54.93000
 77.40000	 70.26932	 56.00000
 78.00000	 70.18377	 55.83000
 78.60000	 70.08430	 55.29000
 79.20000	 69.88846	 53.15000
 79.80000	 69.86487	 52.97000
 80.40000	 69.83368	 52.51000
 81.00000	 69.84971	 52.57000
 81.60000	 69.87762	 52.77000
 82.20000	 69.80886	 51.64000
 82.80000	 69.76906	 50.78000
 83.40000	 69.77224	 50.42000
 84.00000	 69.78685	 50.20000
 84.60000	 69.82426	 50.32000
 85.20000	 69.86033	 50.50000
 85.80000	 69.83929	 49.97000
 86.40000	 69.92427	 50.92000
 87.00000	 70.03345	 52.39000
 87.60000	 69.83351	 49.77000
 88.20000	 69.74005	 48.32000
 88.80000	 69.81273	 48.98000
 89.40000	 69.92489	 50.28000
 90.00000	 69.87063	 49.46000
 90.60000	 70.76688	 61.95000
 91.20000	 70.28552	 56.84000
 91.80000	 70.00081	 53.90000
 92.40000	 69.89085	 52.85000
 93.00000	 70.16220	 56.82000
 93.60000	 70.28165	 59.07000
 94.20000	 69.91678	 54.78000
 94.80000	 69.95360	 55.48000
 95.40000	 69.98934	 56.12000
 96.00000	 69.94428	 55.64000
 96.60000	 69.92179	 55.37000
 97.20000	 69.84131	 54.21000
 97.80000	 69.94248	 55.42000
 98.40000	 70.01494	 56.38000
 99.00000	 70.00143	 56.29000
 99.60000	 69.98782	 56.21000
100.20000	 69.92103	 55.37000
100.80000	 69.97437	 56.09000
101.40000	 69.99861	 56.48000
102.00000	 70.06804	 57.56000
102.60000	 69.97823	 56.55000
103.20000	 69.90721	 55.66000
103.80000	 69.88025	 55.23000
104.40000	 69.85636	 54.75000
105.00000	 69.93413	 55.62000
105.60000	 69.83790	 54.17000
106.20000	 69.75250	 52.70000
106.80000	 69.78195	 52.65000
107.40000	 69.81760	 52.70000
108.00000	 69.79700	 52.02000
108.60000	 69.81386	 51.84000
109.20000	 69.84087	 51.84000
109.80000	 69.94203	 52.95000
110.40000	 70.00462	 53.74000
111.00000	 69.98762	 53.59000
111.60000	 69.96396	 53.37000
112.20000	 69.83311	 51.62000
112.80000	 69.89101	 52.27000
113.40000	 69.97634	 53.37000
114.00000	 69.88717	 52.18000
114.60000	 69.83667	 51.39000
115.20000	 69.85636	 51.47000
115.80000	 69.89665	 51.85000
116.40000	 69.86207	 51.25000
117.00000	 70.03750	 53.55000
117.60000	 70.17860	 55.71000
118.20000	 69.86421	 51.81000
118.80000	 70.19174	 56.41000
119.40000	 70.45449	 60.67000
120.00000	 70.45457	 61.84000
120.60000	 70.44077	 62.96000
121.20000	 70.33794	 62.87000
121.80000	 70.23397	 62.58000
122.40000	 70.22239	 63.34000
123.00000	 70.18676	 63.66000
123.60000	 70.09282	 63.03000
124.20000	 69.95924	 61.60000
124.80000	 69.87122	 60.47000
125.40000	 69.97265	 61.73000
126.00000	 70.01522	 62.27000
126.60000	 70.57722	 70.19000
127.20000	 70.15231	 65.35000
127.80000	 69.85778	 61.73000
128.40000	 70.01063	 63.77000
129.00000	 70.09933	 65.06000
129.60000	 70.16303	 66.15000
130.20000	 70.06773	 65.15000
130.80000	 70.01393	 64.58000
131.40000	 70.06449	 65.35000
132.00000	 70.07277	 65.59000
132.60000	 70.06572	 65.63000
133.20000	 69.68139	 60.35000
133.80000	 69.78570	 61.18000
134.40000	 69.86001	 61.64000
135.00000	 69.88046	 61.45000
135.60000	 69.87862	 61.00000
136.20000	 69.78031	 59.21000
136.80000	 69.85253	 59.64000
137.40000	 69.94553	 60.48000
138.00000	 70.08939	 62.24000
138.60000	 70.34217	 65.87000
139.20000	 70.15991	 63.97000
139.80000	 70.02254	 62.49000
140.40000	 70.04839	 63.04000
141.00000	 70.09517	 63.88000
141.60000	 70.13419	 64.68000
142.20000	 69.99333	 63.03000
142.80000	 69.93241	 62.24000
143.40000	 70.02584	 63.45000
144.00000	 69.97487	 62.76000
144.60000	 69.96039	 62.49000
145.20000	 69.90074	 61.54000
145.80000	 70.05451	 63.46000
146.40000	 70.15823	 64.95000
147.00000	 70.19077	 65.69000
147.60000	 70.23677	 66.75000
148.20000	 70.21322	 66.97000
148.80000	 70.09983	 65.92000
149.40000	 69.95991	 64.28000
150.00000	 69.85858	 62.86000
150.60000	 69.86924	 62.73000
151.20000	 69.87255	 62.43000
151.80000	 69.76398	 60.52000
152.40000	 69.92936	 62.23000
153.00000	 70.01385	 63.08000
153.60000	 70.05420	 63.52000
154.20000	 69.95512	 62.14000
154.80000	 69.89753	 61.20000
155.40000	 69.94397	 61.60000
156.00000	 70.04548	 62.84000
156.60000	 70.13940	 64.18000
157.20000	 69.92045	 61.35000
157.80000	 69.79256	 59.43000
158.40000	 69.77388	 58.74000
159.00000	 69.84876	 59.25000
159.60000	 69.91577	 59.75000
160.20000	 69.61093	 55.16000
160.80000	 69.80848	 57.07000
161.40000	 69.97512	 58.84000
162.00000	 69.99443	 58.90000
162.60000	 70.02381	 59.23000
163.20000	 69.95373	 58.28000
163.80000	 70.16171	 61.15000
164.40000	 70.28223	 63.20000
165.00000	 70.10276	 61.35000
165.60000	 69.96775	 59.86000
166.20000	 69.89488	 58.95000
166.80000	 69.85165	 58.24000
167.40000	 69.81031	 57.40000
168.00000	 69.79372	 56.77000
168.60000	 69.79476	 56.31000
169.20000	 69.72441	 54.82000
169.80000	 69.69809	 53.80000
170.40000	 69.78694	 54.32000
171.00000	 69.77791	 53.62000
171.60000	 69.79986	 53.37000
172.20000	 69.75966	 52.31000
172.80000	 69.78578	 52.13000
173.40000	 69.92518	 53.60000
174.00000	 70.02372	 54.79000
174.60000	 70.08488	 55.72000
175.20000	 70.05420	 55.56000
175.80000	 70.12386	 56.82000
176.40000	 70.19551	 58.27000
177.00000	 70.11078	 57.70000
177.60000	 70.08951	 57.90000
178.20000	 69.69268	 52.76000
178.80000	 70.15367	 58.88000
179.40000	 70.42849	 63.12000
180.00000	 69.96041	 57.54000
180.60000	 69.98946	 58.18000
181.20000	 70.08821	 59.75000
181.80000	 70.01329	 59.02000
182.40000	 69.85457	 56.97000
183.00000	 70.12828	 60.66000
183.60000	 70.17941	 61.68000
184.20000	 69.87906	 57.92000
184.80000	 69.81198	 56.90000
185.40000	 69.81356	 56.62000
186.00000	 69.77356	 55.68000
186.60000	 69.78401	 55.33000
187.20000	 69.96178	 57.32000
187.80000	 70.03778	 58.22000
188.40000	 70.08249	 58.90000
189.00000	 70.11586	 59.58000
189.60000	 70.11415	 59.89000
190.20000	 70.16363	 60.96000
190.80000	 70.00993	 59.29000
191.40000	 69.89016	 57.82000
192.00000	 69.80789	 56.59000
192.60000	 46.76000	 55.66000
193.20000	 74.22000	 54.68000
