    0.00000	   53.91536	   53.93000
    0.60000	   55.78298	   55.00000
    1.20000	   54.00430	   53.86000
    1.80000	   52.94422	   53.12000
    2.40000	   53.46536	   53.29000
    3.00000	   54.12107	   53.53000
    3.60000	   59.30964	   56.66000
    4.20000	   56.61605	   55.13000
    4.80000	   54.52531	   53.99000
    5.40000	   58.53074	   56.58000
    6.00000	   57.64404	   56.25000
    6.60000	   56.84507	   56.01000
    7.20000	   56.01378	   55.72000
    7.80000	   55.38065	   55.49000
    8.40000	   54.08435	   54.77000
    9.00000	   55.31231	   55.53000
    9.60000	   56.95145	   56.56000
   10.20000	   53.66224	   54.58000
   10.80000	   51.85597	   53.40000
   11.40000	   52.92429	   53.86000
   12.00000	   53.89508	   54.23000
   12.60000	   55.14748	   54.82000
   13.20000	   56.51848	   55.58000
   13.80000	   60.15869	   57.90000
   14.40000	   62.88948	   59.92000
   15.00000	   61.02934	   59.34000
   15.60000	   59.24154	   58.85000
   16.20000	   58.17388	   58.73000
   16.80000	   57.43961	   58.71000
   17.40000	   57.59959	   59.15000
   18.00000	   54.27005	   57.34000
   18.60000	   51.71295	   55.80000
   19.20000	   51.07395	   55.21000
   19.80000	   50.81713	   54.69000
   20.40000	   50.76798	   54.20000
   21.00000	   51.59301	   54.21000
   21.60000	   52.79099	   54.48000
   22.20000	   51.07853	   53.00000
   22.80000	   50.18710	   51.99000
   23.40000	   48.96460	   50.70000
   24.00000	   52.21552	   52.13000
   24.60000	   55.05929	   53.44000
   25.20000	   51.99270	   51.26000
   25.80000	   50.63207	   50.11000
   26.40000	   52.02749	   50.60000
   27.00000	   53.37355	   51.09000
   27.60000	   54.34517	   51.44000
   28.20000	   53.08406	   50.49000
   28.80000	   52.44586	   49.92000
   29.40000	   51.84132	   49.33000
   30.00000	   53.25644	   49.96000
   30.60000	   54.98170	   50.84000
   31.20000	   54.03010	   50.16000
   31.80000	   59.30232	   53.42000
   32.40000	   63.23207	   56.14000
   33.00000	   61.13465	   55.44000
   33.60000	   59.18651	   54.91000
   34.20000	   58.61352	   55.17000
   34.80000	   57.50041	   55.01000
   35.40000	   54.61183	   53.62000
   36.00000	   54.30094	   53.63000
   36.60000	   54.28892	   53.69000
   37.20000	   53.37990	   53.11000
   37.80000	   52.96313	   52.75000
   38.40000	   51.43691	   51.62000
   39.00000	   53.21117	   52.45000
   39.60000	   54.87561	   53.25000
   40.20000	   54.40380	   52.82000
   40.80000	   54.38165	   52.71000
   41.40000	   53.31489	   51.96000
   42.00000	   56.33819	   53.74000
   42.60000	   57.92464	   54.76000
   43.20000	   55.77476	   53.59000
   43.80000	   54.10985	   52.69000
   44.40000	   52.46812	   51.69000
   45.00000	   53.38476	   52.15000
   45.60000	   54.28203	   52.57000
   46.20000	   51.02910	   50.41000
   46.80000	   53.63177	   51.78000
   47.40000	   55.62543	   52.83000
   48.00000	   61.14097	   56.25000
   48.60000	   58.74329	   55.07000
   49.20000	   56.77879	   54.23000
   49.80000	   58.95246	   55.92000
   50.40000	   58.02217	   55.73000
   51.00000	   57.37046	   55.70000
   51.60000	   55.97191	   55.15000
   52.20000	   55.28405	   54.94000
   52.80000	   53.05533	   53.66000
   53.40000	   55.85112	   55.37000
   54.00000	   58.32259	   56.94000
   54.60000	   55.01694	   55.04000
   55.20000	   57.73219	   56.84000
   55.80000	   59.52546	   58.16000
   56.40000	   63.47014	   60.99000
   57.00000	   61.42099	   60.34000
   57.60000	   58.96640	   59.47000
   58.20000	   59.10710	   60.11000
   58.80000	   58.90586	   60.47000
   59.40000	   57.23028	   59.85000
   60.00000	   55.81722	   59.27000
   60.60000	   56.06763	   59.59000
   61.20000	   53.83829	   58.28000
   61.80000	   51.69119	   56.86000
   62.40000	   51.23434	   56.30000
   63.00000	   50.98617	   55.74000
   63.60000	   49.83315	   54.53000
   64.20000	   49.15925	   53.52000
   64.80000	   47.78156	   51.98000
   65.40000	   48.99868	   51.96000
   66.00000	   50.73048	   52.28000
   66.60000	   50.41095	   51.42000
   67.20000	   50.07811	   50.60000
   67.80000	   51.69111	   51.02000
   68.40000	   52.86977	   51.27000
   69.00000	   53.10292	   51.05000
   69.60000	   52.99778	   50.70000
   70.20000	   53.20855	   50.59000
   70.80000	   53.91748	   50.83000
   71.40000	   54.91014	   51.31000
   72.00000	   56.18855	   52.06000
   72.60000	   57.59351	   53.01000
   73.20000	   59.72439	   54.56000
   73.80000	   60.39125	   55.38000
   74.40000	   60.54197	   56.01000
   75.00000	   61.01844	   56.92000
   75.60000	   60.86052	   57.49000
   76.20000	   60.85160	   58.17000
   76.80000	   58.55784	   57.41000
   77.40000	   56.54332	   56.69000
   78.00000	   56.97229	   57.32000
   78.60000	   56.90964	   57.56000
   79.20000	   56.22610	   57.36000
   79.80000	   55.18815	   56.87000
   80.40000	   54.31729	   56.39000
   81.00000	   53.43088	   55.80000
   81.60000	   52.83397	   55.29000
   82.20000	   50.63011	   53.68000
   82.80000	   52.67228	   54.58000
   83.40000	   54.58600	   55.43000
   84.00000	   52.82423	   54.09000
   84.60000	   52.02955	   53.33000
   85.20000	   52.05643	   53.03000
   85.80000	   53.82089	   53.80000
   86.40000	   55.60176	   54.67000
   87.00000	   53.70349	   53.37000
   87.60000	   52.62525	   52.56000
   88.20000	   54.53416	   53.56000
   88.80000	   54.41188	   53.35000
   89.40000	   53.90619	   52.93000
   90.00000	   54.63854	   53.28000
   90.60000	   55.20148	   53.56000
   91.20000	   54.25501	   52.94000
   91.80000	   53.63512	   52.50000
   92.40000	   53.91621	   52.58000
   93.00000	   53.92543	   52.48000
   93.60000	   54.01853	   52.43000
   94.20000	   53.94544	   52.28000
   94.80000	   54.06350	   52.25000
   95.40000	   52.53673	   51.19000
   96.00000	   54.61147	   52.32000
   96.60000	   56.37496	   53.33000
   97.20000	   55.33056	   52.71000
   97.80000	   54.57993	   52.29000
   98.40000	   53.21934	   51.45000
   99.00000	   52.81919	   51.12000
   99.60000	   53.40566	   51.34000
  100.20000	   54.45723	   51.85000
  100.80000	   55.28795	   52.28000
  101.40000	   54.39182	   51.70000
  102.00000	   54.82577	   51.95000
  102.60000	   55.62421	   52.45000
  103.20000	   55.69995	   52.55000
  103.80000	   55.96097	   52.80000
  104.40000	   58.97855	   54.82000
  105.00000	   57.84825	   54.41000
  105.60000	   56.81154	   54.09000
  106.20000	   58.63774	   55.53000
  106.80000	   59.37560	   56.36000
  107.40000	   58.16591	   56.04000
  108.00000	   57.70401	   56.16000
  108.60000	   57.26892	   56.25000
  109.20000	   55.31644	   55.33000
  109.80000	   53.39805	   54.29000
  110.40000	   52.93001	   53.98000
  111.00000	   52.21398	   53.39000
  111.60000	   48.60319	   50.87000
  112.20000	   48.68152	   50.42000
  112.80000	   48.62629	   49.76000
  113.40000	   51.39810	   50.82000
  114.00000	   53.77264	   51.76000
  114.60000	   53.67588	   51.35000
  115.20000	   54.32772	   51.52000
  115.80000	   54.71627	   51.62000
  116.40000	   58.07917	   53.67000
  117.00000	   59.44434	   54.69000
  117.60000	   55.88379	   52.80000
  118.20000	   56.41624	   53.39000
  118.80000	   56.91038	   53.93000
  119.40000	   56.56089	   53.95000
  120.00000	   56.44258	   54.10000
  120.60000	   55.44792	   53.68000
  121.20000	   57.12870	   54.88000
  121.80000	   58.52687	   55.96000
  122.40000	   57.77222	   55.79000
  123.00000	   57.38069	   55.86000
  123.60000	   55.95787	   55.26000
  124.20000	   58.12425	   56.83000
  124.80000	   59.78132	   58.15000
  125.40000	   58.53925	   57.77000
  126.00000	   57.60900	   57.58000
  126.60000	   56.20330	   57.03000
  127.20000	   56.81843	   57.64000
  127.80000	   57.09695	   58.01000
  128.40000	   58.74017	   59.24000
  129.00000	   59.36758	   59.92000
  129.60000	   57.91736	   59.37000
  130.20000	   58.10558	   59.81000
  130.80000	   57.69987	   59.86000
  131.40000	   57.50680	   60.01000
  132.00000	   56.41254	   59.56000
  132.60000	   52.52937	   57.27000
  133.20000	   52.88581	   57.39000
  133.80000	   52.90571	   57.18000
  134.40000	   52.55876	   56.68000
  135.00000	   50.11531	   54.81000
  135.60000	   48.89291	   53.55000
  136.20000	   48.44517	   52.63000
  136.80000	   48.73817	   52.08000
  137.40000	   53.10149	   54.07000
  138.00000	   52.92993	   53.44000
  138.60000	   53.84926	   53.62000
  139.20000	   53.26205	   52.97000
  139.80000	   61.53323	   57.94000
  140.40000	   65.93908	   60.96000
  141.00000	   56.38664	   55.68000
  141.60000	   60.91805	   59.00000
  142.20000	   64.47763	   61.81000
  142.80000	   63.28067	   61.87000
  143.40000	   61.83682	   61.83000
  144.00000	   59.74465	   61.32000
  144.60000	   58.90288	   61.44000
  145.20000	   57.93054	   61.34000
  145.80000	   56.66109	   60.92000
  146.40000	   55.33686	   60.32000
  147.00000	   54.00289	   59.56000
  147.60000	   52.28414	   58.40000
  148.20000	   51.75343	   57.81000
  148.80000	   50.51223	   56.65000
  149.40000	   50.71486	   56.27000
  150.00000	   54.26638	   57.95000
  150.60000	   54.15680	   57.50000
  151.20000	   54.53574	   57.45000
  151.80000	   55.97268	   58.14000
  152.40000	   57.70808	   59.14000
  153.00000	   58.75655	   59.87000
  153.60000	   56.56336	   58.70000
  154.20000	   57.11332	   59.21000
  154.80000	   57.35714	   59.53000
  155.40000	   57.67424	   59.91000
  156.00000	   57.44689	   59.97000
  156.60000	   60.37873	   62.02000
  157.20000	   55.39489	   59.24000
  157.80000	   51.48944	   56.94000
  158.40000	   52.62274	   57.49000
  159.00000	   52.43513	   57.10000
  159.60000	   52.52363	   56.82000
  160.20000	   51.87553	   56.05000
  160.80000	   51.66575	   55.51000
  161.40000	   51.42785	   54.92000
  162.00000	   52.42037	   55.08000
  162.60000	   53.14794	   55.12000
  163.20000	   54.66798	   55.73000
  163.80000	   55.92413	   56.30000
  164.40000	   56.07063	   56.31000
  165.00000	   56.41891	   56.53000
  165.60000	   56.17539	   56.44000
  166.20000	   58.08992	   57.73000
  166.80000	   59.05714	   58.54000
  167.40000	   56.10093	   56.99000
  168.00000	   57.09285	   57.82000
  168.60000	   57.94820	   58.56000
  169.20000	   57.70263	   58.65000
  169.80000	   56.62148	   58.22000
  170.40000	   55.57207	   57.75000
  171.00000	   58.96663	   59.99000
  171.60000	   61.00992	   61.52000
  172.20000	   65.49780	   64.78000
  172.80000	   59.42830	   61.73000
  173.40000	   55.63835	   59.95000
  174.00000	   57.57028	   61.47000
  174.60000	   56.18260	   60.84000
  175.20000	   55.28736	   60.41000
  175.80000	   53.52048	   59.32000
  176.40000	   52.21065	   58.36000
  177.00000	   51.35445	   57.53000
  177.60000	   57.80375	   61.18000
  178.20000	   57.52741	   60.89000
  178.80000	   57.83062	   61.11000
  179.40000	   63.31373	   64.69000
  180.00000	   54.73668	   59.76000
  180.60000	   63.15893	   65.25000
  181.20000	   76.97796	   74.46000
  181.80000	   60.38156	   65.43000
  182.40000	   47.01499	   57.98000
  183.00000	   40.82594	   54.05000
  183.60000	   33.32110	   48.41000
  184.20000	   28.70025	   43.71000
  184.80000	   26.11897	   39.59000
  185.40000	   26.82449	   37.05000
  186.00000	   29.02005	   35.26000
  186.60000	   32.07803	   34.07000
  187.20000	   36.01800	   33.67000
  187.80000	   40.41014	   33.93000
  188.40000	   44.03978	   34.18000
  189.00000	   51.75416	   37.48000
  189.60000	   57.92807	   40.51000
  190.20000	   60.58639	   42.05000
  190.80000	   65.45697	   45.52000
  191.40000	   67.34185	   47.66000
  192.00000	   65.70959	   47.97000
  192.60000	-1467.42853	   48.20000
  193.20000	  364.86651	   48.34000
