  0.00000	 65.44728	 53.93000
  0.60000	 65.48451	 55.00000
  1.20000	 65.08448	 53.86000
  1.80000	 65.14789	 53.12000
  2.40000	 65.29863	 53.29000
  3.00000	 65.29011	 53.53000
  3.60000	 65.76938	 56.66000
  4.20000	 64.93863	 55.13000
  4.80000	 65.01083	 53.99000
  5.40000	 65.79475	 56.58000
  6.00000	 65.22072	 56.25000
  6.60000	 65.17995	 56.01000
  7.20000	 65.20742	 55.72000
  7.80000	 65.23534	 55.49000
  8.40000	 65.11870	 54.77000
  9.00000	 65.45519	 55.53000
  9.60000	 65.54945	 56.56000
 10.20000	 64.76761	 54.58000
 10.80000	 64.88796	 53.40000
 11.40000	 65.39356	 53.86000
 12.00000	 65.41859	 54.23000
 12.60000	 65.42939	 54.82000
 13.20000	 65.46297	 55.58000
 13.80000	 65.93463	 57.90000
 14.40000	 65.93430	 59.92000
 15.00000	 65.11580	 59.34000
 15.60000	 65.01992	 58.85000
 16.20000	 65.21900	 58.73000
 16.80000	 65.33664	 58.71000
 17.40000	 65.50952	 59.15000
 18.00000	 64.75834	 57.34000
 18.60000	 64.65366	 55.80000
 19.20000	 65.01688	 55.21000
 19.80000	 65.14416	 54.69000
 20.40000	 65.13922	 54.20000
 21.00000	 65.27892	 54.21000
 21.60000	 65.38929	 54.48000
 22.20000	 64.71670	 53.00000
 22.80000	 64.67446	 51.99000
 23.40000	 64.59728	 50.70000
 24.00000	 65.67870	 52.13000
 24.60000	 65.97959	 53.44000
 25.20000	 64.52520	 51.26000
 25.80000	 64.38203	 50.11000
 26.40000	 65.13534	 50.60000
 27.00000	 65.46116	 51.09000
 27.60000	 65.46287	 51.44000
 28.20000	 64.83083	 50.49000
 28.80000	 64.72732	 49.92000
 29.40000	 64.72476	 49.33000
 30.00000	 65.30484	 49.96000
 30.60000	 65.66511	 50.84000
 31.20000	 65.03667	 50.16000
 31.80000	 66.55156	 53.42000
 32.40000	 66.99601	 56.14000
 33.00000	 65.44974	 55.44000
 33.60000	 64.75516	 54.91000
 34.20000	 64.94648	 55.17000
 34.80000	 64.96855	 55.01000
 35.40000	 64.42366	 53.62000
 36.00000	 64.87877	 53.63000
 36.60000	 65.18168	 53.69000
 37.20000	 64.98643	 53.11000
 37.80000	 64.95418	 52.75000
 38.40000	 64.52993	 51.62000
 39.00000	 65.31561	 52.45000
 39.60000	 65.74247	 53.25000
 40.20000	 65.26608	 52.82000
 40.80000	 65.10909	 52.71000
 41.40000	 64.68836	 51.96000
 42.00000	 65.82870	 53.74000
 42.60000	 66.10546	 54.76000
 43.20000	 65.00405	 53.59000
 43.80000	 64.46127	 52.69000
 44.40000	 64.15265	 51.69000
 45.00000	 64.85343	 52.15000
 45.60000	 65.30754	 52.57000
 46.20000	 64.10699	 50.41000
 46.80000	 65.30484	 51.78000
 47.40000	 65.91542	 52.83000
 48.00000	 67.57853	 56.25000
 48.60000	 65.91525	 55.07000
 49.20000	 64.90505	 54.23000
 49.80000	 65.77001	 55.92000
 50.40000	 65.34434	 55.73000
 51.00000	 65.16499	 55.70000
 51.60000	 64.77933	 55.15000
 52.20000	 64.75877	 54.94000
 52.80000	 64.15716	 53.66000
 53.40000	 65.54944	 55.37000
 54.00000	 66.45511	 56.94000
 54.60000	 64.93062	 55.04000
 55.20000	 66.01403	 56.84000
 55.80000	 66.52165	 58.16000
 56.40000	 67.75328	 60.99000
 57.00000	 66.46118	 60.34000
 57.60000	 65.33222	 59.47000
 58.20000	 65.49805	 60.11000
 58.80000	 65.54357	 60.47000
 59.40000	 65.02364	 59.85000
 60.00000	 64.70174	 59.27000
 60.60000	 65.07184	 59.59000
 61.20000	 64.37050	 58.28000
 61.80000	 63.78654	 56.86000
 62.40000	 63.92540	 56.30000
 63.00000	 64.06916	 55.74000
 63.60000	 63.77320	 54.53000
 64.20000	 63.66313	 53.52000
 64.80000	 63.24105	 51.98000
 65.40000	 63.87747	 51.96000
 66.00000	 64.58163	 52.28000
 66.60000	 64.32757	 51.42000
 67.20000	 64.09395	 50.60000
 67.80000	 64.67727	 51.02000
 68.40000	 65.00624	 51.27000
 69.00000	 64.92028	 51.05000
 69.60000	 64.72979	 50.70000
 70.20000	 64.71555	 50.59000
 70.80000	 64.92630	 50.83000
 71.40000	 65.24443	 51.31000
 72.00000	 65.65938	 52.06000
 72.60000	 66.09871	 53.01000
 73.20000	 66.81310	 54.56000
 73.80000	 66.87663	 55.38000
 74.40000	 66.76370	 56.01000
 75.00000	 66.84010	 56.92000
 75.60000	 66.68189	 57.49000
 76.20000	 66.63444	 58.17000
 76.80000	 65.66563	 57.41000
 77.40000	 64.92608	 56.69000
 78.00000	 65.27144	 57.32000
 78.60000	 65.35638	 57.56000
 79.20000	 65.15728	 57.36000
 79.80000	 64.81252	 56.87000
 80.40000	 64.54992	 56.39000
 81.00000	 64.28024	 55.80000
 81.60000	 64.12994	 55.29000
 82.20000	 63.28844	 53.68000
 82.80000	 64.28052	 54.58000
 83.40000	 65.10137	 55.43000
 84.00000	 64.29444	 54.09000
 84.60000	 63.96676	 53.33000
 85.20000	 64.00119	 53.03000
 85.80000	 64.75612	 53.80000
 86.40000	 65.45478	 54.67000
 87.00000	 64.55027	 53.37000
 87.60000	 64.07910	 52.56000
 88.20000	 64.90887	 53.56000
 88.80000	 64.80675	 53.35000
 89.40000	 64.55859	 52.93000
 90.00000	 64.86039	 53.28000
 90.60000	 65.06969	 53.56000
 91.20000	 64.62675	 52.94000
 91.80000	 64.35914	 52.50000
 92.40000	 64.48940	 52.58000
 93.00000	 64.48715	 52.48000
 93.60000	 64.51847	 52.43000
 94.20000	 64.47478	 52.28000
 94.80000	 64.51489	 52.25000
 95.40000	 63.84360	 51.19000
 96.00000	 64.75688	 52.32000
 96.60000	 65.47356	 53.33000
 97.20000	 64.95641	 52.71000
 97.80000	 64.61607	 52.29000
 98.40000	 64.03145	 51.45000
 99.00000	 63.88210	 51.12000
 99.60000	 64.14703	 51.34000
100.20000	 64.58583	 51.85000
100.80000	 64.90730	 52.28000
101.40000	 64.47734	 51.70000
102.00000	 64.65577	 51.95000
102.60000	 64.98237	 52.45000
103.20000	 64.98590	 52.55000
103.80000	 65.08052	 52.80000
104.40000	 66.37470	 54.82000
105.00000	 65.82635	 54.41000
105.60000	 65.37849	 54.09000
106.20000	 66.19947	 55.53000
106.80000	 66.51078	 56.36000
107.40000	 65.98244	 56.04000
108.00000	 65.81651	 56.16000
108.60000	 65.66337	 56.25000
109.20000	 64.84592	 55.33000
109.80000	 64.05845	 54.29000
110.40000	 63.89633	 53.98000
111.00000	 63.58908	 53.39000
111.60000	 61.99835	 50.87000
112.20000	 62.03685	 50.42000
112.80000	 61.95426	 49.76000
113.40000	 63.07644	 50.82000
114.00000	 63.97883	 51.76000
114.60000	 63.80750	 51.35000
115.20000	 64.01704	 51.52000
115.80000	 64.13214	 51.62000
116.40000	 65.56926	 53.67000
117.00000	 66.11746	 54.69000
117.60000	 64.55184	 52.80000
118.20000	 64.85982	 53.39000
118.80000	 65.11775	 53.93000
119.40000	 64.99114	 53.95000
120.00000	 64.96856	 54.10000
120.60000	 64.55536	 53.68000
121.20000	 65.31788	 54.88000
121.80000	 65.92623	 55.96000
122.40000	 65.59502	 55.79000
123.00000	 65.45805	 55.86000
123.60000	 64.87339	 55.26000
124.20000	 65.87116	 56.83000
124.80000	 66.60907	 58.15000
125.40000	 66.08337	 57.77000
126.00000	 65.73814	 57.58000
126.60000	 65.18636	 57.03000
127.20000	 65.51421	 57.64000
127.80000	 65.65928	 58.01000
128.40000	 66.39947	 59.24000
129.00000	 66.68988	 59.92000
129.60000	 66.09078	 59.37000
130.20000	 66.24521	 59.81000
130.80000	 66.12642	 59.86000
131.40000	 66.09896	 60.01000
132.00000	 65.66352	 59.56000
132.60000	 63.98315	 57.27000
133.20000	 64.15477	 57.39000
133.80000	 64.09672	 57.18000
134.40000	 63.84038	 56.68000
135.00000	 62.63688	 54.81000
135.60000	 61.95785	 53.55000
136.20000	 61.57178	 52.63000
136.80000	 61.46877	 52.08000
137.40000	 63.14991	 54.07000
138.00000	 62.82698	 53.44000
138.60000	 63.07226	 53.62000
139.20000	 62.69524	 52.97000
139.80000	 66.30531	 57.94000
140.40000	 68.25277	 60.96000
141.00000	 64.16225	 55.68000
141.60000	 66.46059	 59.00000
142.20000	 68.25584	 61.81000
142.80000	 67.97829	 61.87000
143.40000	 67.65863	 61.83000
144.00000	 67.04878	 61.32000
144.60000	 66.95094	 61.44000
145.20000	 66.72464	 61.34000
145.80000	 66.30277	 60.92000
146.40000	 65.79481	 60.32000
147.00000	 65.21755	 59.56000
147.60000	 64.40088	 58.40000
148.20000	 64.04597	 57.81000
148.80000	 63.30734	 56.65000
149.40000	 63.16545	 56.27000
150.00000	 64.49280	 57.95000
150.60000	 64.21056	 57.50000
151.20000	 64.22067	 57.45000
151.80000	 64.75295	 58.14000
152.40000	 65.47127	 59.14000
153.00000	 65.95271	 59.87000
153.60000	 65.04908	 58.70000
154.20000	 65.39995	 59.21000
154.80000	 65.59896	 59.53000
155.40000	 65.83218	 59.91000
156.00000	 65.82659	 59.97000
156.60000	 67.25063	 62.02000
157.20000	 65.14380	 59.24000
157.80000	 63.49415	 56.94000
158.40000	 63.97448	 57.49000
159.00000	 63.75249	 57.10000
159.60000	 63.61411	 56.82000
160.20000	 63.12405	 56.05000
160.80000	 62.81565	 55.51000
161.40000	 62.47776	 54.92000
162.00000	 62.68607	 55.08000
162.60000	 62.78944	 55.12000
163.20000	 63.29040	 55.73000
163.80000	 63.73394	 56.30000
164.40000	 63.75028	 56.31000
165.00000	 63.91475	 56.53000
165.60000	 63.84698	 56.44000
166.20000	 64.77685	 57.73000
166.80000	 65.32252	 58.54000
167.40000	 64.14406	 56.99000
168.00000	 64.73465	 57.82000
168.60000	 65.23854	 58.56000
169.20000	 65.25540	 58.65000
169.80000	 64.89866	 58.22000
170.40000	 64.52903	 57.75000
171.00000	 66.13761	 59.99000
171.60000	 67.17711	 61.52000
172.20000	 69.44148	 64.78000
172.80000	 67.06197	 61.73000
173.40000	 65.69693	 59.95000
174.00000	 66.77926	 61.47000
174.60000	 66.26800	 60.84000
175.20000	 65.92288	 60.41000
175.80000	 65.11164	 59.32000
176.40000	 64.42110	 58.36000
177.00000	 63.84477	 57.53000
177.60000	 66.54430	 61.18000
178.20000	 66.29315	 60.89000
178.80000	 66.42428	 61.11000
179.40000	 69.00470	 64.69000
180.00000	 65.31149	 59.76000
180.60000	 69.32972	 65.25000
181.20000	 75.96000	 74.46000
181.80000	 69.10895	 65.43000
182.40000	 63.60959	 57.98000
183.00000	 60.82502	 54.05000
183.60000	 56.84798	 48.41000
184.20000	 53.63666	 43.71000
184.80000	 50.89917	 39.59000
185.40000	 49.34955	 37.05000
186.00000	 48.34809	 35.26000
186.60000	 47.77139	 34.07000
187.20000	 47.75000	 33.67000
187.80000	 48.17858	 33.93000
188.40000	 48.55914	 34.18000
189.00000	 51.14410	 37.48000
189.60000	 53.45589	 40.51000
190.20000	 54.61192	 42.05000
190.80000	 57.15624	 45.52000
191.40000	 58.66995	 47.66000
192.00000	 58.80991	 47.97000
192.60000	 58.89194	 48.20000
193.20000	 58.90979	 48.34000
