  0.00000	 83.66803	 68.05000
  0.60000	 83.32507	 63.05000
  1.20000	 83.52766	 65.90000
  1.80000	 83.66505	 67.86000
  2.40000	 83.85551	 70.63000
  3.00000	 83.80136	 69.89000
  3.60000	 83.44111	 64.68000
  4.20000	 83.56025	 66.35000
  4.80000	 83.65294	 67.67000
  5.40000	 83.74867	 69.06000
  6.00000	 83.72448	 68.73000
  6.60000	 83.61764	 67.19000
  7.20000	 83.47631	 65.12000
  7.80000	 83.63365	 67.36000
  8.40000	 83.74400	 68.96000
  9.00000	 83.74997	 69.07000
  9.60000	 83.89413	 71.19000
 10.20000	 83.54232	 66.13000
 10.80000	 83.38735	 63.84000
 11.40000	 83.48858	 65.24000
 12.00000	 83.51891	 65.64000
 12.60000	 83.63856	 67.35000
 13.20000	 83.68996	 68.10000
 13.80000	 83.71436	 68.47000
 14.40000	 83.29226	 62.35000
 15.00000	 83.28664	 62.18000
 15.60000	 83.48552	 64.99000
 16.20000	 83.66126	 67.52000
 16.80000	 83.73549	 68.62000
 17.40000	 83.72053	 68.44000
 18.00000	 83.60841	 66.84000
 18.60000	 83.39323	 63.71000
 19.20000	 83.58602	 66.46000
 19.80000	 83.56481	 66.15000
 20.40000	 83.87737	 70.69000
 21.00000	 83.66199	 67.63000
 21.60000	 83.48992	 65.14000
 22.20000	 83.26937	 61.90000
 22.80000	 83.38109	 63.44000
 23.40000	 83.61829	 66.84000
 24.00000	 83.82428	 69.85000
 24.60000	 83.83220	 70.03000
 25.20000	 83.43610	 64.33000
 25.80000	 83.58756	 66.49000
 26.40000	 83.62273	 67.00000
 27.00000	 83.66553	 67.63000
 27.60000	 83.63887	 67.26000
 28.20000	 83.55503	 66.05000
 28.80000	 83.34758	 63.02000
 29.40000	 83.38017	 63.43000
 30.00000	 83.55072	 65.86000
 30.60000	 83.72628	 68.41000
 31.20000	 83.93175	 71.44000
 31.80000	 83.95238	 71.83000
 32.40000	 83.15230	 60.28000
 33.00000	 83.53527	 65.73000
 33.60000	 83.75079	 68.85000
 34.20000	 83.80367	 69.66000
 34.80000	 83.74034	 68.79000
 35.40000	 83.45496	 64.67000
 36.00000	 83.24553	 61.58000
 36.60000	 83.52142	 65.50000
 37.20000	 83.74253	 68.70000
 37.80000	 83.77889	 69.27000
 38.40000	 83.53917	 65.83000
 39.00000	 83.13888	 59.99000
 39.60000	 83.27343	 61.83000
 40.20000	 83.58515	 66.29000
 40.80000	 83.73431	 68.47000
 41.40000	 83.28764	 62.02000
 42.00000	 83.06624	 58.73000
 42.60000	 83.13706	 59.64000
 43.20000	 83.42326	 63.71000
 43.80000	 83.60361	 66.32000
 44.40000	 83.62332	 66.64000
 45.00000	 83.46205	 64.33000
 45.60000	 83.39315	 63.32000
 46.20000	 83.66226	 67.21000
 46.80000	 83.84476	 69.91000
 47.40000	 83.75139	 68.64000
 48.00000	 83.56798	 66.03000
 48.60000	 83.42382	 63.94000
 49.20000	 83.34478	 62.76000
 49.80000	 83.03873	 58.26000
 50.40000	 83.01411	 57.78000
 51.00000	 83.16871	 59.91000
 51.60000	 83.38942	 63.05000
 52.20000	 83.57154	 65.69000
 52.80000	 83.69269	 67.49000
 53.40000	 83.75486	 68.46000
 54.00000	 83.76748	 68.72000
 54.60000	 83.67166	 67.40000
 55.20000	 83.46654	 64.46000
 55.80000	 83.42609	 63.86000
 56.40000	 83.75132	 68.57000
 57.00000	 83.39983	 63.52000
 57.60000	 83.14758	 59.82000
 58.20000	 82.91746	 56.38000
 58.80000	 83.05933	 58.30000
 59.40000	 83.19317	 60.15000
 60.00000	 83.21967	 60.48000
 60.60000	 83.16155	 59.59000
 61.20000	 83.29944	 61.54000
 61.80000	 83.19540	 60.01000
 62.40000	 83.11714	 58.83000
 63.00000	 83.32738	 61.83000
 63.60000	 83.62921	 66.22000
 64.20000	 83.57862	 65.56000
 64.80000	 83.79396	 68.75000
 65.40000	 83.69307	 67.39000
 66.00000	 83.61786	 66.37000
 66.60000	 83.56499	 65.65000
 67.20000	 83.57310	 65.80000
 67.80000	 83.33170	 62.32000
 68.40000	 83.12286	 59.25000
 69.00000	 83.30865	 61.87000
 69.60000	 83.57533	 65.72000
 70.20000	 83.65779	 66.96000
 70.80000	 83.84350	 69.72000
 71.40000	 83.68600	 67.53000
 72.00000	 83.54758	 65.57000
 72.60000	 83.70402	 67.86000
 73.20000	 83.65227	 67.16000
 73.80000	 83.87874	 70.49000
 74.40000	 83.93509	 71.40000
 75.00000	 83.48153	 64.90000
 75.60000	 83.38011	 63.40000
 76.20000	 83.69349	 67.91000
 76.80000	 83.95579	 71.76000
 77.40000	 83.78817	 69.42000
 78.00000	 83.61435	 66.94000
 78.60000	 83.40738	 63.93000
 79.20000	 83.46938	 64.78000
 79.80000	 83.55478	 65.99000
 80.40000	 83.59728	 66.60000
 81.00000	 83.49600	 65.13000
 81.60000	 83.10434	 59.41000
 82.20000	 83.25215	 61.44000
 82.80000	 83.40639	 63.61000
 83.40000	 83.51562	 65.17000
 84.00000	 83.69428	 67.77000
 84.60000	 83.07446	 58.80000
 85.20000	 83.23836	 61.07000
 85.80000	 83.36995	 62.92000
 86.40000	 83.47278	 64.39000
 87.00000	 83.49531	 64.72000
 87.60000	 83.33804	 62.44000
 88.20000	 82.91407	 56.24000
 88.80000	 83.21569	 60.49000
 89.40000	 83.32574	 62.04000
 90.00000	 83.40266	 63.14000
 90.60000	 83.61906	 66.29000
 91.20000	 83.43367	 63.65000
 91.80000	 83.47660	 64.28000
 92.40000	 83.68105	 67.27000
 93.00000	 83.35406	 62.58000
 93.60000	 83.44283	 63.85000
 94.20000	 83.71969	 67.88000
 94.80000	 83.85082	 69.86000
 95.40000	 83.93741	 71.22000
 96.00000	 83.92265	 71.12000
 96.60000	 83.83863	 70.00000
 97.20000	 83.54075	 65.74000
 97.80000	 83.38869	 63.52000
 98.40000	 83.44273	 64.26000
 99.00000	 83.50384	 65.12000
 99.60000	 83.32106	 62.45000
100.20000	 83.14828	 59.88000
100.80000	 82.93009	 56.61000
101.40000	 82.91113	 56.19000
102.00000	 83.17703	 59.92000
102.60000	 83.46920	 64.11000
103.20000	 83.63015	 66.47000
103.80000	 83.67083	 67.12000
104.40000	 83.34814	 62.49000
105.00000	 83.25413	 61.10000
105.60000	 83.38301	 62.93000
106.20000	 83.74109	 68.13000
106.80000	 83.94232	 71.14000
107.40000	 83.98718	 71.92000
108.00000	 83.93361	 71.27000
108.60000	 83.81497	 69.65000
109.20000	 83.47211	 64.73000
109.80000	 83.40505	 63.73000
110.40000	 83.54803	 65.77000
111.00000	 83.78592	 69.23000
111.60000	 83.89524	 70.88000
112.20000	 83.83866	 70.14000
112.80000	 83.76632	 69.15000
113.40000	 83.64263	 67.39000
114.00000	 83.66773	 67.76000
114.60000	 83.88697	 70.96000
115.20000	 84.01377	 72.87000
115.80000	 84.07820	 73.90000
116.40000	 84.08150	 74.05000
117.00000	 83.80824	 70.17000
117.60000	 83.51618	 65.94000
118.20000	 83.59365	 67.01000
118.80000	 83.73480	 69.03000
119.40000	 83.77156	 69.57000
120.00000	 83.70253	 68.58000
120.60000	 83.58597	 66.88000
121.20000	 83.42055	 64.44000
121.80000	 83.22552	 61.53000
122.40000	 83.29336	 62.40000
123.00000	 83.39722	 63.82000
123.60000	 83.53729	 65.80000
124.20000	 83.60587	 66.78000
124.80000	 83.35350	 63.11000
125.40000	 83.01340	 58.10000
126.00000	 83.22199	 60.99000
126.60000	 83.36295	 62.96000
127.20000	 83.43778	 64.01000
127.80000	 83.44786	 64.14000
128.40000	 83.38273	 63.18000
129.00000	 83.11038	 59.19000
129.60000	 82.96637	 57.00000
130.20000	 83.19559	 60.21000
130.80000	 83.31224	 61.85000
131.40000	 83.44511	 63.76000
132.00000	 83.55286	 65.34000
132.60000	 83.10746	 58.90000
133.20000	 82.91750	 56.06000
133.80000	 82.99169	 57.02000
134.40000	 83.21176	 60.13000
135.00000	 83.36840	 62.38000
135.60000	 83.59503	 65.69000
136.20000	 83.60397	 65.89000
136.80000	 83.36908	 62.54000
137.40000	 83.30018	 61.54000
138.00000	 83.55216	 65.19000
138.60000	 83.48963	 64.33000
139.20000	 83.63606	 66.49000
139.80000	 83.60824	 66.15000
140.40000	 83.49736	 64.59000
141.00000	 83.25534	 61.09000
141.60000	 83.18194	 59.98000
142.20000	 83.24571	 60.85000
142.80000	 83.35345	 62.38000
143.40000	 83.45362	 63.83000
144.00000	 83.23989	 60.74000
144.60000	 82.95368	 56.54000
145.20000	 83.09780	 58.53000
145.80000	 83.33441	 61.91000
146.40000	 83.52670	 64.71000
147.00000	 83.32517	 61.83000
147.60000	 83.19617	 59.95000
148.20000	 83.11615	 58.75000
148.80000	 83.24563	 60.58000
149.40000	 83.36364	 62.28000
150.00000	 83.39151	 62.70000
150.60000	 58.98000	 60.70000
151.20000	 88.61000	 55.65000
