  0.00000	 48.96316	103.83000
  0.20000	 48.91581	103.65000
  0.40000	 48.83596	103.37000
  0.60000	 48.73346	103.02000
  0.80000	 48.60833	102.60000
  1.00000	 48.46720	102.13000
  1.20000	 48.31670	101.63000
  1.40000	 48.16346	101.12000
  1.60000	 48.01076	100.61000
  1.80000	 47.86520	100.12000
  2.00000	 47.72675	 99.65000
  2.20000	 47.61836	 99.27000
  2.40000	 47.56948	 99.07000
  2.60000	 47.53389	 98.91000
  2.80000	 47.50816	 98.78000
  3.00000	 47.48234	 98.65000
  3.20000	 47.45639	 98.52000
  3.40000	 47.39083	 98.27000
  3.60000	 47.31535	 97.99000
  3.80000	 47.23328	 97.69000
  4.00000	 47.15452	 97.40000
  4.20000	 47.08237	 97.13000
  4.40000	 47.01025	 96.86000
  4.60000	 46.95130	 96.63000
  4.80000	 46.90547	 96.44000
  5.00000	 46.88256	 96.32000
  5.20000	 46.88577	 96.28000
  5.40000	 46.92482	 96.35000
  5.60000	 47.04554	 96.67000
  5.80000	 47.19503	 97.08000
  6.00000	 47.36325	 97.55000
  6.20000	 47.54346	 98.06000
  6.40000	 47.73227	 98.60000
  6.60000	 47.90661	 99.10000
  6.80000	 48.07635	 99.59000
  7.00000	 48.23822	100.06000
  7.20000	 48.39555	100.52000
  7.40000	 48.53854	100.94000
  7.60000	 48.64426	101.25000
  7.80000	 48.73260	101.51000
  8.00000	 48.81683	101.76000
  8.20000	 48.90688	102.03000
  8.40000	 49.00609	102.33000
  8.60000	 49.17357	102.84000
  8.80000	 49.37301	103.45000
  9.00000	 49.57140	104.06000
  9.20000	 49.75885	104.64000
  9.40000	 49.92223	105.15000
  9.60000	 49.99922	105.40000
  9.80000	 50.02300	105.49000
 10.00000	 50.01682	105.49000
 10.20000	 49.98750	105.42000
 10.40000	 49.93850	105.29000
 10.60000	 49.87984	105.13000
 10.80000	 49.81492	104.95000
 11.00000	 49.75040	104.77000
 11.20000	 49.68961	104.60000
 11.40000	 49.64241	104.47000
 11.60000	 49.63177	104.45000
 11.80000	 49.67068	104.58000
 12.00000	 49.72282	104.75000
 12.20000	 49.77821	104.93000
 12.40000	 49.83020	105.10000
 12.60000	 49.86563	105.22000
 12.80000	 49.85825	105.21000
 13.00000	 49.84104	105.17000
 13.20000	 49.81737	105.11000
 13.40000	 49.78399	105.02000
 13.60000	 49.74427	104.91000
 13.80000	 49.71138	104.82000
 14.00000	 49.67217	104.71000
 14.20000	 49.63655	104.61000
 14.40000	 49.60121	104.51000
 14.60000	 49.56615	104.41000
 14.80000	 49.53795	104.33000
 15.00000	 49.51328	104.26000
 15.20000	 49.49541	104.21000
 15.40000	 49.47773	104.16000
 15.60000	 49.46680	104.13000
 15.80000	 49.46587	104.13000
 16.00000	 49.48146	104.18000
 16.20000	 49.49706	104.23000
 16.40000	 49.50279	104.25000
 16.60000	 49.49867	104.24000
 16.80000	 49.46830	104.15000
 17.00000	 49.39206	103.92000
 17.20000	 49.29971	103.64000
 17.40000	 49.19791	103.33000
 17.60000	 49.08348	102.98000
 17.80000	 48.96634	102.62000
 18.00000	 48.83996	102.23000
 18.20000	 48.71426	101.84000
 18.40000	 48.59581	101.47000
 18.60000	 48.49446	101.15000
 18.80000	 48.41342	100.89000
 19.00000	 48.38216	100.78000
 19.20000	 48.41032	100.85000
 19.40000	 48.45822	100.98000
 19.60000	 48.51254	101.13000
 19.80000	 48.56661	101.28000
 20.00000	 48.60722	101.39000
 20.20000	 48.60481	101.37000
 20.40000	 48.59237	101.32000
 20.60000	 48.56995	101.24000
 20.80000	 48.54419	101.15000
 21.00000	 48.50856	101.03000
 21.20000	 48.48612	100.95000
 21.40000	 48.45714	100.85000
 21.60000	 48.42493	100.74000
 21.80000	 48.38622	100.61000
 22.00000	 48.34104	100.46000
 22.20000	 48.25987	100.20000
 22.40000	 48.16912	 99.91000
 22.60000	 48.07870	 99.62000
 22.80000	 47.99852	 99.36000
 23.00000	 47.93511	 99.15000
 23.20000	 47.92127	 99.09000
 23.40000	 47.96668	 99.21000
 23.60000	 48.02837	 99.38000
 23.80000	 48.09634	 99.57000
 24.00000	 48.16721	 99.77000
 24.20000	 48.22450	 99.93000
 24.40000	 48.24194	 99.97000
 24.60000	 48.25249	 99.99000
 24.80000	 48.25294	 99.98000
 25.00000	 48.24990	 99.96000
 25.20000	 48.24015	 99.92000
 25.40000	 48.22373	 99.86000
 25.60000	 48.20726	 99.80000
 25.80000	 48.18748	 99.73000
 26.00000	 48.17097	 99.67000
 26.20000	 48.16104	 99.63000
 26.40000	 48.15109	 99.59000
 26.60000	 48.14442	 99.56000
 26.80000	 48.15414	 99.58000
 27.00000	 48.17362	 99.63000
 27.20000	 48.21597	 99.75000
 27.40000	 48.29421	 99.98000
 27.60000	 48.41149	100.33000
 27.80000	 48.54463	100.73000
 28.00000	 48.68365	101.15000
 28.20000	 48.82848	101.59000
 28.40000	 48.96264	102.00000
 28.60000	 49.07958	102.36000
 28.80000	 49.18920	102.70000
 29.00000	 49.29484	103.03000
 29.20000	 49.39325	103.34000
 29.40000	 49.48777	103.64000
 29.60000	 49.57844	103.93000
 29.80000	 49.66531	104.21000
 30.00000	 49.74512	104.47000
 30.20000	 49.82122	104.72000
 30.40000	 49.89364	104.96000
 30.60000	 49.97556	105.23000
 30.80000	 50.04727	105.47000
 31.00000	 50.11208	105.69000
 31.20000	 50.16348	105.87000
 31.40000	 50.20154	106.01000
 31.60000	 50.22631	106.11000
 31.80000	 50.23132	106.15000
 32.00000	 50.21338	106.12000
 32.20000	 50.16932	106.01000
 32.40000	 50.09600	105.81000
 32.60000	 49.95415	105.40000
 32.80000	 49.77361	104.87000
 33.00000	 49.57106	104.27000
 33.20000	 49.35321	103.62000
 33.40000	 49.13005	102.95000
 33.60000	 48.90494	102.27000
 33.80000	 48.69763	101.64000
 34.00000	 48.50149	101.04000
 34.20000	 48.31977	100.48000
 34.40000	 48.16550	100.00000
 34.60000	 48.03528	 99.59000
 34.80000	 47.95195	 99.32000
 35.00000	 47.92514	 99.22000
 35.20000	 47.92828	 99.21000
 35.40000	 47.96442	 99.30000
 35.60000	 48.03008	 99.48000
 35.80000	 48.12503	 99.75000
 36.00000	 48.26551	100.16000
 36.20000	 48.42500	100.63000
 36.40000	 48.60006	101.15000
 36.60000	 48.78398	101.70000
 36.80000	 48.97339	102.27000
 37.00000	 49.15838	102.83000
 37.20000	 49.33238	103.36000
 37.40000	 49.50199	103.88000
 37.60000	 49.66066	104.37000
 37.80000	 49.80190	104.81000
 38.00000	 49.90280	105.13000
 38.20000	 49.96684	105.34000
 38.40000	 50.01719	105.51000
 38.60000	 50.06056	105.66000
 38.80000	 50.10035	105.80000
 39.00000	 50.15961	106.00000
 39.20000	 50.27775	106.38000
 39.40000	 50.39216	106.75000
 39.60000	 50.49298	107.08000
 39.80000	 50.56709	107.33000
 40.00000	 50.59487	107.44000
 40.20000	 50.52067	107.24000
 40.40000	 50.41059	106.93000
 40.60000	 50.27144	106.53000
 40.80000	 50.11331	106.07000
 41.00000	 49.93635	105.55000
 41.20000	 49.77357	105.07000
 41.40000	 49.61183	104.59000
 41.60000	 49.44459	104.09000
 41.80000	 49.27843	103.59000
 42.00000	 49.10680	103.07000
 42.20000	 48.93625	102.55000
 42.40000	 48.75694	102.00000
 42.60000	 48.58200	101.46000
 42.80000	 48.42127	100.96000
 43.00000	 48.27467	100.50000
 43.20000	 48.14870	100.10000
 43.40000	 48.06951	 99.84000
 43.60000	 48.04675	 99.75000
 43.80000	 48.04073	 99.71000
 44.00000	 48.04472	 99.70000
 44.20000	 48.05200	 99.70000
 44.40000	 48.05923	 99.70000
 44.60000	 47.99408	 99.48000
 44.80000	 47.92573	 99.25000
 45.00000	 47.86082	 99.03000
 45.20000	 47.81249	 98.86000
 45.40000	 47.78071	 98.74000
 45.60000	 47.80483	 98.79000
 45.80000	 47.88137	 99.00000
 46.00000	 47.98051	 99.28000
 46.20000	 48.09554	 99.61000
 46.40000	 48.22632	 99.99000
 46.60000	 48.36287	100.39000
 46.80000	 48.45587	100.66000
 47.00000	 48.56127	100.97000
 47.20000	 48.68889	101.35000
 47.40000	 48.84854	101.83000
 47.60000	 49.04666	102.43000
 47.80000	 49.36522	103.40000
 48.00000	 49.71181	104.46000
 48.20000	 50.07962	105.59000
 48.40000	 50.44878	106.73000
 48.60000	 50.80608	107.84000
 48.80000	 51.11868	108.82000
 49.00000	 51.40644	109.73000
 49.20000	 51.66949	110.57000
 49.40000	 51.89815	111.31000
 49.60000	 52.07620	111.90000
 49.80000	 52.18748	112.29000
 50.00000	 52.26518	112.58000
 50.20000	 52.31286	112.78000
 50.40000	 52.34060	112.92000
 50.60000	 52.35517	113.02000
 50.80000	 52.39284	113.19000
 51.00000	 52.41093	113.30000
 51.20000	 52.40623	113.34000
 51.40000	 52.37559	113.30000
 51.60000	 52.31256	113.16000
 51.80000	 52.16803	112.77000
 52.00000	 51.99161	112.28000
 52.20000	 51.79008	111.71000
 52.40000	 51.56690	111.07000
 52.60000	 51.32879	110.38000
 52.80000	 51.08571	109.67000
 53.00000	 50.84758	108.97000
 53.20000	 50.60453	108.25000
 53.40000	 50.35988	107.52000
 53.60000	 50.11689	106.79000
 53.80000	 49.87555	106.06000
 54.00000	 49.63581	105.33000
 54.20000	 49.40092	104.61000
 54.40000	 49.17412	103.91000
 54.60000	 48.96191	103.25000
 54.80000	 48.76418	102.63000
 55.00000	 48.58740	102.07000
 55.20000	 48.44459	101.61000
 55.40000	 48.34212	101.27000
 55.60000	 48.26006	100.99000
 55.80000	 48.19825	100.77000
 56.00000	 48.15981	100.62000
 56.20000	 48.13801	100.52000
 56.40000	 48.13271	100.47000
 56.60000	 48.14378	100.47000
 56.80000	 48.16783	100.51000
 57.00000	 48.20475	100.59000
 57.20000	 48.25445	100.71000
 57.40000	 48.31685	100.87000
 57.60000	 48.38858	101.06000
 57.80000	 48.46302	101.26000
 58.00000	 48.54011	101.47000
 58.20000	 48.61985	101.69000
 58.40000	 48.68250	101.86000
 58.60000	 48.72484	101.97000
 58.80000	 48.76666	102.08000
 59.00000	 48.81129	102.20000
 59.20000	 48.86530	102.35000
 59.40000	 48.93855	102.56000
 59.60000	 49.07368	102.96000
 59.80000	 49.21464	103.38000
 60.00000	 49.35478	103.80000
 60.20000	 49.48093	104.18000
 60.40000	 49.58984	104.51000
 60.60000	 49.61259	104.58000
 60.80000	 49.61190	104.58000
 61.00000	 49.59124	104.52000
 61.20000	 49.55735	104.42000
 61.40000	 49.50705	104.27000
 61.60000	 49.46676	104.15000
 61.80000	 49.42992	104.04000
 62.00000	 49.38342	103.90000
 62.20000	 49.33716	103.76000
 62.40000	 49.28459	103.60000
 62.60000	 49.22245	103.41000
 62.80000	 49.14751	103.18000
 63.00000	 49.07295	102.95000
 63.20000	 49.00208	102.73000
 63.40000	 48.94475	102.55000
 63.60000	 48.90091	102.41000
 63.80000	 48.91977	102.46000
 64.00000	 48.95839	102.57000
 64.20000	 49.00021	102.69000
 64.40000	 49.03859	102.80000
 64.60000	 49.07019	102.89000
 64.80000	 49.04574	102.81000
 65.00000	 48.97857	102.60000
 65.20000	 48.90170	102.36000
 65.40000	 48.81851	102.10000
 65.60000	 48.73237	101.83000
 65.80000	 48.65647	101.59000
 66.00000	 48.60721	101.43000
 66.20000	 48.56809	101.30000
 66.40000	 48.54235	101.21000
 66.60000	 48.52990	101.16000
 66.80000	 48.53396	101.16000
 67.00000	 48.56758	101.25000
 67.20000	 48.62076	101.40000
 67.40000	 48.68682	101.59000
 67.60000	 48.75909	101.80000
 67.80000	 48.83751	102.03000
 68.00000	 48.91217	102.25000
 68.20000	 48.98963	102.48000
 68.40000	 49.06659	102.71000
 68.60000	 49.14632	102.95000
 68.80000	 49.22883	103.20000
 69.00000	 49.31081	103.45000
 69.20000	 49.39557	103.71000
 69.40000	 49.48309	103.98000
 69.60000	 49.57009	104.25000
 69.80000	 49.65986	104.53000
 70.00000	 49.76554	104.86000
 70.20000	 49.89365	105.26000
 70.40000	 50.01127	105.63000
 70.60000	 50.10527	105.93000
 70.80000	 50.17573	106.16000
 71.00000	 50.18007	106.19000
 71.20000	 50.08898	105.93000
 71.40000	 49.95872	105.55000
 71.60000	 49.80598	105.10000
 71.80000	 49.63754	104.60000
 72.00000	 49.46014	104.07000
 72.20000	 49.31985	103.65000
 72.40000	 49.18707	103.25000
 72.60000	 49.06502	102.88000
 72.80000	 48.94382	102.51000
 73.00000	 48.83328	102.17000
 73.20000	 48.73006	101.85000
 73.40000	 48.60454	101.46000
 73.60000	 48.49616	101.12000
 73.80000	 48.41144	100.85000
 74.00000	 48.35684	100.67000
 74.20000	 48.34206	100.61000
 74.40000	 48.38990	100.74000
 74.60000	 48.52964	101.15000
 74.80000	 48.70829	101.68000
 75.00000	 48.91573	102.30000
 75.20000	 49.14515	102.99000
 75.40000	 49.38979	103.73000
 75.60000	 49.61667	104.42000
 75.80000	 49.84879	105.13000
 76.00000	 50.08939	105.87000
 76.20000	 50.32858	106.61000
 76.40000	 50.57295	107.37000
 76.60000	 50.80935	108.11000
 76.80000	 51.04439	108.85000
 77.00000	 51.27481	109.58000
 77.20000	 51.50396	110.31000
 77.40000	 51.72858	111.03000
 77.60000	 51.92574	111.67000
 77.80000	 52.10870	112.27000
 78.00000	 52.30056	112.90000
 78.20000	 52.50792	113.58000
 78.40000	 52.74063	114.34000
 78.60000	 53.08073	115.43000
 78.80000	 53.49174	116.74000
 79.00000	 53.89450	118.03000
 79.20000	 54.26594	119.23000
 79.40000	 54.58310	120.27000
 79.60000	 54.71151	120.74000
 79.80000	 54.67815	120.72000
 80.00000	 54.58231	120.51000
 80.20000	 54.43765	120.15000
 80.40000	 54.26430	119.70000
 80.60000	 54.10527	119.29000
 80.80000	 54.03293	119.14000
 81.00000	 53.96826	119.01000
 81.20000	 53.91119	118.90000
 81.40000	 53.86167	118.81000
 81.60000	 53.82621	118.76000
 81.80000	 53.79486	118.72000
 82.00000	 53.78069	118.73000
 82.20000	 53.78690	118.80000
 82.40000	 53.79694	118.88000
 82.60000	 53.80746	118.96000
 82.80000	 53.81842	119.04000
 83.00000	 53.81991	119.09000
 83.20000	 53.79881	119.07000
 83.40000	 53.73218	118.91000
 83.60000	 53.66289	118.74000
 83.80000	 53.60085	118.59000
 84.00000	 53.55589	118.49000
 84.20000	 53.52799	118.44000
 84.40000	 53.54661	118.53000
 84.60000	 53.61158	118.76000
 84.80000	 53.70626	119.08000
 85.00000	 53.83372	119.50000
 85.20000	 53.99050	120.01000
 85.40000	 54.18955	120.65000
 85.60000	 54.48319	121.58000
 85.80000	 54.78563	122.54000
 86.00000	 55.08682	123.50000
 86.20000	 55.36370	124.39000
 86.40000	 55.59987	125.16000
 86.60000	 55.72321	125.59000
 86.80000	 55.79982	125.88000
 87.00000	 55.83000	126.03000
 87.20000	 55.81077	126.03000
 87.40000	 55.74243	125.88000
 87.60000	 55.60886	125.53000
 87.80000	 55.43670	125.06000
 88.00000	 55.23607	124.50000
 88.20000	 55.01705	123.88000
 88.40000	 54.77981	123.20000
 88.60000	 54.56388	122.58000
 88.80000	 54.33970	121.93000
 89.00000	 54.11387	121.27000
 89.20000	 53.88967	120.61000
 89.40000	 53.66052	119.93000
 89.60000	 53.44283	119.28000
 89.80000	 53.22668	118.63000
 90.00000	 53.01204	117.98000
 90.20000	 52.80213	117.34000
 90.40000	 52.59035	116.69000
 90.60000	 52.37992	116.04000
 90.80000	 52.15767	115.35000
 91.00000	 51.93675	114.66000
 91.20000	 51.72040	113.98000
 91.40000	 51.51515	113.33000
 91.60000	 51.32093	112.71000
 91.80000	 51.14095	112.13000
 92.00000	 50.99152	111.64000
 92.20000	 50.85608	111.19000
 92.40000	 50.73121	110.77000
 92.60000	 50.61683	110.38000
 92.80000	 50.51282	110.02000
 93.00000	 50.42567	109.71000
 93.20000	 50.34214	109.41000
 93.40000	 50.25888	109.11000
 93.60000	 50.17255	108.80000
 93.80000	 50.07657	108.46000
 94.00000	 49.94796	108.02000
 94.20000	 49.79668	107.51000
 94.40000	 49.63597	106.97000
 94.60000	 49.46916	106.41000
 94.80000	 49.29961	105.84000
 95.00000	 49.12405	105.25000
 95.20000	 48.94579	104.65000
 95.40000	 48.77800	104.08000
 95.60000	 48.62392	103.55000
 95.80000	 48.49336	103.09000
 96.00000	 48.39277	102.72000
 96.20000	 48.38115	102.62000
 96.40000	 48.39572	102.60000
 96.60000	 48.42314	102.62000
 96.80000	 48.45998	102.67000
 97.00000	 48.49628	102.72000
 97.20000	 48.48927	102.64000
 97.40000	 48.46862	102.52000
 97.60000	 48.44099	102.38000
 97.80000	 48.40312	102.21000
 98.00000	 48.36166	102.03000
 98.20000	 48.30680	101.81000
 98.40000	 48.24846	101.58000
 98.60000	 48.18669	101.34000
 98.80000	 48.11824	101.08000
 99.00000	 48.04972	100.82000
 99.20000	 47.97458	100.54000
 99.40000	 47.88959	100.23000
 99.60000	 47.81449	 99.95000
 99.80000	 47.74599	 99.69000
100.00000	 47.69392	 99.48000
100.20000	 47.67137	 99.36000
100.40000	 47.69792	 99.39000
100.60000	 47.74382	 99.48000
100.80000	 47.80236	 99.61000
101.00000	 47.86687	 99.76000
101.20000	 47.93400	 99.92000
101.40000	 47.98728	100.04000
101.60000	 48.03660	100.15000
101.80000	 48.08526	100.26000
102.00000	 48.12341	100.34000
102.20000	 48.15769	100.41000
102.40000	 48.16841	100.41000
102.60000	 48.16882	100.38000
102.80000	 48.16228	100.33000
103.00000	 48.15214	100.27000
103.20000	 48.13517	100.19000
103.40000	 48.11469	100.10000
103.60000	 48.08419	 99.98000
103.80000	 48.06015	 99.88000
104.00000	 48.04585	 99.81000
104.20000	 48.04784	 99.79000
104.40000	 48.07264	 99.84000
104.60000	 48.16614	100.10000
104.80000	 48.27883	100.42000
105.00000	 48.40069	100.77000
105.20000	 48.53165	101.15000
105.40000	 48.65847	101.52000
105.60000	 48.76144	101.82000
105.80000	 48.85376	102.09000
106.00000	 48.93877	102.34000
106.20000	 49.01324	102.56000
106.40000	 49.08052	102.76000
106.60000	 49.13411	102.92000
106.80000	 49.17737	103.05000
107.00000	 49.21365	103.16000
107.20000	 49.24303	103.25000
107.40000	 49.26557	103.32000
107.60000	 49.28788	103.39000
107.80000	 49.30344	103.44000
108.00000	 49.32214	103.50000
108.20000	 49.33742	103.55000
108.40000	 49.35588	103.61000
108.60000	 49.37752	103.68000
108.80000	 49.43190	103.85000
109.00000	 49.48279	104.01000
109.20000	 49.53016	104.16000
109.40000	 49.56745	104.28000
109.60000	 49.58811	104.35000
109.80000	 49.56266	104.28000
110.00000	 49.50111	104.10000
110.20000	 49.42665	103.88000
110.40000	 49.33609	103.61000
110.60000	 49.23612	103.31000
110.80000	 49.12682	102.98000
111.00000	 49.01155	102.63000
111.20000	 48.89364	102.27000
111.40000	 48.78297	101.93000
111.60000	 48.67953	101.61000
111.80000	 48.58986	101.33000
112.00000	 48.51718	101.10000
112.20000	 48.46799	100.94000
112.40000	 48.44215	100.85000
112.60000	 48.44284	100.84000
112.80000	 48.47647	100.93000
113.00000	 48.54943	101.14000
113.20000	 48.69109	101.56000
113.40000	 48.86828	102.09000
113.60000	 49.07092	102.70000
113.80000	 49.29552	103.38000
114.00000	 49.54523	104.14000
114.20000	 49.80344	104.93000
114.40000	 50.07338	105.76000
114.60000	 50.35167	106.62000
114.80000	 50.63497	107.50000
115.00000	 50.91670	108.38000
115.20000	 51.20342	109.28000
115.40000	 51.48199	110.16000
115.60000	 51.74918	111.01000
115.80000	 52.00176	111.82000
116.00000	 52.22670	112.55000
116.20000	 52.40772	113.15000
116.40000	 52.52861	113.57000
116.60000	 52.62580	113.92000
116.80000	 52.70607	114.22000
117.00000	 52.77287	114.48000
117.20000	 52.83620	114.73000
117.40000	 52.96183	115.17000
117.60000	 53.08065	115.59000
117.80000	 53.18280	115.96000
118.00000	 53.25520	116.24000
118.20000	 53.29467	116.42000
118.40000	 53.24225	116.32000
118.60000	 53.11143	115.98000
118.80000	 52.94530	115.53000
119.00000	 52.75397	115.00000
119.20000	 52.54751	114.42000
119.40000	 52.33263	113.81000
119.60000	 52.13570	113.25000
119.80000	 51.94686	112.71000
120.00000	 51.77264	112.21000
120.20000	 51.61299	111.75000
120.40000	 51.47766	111.36000
120.60000	 51.39279	111.12000
120.80000	 51.35817	111.03000
121.00000	 51.35380	111.03000
121.20000	 51.36634	111.08000
121.40000	 51.39561	111.18000
121.60000	 51.44146	111.33000
121.80000	 51.49391	111.50000
122.00000	 51.55285	111.69000
122.20000	 51.61164	111.88000
122.40000	 51.66368	112.05000
122.60000	 51.70896	112.20000
122.80000	 51.71465	112.23000
123.00000	 51.71043	112.23000
123.20000	 51.69639	112.20000
123.40000	 51.67915	112.16000
123.60000	 51.65876	112.11000
123.80000	 51.61555	111.99000
124.00000	 51.57916	111.89000
124.20000	 51.55619	111.83000
124.40000	 51.55644	111.84000
124.60000	 51.58641	111.94000
124.80000	 51.74780	112.44000
125.00000	 51.93171	113.01000
125.20000	 52.11824	113.59000
125.40000	 52.29081	114.13000
125.60000	 52.42314	114.55000
125.80000	 52.40693	114.52000
126.00000	 52.35109	114.37000
126.20000	 52.26248	114.12000
126.40000	 52.15448	113.81000
126.60000	 52.03057	113.45000
126.80000	 51.91061	113.10000
127.00000	 51.79136	112.75000
127.20000	 51.68602	112.44000
127.40000	 51.60112	112.19000
127.60000	 51.54645	112.03000
127.80000	 51.59743	112.19000
128.00000	 51.66824	112.41000
128.20000	 51.74885	112.66000
128.40000	 51.82268	112.89000
128.60000	 51.86669	113.03000
128.80000	 51.82180	112.90000
129.00000	 51.76386	112.73000
129.20000	 51.70612	112.56000
129.40000	 51.66179	112.43000
129.60000	 51.67029	112.46000
129.80000	 51.75115	112.71000
130.00000	 51.85154	113.02000
130.20000	 51.96473	113.37000
130.40000	 52.07747	113.72000
130.60000	 52.17327	114.02000
130.80000	 52.23901	114.23000
131.00000	 52.29449	114.41000
131.20000	 52.34306	114.57000
131.40000	 52.38149	114.70000
131.60000	 52.41642	114.82000
131.80000	 52.45444	114.95000
132.00000	 52.47917	115.04000
132.20000	 52.48408	115.07000
132.40000	 52.46926	115.04000
132.60000	 52.41841	114.90000
132.80000	 52.30210	114.56000
133.00000	 52.15348	114.12000
133.20000	 51.98260	113.61000
133.40000	 51.79290	113.04000
133.60000	 51.58781	112.42000
133.80000	 51.36743	111.75000
134.00000	 51.13516	111.04000
134.20000	 50.90749	110.34000
134.40000	 50.68442	109.65000
134.60000	 50.47251	108.99000
134.80000	 50.29143	108.42000
135.00000	 50.17716	108.05000
135.20000	 50.08016	107.73000
135.40000	 49.99041	107.43000
135.60000	 49.90121	107.13000
135.80000	 49.80922	106.82000
136.00000	 49.67168	106.37000
136.20000	 49.51498	105.86000
136.40000	 49.35233	105.33000
136.60000	 49.18379	104.78000
136.80000	 49.01265	104.22000
137.00000	 48.82581	103.61000
137.20000	 48.62989	102.97000
137.40000	 48.44792	102.37000
137.60000	 48.27986	101.81000
137.80000	 48.14208	101.34000
138.00000	 48.04758	101.00000
138.20000	 48.04873	100.95000
138.40000	 48.07943	100.99000
138.60000	 48.12959	101.09000
138.80000	 48.18589	101.21000
139.00000	 48.23835	101.32000
139.20000	 48.25080	101.31000
139.40000	 48.25288	101.27000
139.60000	 48.24793	101.21000
139.80000	 48.22943	101.11000
140.00000	 48.20731	101.00000
140.20000	 48.13234	100.73000
140.40000	 48.05728	100.46000
140.60000	 47.98877	100.21000
140.80000	 47.93996	100.02000
141.00000	 47.92397	 99.93000
141.20000	 48.01951	100.18000
141.40000	 48.16048	100.57000
141.60000	 48.31706	101.01000
141.80000	 48.47593	101.46000
142.00000	 48.62387	101.88000
142.20000	 48.68861	102.05000
142.40000	 48.72294	102.13000
142.60000	 48.73692	102.15000
142.80000	 48.74053	102.14000
143.00000	 48.73061	102.09000
143.20000	 48.73683	102.09000
143.40000	 48.73948	102.08000
143.60000	 48.73862	102.06000
143.80000	 48.73099	102.02000
144.00000	 48.71991	101.97000
144.20000	 48.67258	101.81000
144.40000	 48.61871	101.63000
144.60000	 48.57477	101.48000
144.80000	 48.54405	101.37000
145.00000	 48.53968	101.34000
145.20000	 48.63053	101.60000
145.40000	 48.75057	101.95000
145.60000	 48.88317	102.34000
145.80000	 49.01178	102.72000
146.00000	 49.12321	103.05000
146.20000	 49.16820	103.18000
146.40000	 49.18639	103.23000
146.60000	 49.18779	103.23000
146.80000	 49.16596	103.16000
147.00000	 49.12760	103.04000
147.20000	 49.07613	102.88000
147.40000	 49.00835	102.67000
147.60000	 48.92439	102.41000
147.80000	 48.82106	102.09000
148.00000	 48.69518	101.70000
148.20000	 48.50089	101.10000
148.40000	 48.30745	100.50000
148.60000	 48.12806	 99.94000
148.80000	 47.98246	 99.48000
149.00000	 47.89682	 99.20000
149.20000	 47.97272	 99.41000
149.40000	 48.08475	 99.73000
149.60000	 48.22600	100.14000
149.80000	 48.37650	100.58000
150.00000	 48.50981	100.97000
150.20000	 48.59633	101.22000
150.40000	 48.66573	101.42000
150.60000	 48.71809	101.57000
150.80000	 48.75022	101.66000
151.00000	 48.75566	101.67000
151.20000	 48.73126	101.59000
151.40000	 48.69361	101.47000
151.60000	 48.64282	101.31000
151.80000	 48.58886	101.14000
152.00000	 48.53835	100.98000
152.20000	 48.49131	100.83000
152.40000	 48.44777	100.69000
152.60000	 48.40442	100.55000
152.80000	 48.36456	100.42000
153.00000	 48.31175	100.25000
153.20000	 48.25588	100.07000
153.40000	 48.21339	 99.93000
153.60000	 48.19410	 99.86000
153.80000	 48.19792	 99.86000
154.00000	 48.29372	100.14000
154.20000	 48.42859	100.54000
154.40000	 48.57273	100.97000
154.60000	 48.71945	101.41000
154.80000	 48.85222	101.81000
155.00000	 48.90865	101.98000
155.20000	 48.94152	102.08000
155.40000	 48.95427	102.12000
155.60000	 48.94376	102.09000
155.80000	 48.91669	102.01000
156.00000	 48.87976	101.90000
156.20000	 48.82650	101.74000
156.40000	 48.76029	101.54000
156.60000	 48.67794	101.29000
156.80000	 48.58284	101.00000
157.00000	 48.44221	100.57000
157.20000	 48.29239	100.11000
157.40000	 48.14659	 99.66000
157.60000	 48.01471	 99.25000
157.80000	 47.90329	 98.90000
158.00000	 47.86808	 98.78000
158.20000	 47.87925	 98.80000
158.40000	 47.91685	 98.90000
158.60000	 47.96753	 99.04000
158.80000	 48.03116	 99.22000
159.00000	 48.08134	 99.36000
159.20000	 48.13120	 99.50000
159.40000	 48.18399	 99.65000
159.60000	 48.24297	 99.82000
159.80000	 48.30483	100.00000
160.00000	 48.37612	100.21000
160.20000	 48.45023	100.43000
160.40000	 48.53371	100.68000
160.60000	 48.61996	100.94000
160.80000	 48.71225	101.22000
161.00000	 48.81711	101.54000
161.20000	 48.92794	101.88000
161.40000	 49.03814	102.22000
161.60000	 49.14771	102.56000
161.80000	 49.25335	102.89000
162.00000	 49.32882	103.13000
162.20000	 49.39722	103.35000
162.40000	 49.47175	103.59000
162.60000	 49.55572	103.86000
162.80000	 49.65897	104.19000
163.00000	 49.84714	104.78000
163.20000	 50.04439	105.40000
163.40000	 50.24405	106.03000
163.60000	 50.42963	106.62000
163.80000	 50.58144	107.11000
164.00000	 50.66675	107.40000
164.20000	 50.72851	107.62000
164.40000	 50.76690	107.77000
164.60000	 50.78536	107.86000
164.80000	 50.78076	107.88000
165.00000	 50.75654	107.84000
165.20000	 50.72269	107.77000
165.40000	 50.68586	107.69000
165.60000	 50.65270	107.62000
165.80000	 50.64293	107.62000
166.00000	 50.64993	107.67000
166.20000	 50.65719	107.72000
166.40000	 50.66798	107.78000
166.60000	 50.67570	107.83000
166.80000	 50.68033	107.87000
167.00000	 50.67531	107.88000
167.20000	 50.65738	107.85000
167.40000	 50.62986	107.79000
167.60000	 50.58296	107.67000
167.80000	 50.50031	107.44000
168.00000	 50.39522	107.14000
168.20000	 50.28093	106.81000
168.40000	 50.15423	106.44000
168.60000	 50.02178	106.05000
168.80000	 49.87704	105.62000
169.00000	 49.73323	105.19000
169.20000	 49.60019	104.79000
169.40000	 49.48119	104.43000
169.60000	 49.38602	104.14000
169.80000	 49.36383	104.07000
170.00000	 49.37820	104.11000
170.20000	 49.40263	104.18000
170.40000	 49.43041	104.26000
170.60000	 49.44832	104.31000
170.80000	 49.39719	104.15000
171.00000	 49.32979	103.94000
171.20000	 49.25606	103.71000
171.40000	 49.17936	103.47000
171.60000	 49.10957	103.25000
171.80000	 49.05984	103.09000
172.00000	 49.00711	102.92000
172.20000	 48.95137	102.74000
172.40000	 48.88934	102.54000
172.60000	 48.77176	102.17000
172.80000	 48.64809	101.78000
173.00000	 48.54138	101.44000
173.20000	 48.45818	101.17000
173.40000	 48.43784	101.09000
173.60000	 48.48339	101.21000
173.80000	 48.56499	101.44000
174.00000	 48.68240	101.78000
174.20000	 48.82882	102.21000
174.40000	 49.00735	102.74000
174.60000	 49.20465	103.33000
174.80000	 49.41071	103.95000
175.00000	 49.61889	104.58000
175.20000	 49.80940	105.16000
175.40000	 49.97902	105.68000
175.60000	 50.14096	106.18000
175.80000	 50.28543	106.63000
176.00000	 50.41580	107.04000
176.20000	 50.50919	107.34000
176.40000	 50.58549	107.59000
176.60000	 50.65139	107.81000
176.80000	 50.70372	107.99000
177.00000	 50.75243	108.16000
177.20000	 50.80746	108.35000
177.40000	 50.85568	108.52000
177.60000	 50.89387	108.66000
177.80000	 50.91879	108.76000
178.00000	 50.92724	108.81000
178.20000	 50.91272	108.79000
178.40000	 50.88193	108.72000
178.60000	 50.82839	108.58000
178.80000	 50.75551	108.38000
179.00000	 50.65355	108.09000
179.20000	 50.51279	107.68000
179.40000	 50.34984	107.20000
179.60000	 50.17142	106.67000
179.80000	 49.97762	106.09000
180.00000	 49.77183	105.47000
180.20000	 49.54757	104.79000
180.40000	 49.31804	104.09000
180.60000	 49.09315	103.40000
180.80000	 48.87946	102.74000
181.00000	 48.68679	102.14000
181.20000	 48.52816	101.64000
181.40000	 48.43299	101.33000
181.60000	 48.36157	101.09000
181.80000	 48.31043	100.91000
182.00000	 48.27939	100.79000
182.20000	 48.26173	100.71000
182.40000	 48.25732	100.67000
182.60000	 48.25947	100.65000
182.80000	 48.26810	100.65000
183.00000	 48.27987	100.66000
183.20000	 48.29143	100.67000
183.40000	 48.28306	100.62000
183.60000	 48.26138	100.53000
183.80000	 48.24286	100.45000
184.00000	 48.23080	100.39000
184.20000	 48.22847	100.36000
184.40000	 48.24898	100.40000
184.60000	 48.30211	100.54000
184.80000	 48.36471	100.71000
185.00000	 48.44002	100.92000
185.20000	 48.52138	101.15000
185.40000	 48.60545	101.39000
185.60000	 48.69549	101.65000
185.80000	 48.78161	101.90000
186.00000	 48.86054	102.13000
186.20000	 48.92900	102.33000
186.40000	 48.97721	102.47000
186.60000	 48.99211	102.51000
186.80000	 48.98698	102.49000
187.00000	 48.96196	102.41000
187.20000	 48.92374	102.29000
187.40000	 48.86914	102.12000
187.60000	 48.77855	101.84000
187.80000	 48.67844	101.53000
188.00000	 48.57545	101.21000
188.20000	 48.47622	100.90000
188.40000	 48.38734	100.62000
188.60000	 48.36463	100.54000
188.80000	 48.36844	100.54000
189.00000	 48.37564	100.55000
189.20000	 48.38613	100.57000
189.40000	 48.39001	100.57000
189.60000	 48.35441	100.45000
189.80000	 48.28602	100.23000
190.00000	 48.21124	 99.99000
190.20000	 48.12357	 99.71000
190.40000	 48.02967	 99.41000
190.60000	 47.92300	 99.07000
190.80000	 47.79708	 98.67000
191.00000	 47.67826	 98.29000
191.20000	 47.57312	 97.95000
191.40000	 47.48820	 97.67000
191.60000	 47.42999	 97.47000
191.80000	 47.47392	 97.58000
192.00000	 47.54733	 97.78000
192.20000	 47.63687	 98.03000
192.40000	 47.73579	 98.31000
192.60000	 47.83085	 98.58000
192.80000	 47.86945	 98.68000
193.00000	 47.88129	 98.70000
193.20000	 47.88292	 98.69000
193.40000	 47.88429	 98.68000
193.60000	 47.88214	 98.66000
193.80000	 47.89296	 98.68000
194.00000	 47.92329	 98.76000
194.20000	 47.95665	 98.85000
194.40000	 47.99303	 98.95000
194.60000	 48.02911	 99.05000
194.80000	 48.06819	 99.16000
195.00000	 48.09382	 99.23000
195.20000	 48.11919	 99.30000
195.40000	 48.15088	 99.39000
195.60000	 48.19216	 99.51000
195.80000	 48.23973	 99.65000
196.00000	 48.32641	 99.91000
196.20000	 48.42906	100.22000
196.40000	 48.53117	100.53000
196.60000	 48.63272	100.84000
196.80000	 48.72054	101.11000
197.00000	 48.76840	101.26000
197.20000	 48.77315	101.28000
197.40000	 48.76784	101.27000
197.60000	 48.75586	101.24000
197.80000	 48.74714	101.22000
198.00000	 48.75486	101.25000
198.20000	 48.79870	101.39000
198.40000	 48.84899	101.55000
198.60000	 48.90895	101.74000
198.80000	 48.97197	101.94000
199.00000	 49.04129	102.16000
199.20000	 49.12015	102.41000
199.40000	 49.19539	102.65000
199.60000	 49.26042	102.86000
199.80000	 49.31526	103.04000
200.00000	 49.35340	103.17000
200.20000	 49.33222	103.12000
200.40000	 49.28805	103.00000
200.60000	 49.23421	102.85000
200.80000	 49.17406	102.68000
201.00000	 49.11098	102.50000
201.20000	 49.07458	102.40000
201.40000	 49.05493	102.35000
201.60000	 49.03884	102.31000
201.80000	 49.02298	102.27000
202.00000	 49.00077	102.21000
202.20000	 48.96892	102.12000
202.40000	 48.91761	101.97000
202.60000	 48.86333	101.81000
202.80000	 48.79952	101.62000
203.00000	 48.73281	101.42000
203.20000	 48.65994	101.20000
203.40000	 48.57436	100.94000
203.60000	 48.48270	100.66000
203.80000	 48.39484	100.39000
204.00000	 48.30420	100.11000
204.20000	 48.22066	 99.85000
204.40000	 48.13762	 99.59000
204.60000	 48.05507	 99.33000
204.80000	 47.98940	 99.12000
205.00000	 47.93400	 98.94000
205.20000	 47.89863	 98.82000
205.40000	 47.88322	 98.76000
205.60000	 47.93692	 98.91000
205.80000	 48.00690	 99.11000
206.00000	 48.08644	 99.34000
206.20000	 48.16885	 99.58000
206.40000	 48.24423	 99.80000
206.60000	 48.27642	 99.89000
206.80000	 48.28198	 99.90000
207.00000	 48.27745	 99.88000
207.20000	 48.27276	 99.86000
207.40000	 48.27125	 99.85000
207.60000	 48.27950	 99.87000
207.80000	 48.31720	 99.98000
208.00000	 48.36128	100.11000
208.20000	 48.41168	100.26000
208.40000	 48.45852	100.40000
208.60000	 48.50506	100.54000
208.80000	 48.52176	100.59000
209.00000	 48.53169	100.62000
209.20000	 48.54476	100.66000
209.40000	 48.57412	100.75000
209.60000	 48.61975	100.89000
209.80000	 48.72427	101.21000
210.00000	 48.89405	101.73000
210.20000	 49.07626	102.29000
210.40000	 49.25762	102.85000
210.60000	 49.42820	103.38000
210.80000	 49.55845	103.79000
211.00000	 49.60579	103.95000
211.20000	 49.62637	104.03000
211.40000	 49.62367	104.04000
211.60000	 49.60443	104.00000
211.80000	 49.56881	103.91000
212.00000	 49.52022	103.78000
212.20000	 49.46532	103.63000
212.40000	 49.41078	103.48000
212.60000	 49.35991	103.34000
212.80000	 49.31601	103.22000
213.00000	 49.29549	103.17000
213.20000	 49.30483	103.21000
213.40000	 49.33078	103.30000
213.60000	 49.37322	103.44000
213.80000	 49.42550	103.61000
214.00000	 49.49737	103.84000
214.20000	 49.58217	104.11000
214.40000	 49.67653	104.41000
214.60000	 49.78365	104.75000
214.80000	 49.90018	105.12000
215.00000	 50.02277	105.51000
215.20000	 50.14153	105.89000
215.40000	 50.26629	106.29000
215.60000	 50.40033	106.72000
215.80000	 50.54688	107.19000
216.00000	 50.70919	107.71000
216.20000	 50.93319	108.42000
216.40000	 51.18250	109.21000
216.60000	 51.43072	110.00000
216.80000	 51.66137	110.74000
217.00000	 51.86791	111.41000
217.20000	 51.98802	111.82000
217.40000	 52.05159	112.06000
217.60000	 52.07862	112.19000
217.80000	 52.07593	112.23000
218.00000	 52.05032	112.20000
218.20000	 52.00526	112.11000
218.40000	 51.94418	111.97000
218.60000	 51.87379	111.80000
218.80000	 51.79748	111.61000
219.00000	 51.71531	111.40000
219.20000	 51.64046	111.21000
219.40000	 51.57622	111.05000
219.60000	 51.51927	110.91000
219.80000	 51.46301	110.77000
220.00000	 51.41069	110.64000
220.20000	 51.36884	110.54000
220.40000	 51.33742	110.47000
220.60000	 51.30978	110.41000
220.80000	 51.27931	110.34000
221.00000	 51.24599	110.26000
221.20000	 51.20981	110.17000
221.40000	 51.15762	110.03000
221.60000	 51.09932	109.87000
221.80000	 51.03165	109.68000
222.00000	 50.95136	109.45000
222.20000	 50.86179	109.19000
222.40000	 50.70713	108.73000
222.60000	 50.55003	108.26000
222.80000	 50.40369	107.82000
223.00000	 50.28453	107.46000
223.20000	 50.19905	107.20000
223.40000	 50.24565	107.34000
223.60000	 50.33841	107.62000
223.80000	 50.46062	107.99000
224.00000	 50.59888	108.41000
224.20000	 50.74972	108.87000
224.40000	 50.87688	109.26000
224.60000	 51.00008	109.64000
224.80000	 51.11273	109.99000
225.00000	 51.21486	110.31000
225.20000	 51.29667	110.57000
225.40000	 51.31226	110.63000
225.60000	 51.31774	110.66000
225.80000	 51.32307	110.69000
226.00000	 51.33489	110.74000
226.20000	 51.36967	110.86000
226.40000	 51.48975	111.24000
226.60000	 51.61931	111.65000
226.80000	 51.75495	112.08000
227.00000	 51.88345	112.49000
227.20000	 51.98510	112.82000
227.40000	 52.04683	113.03000
227.60000	 52.08849	113.18000
227.80000	 52.10692	113.26000
228.00000	 52.10226	113.27000
228.20000	 52.06478	113.18000
228.40000	 52.00124	113.01000
228.60000	 51.91506	112.77000
228.80000	 51.80969	112.47000
229.00000	 51.68524	112.11000
229.20000	 51.52542	111.64000
229.40000	 51.33368	111.07000
229.60000	 51.14303	110.50000
229.80000	 50.96995	109.98000
230.00000	 50.82426	109.54000
230.20000	 50.76171	109.35000
230.40000	 50.77871	109.40000
230.60000	 50.82231	109.53000
230.80000	 50.88244	109.71000
231.00000	 50.94906	109.91000
231.20000	 50.98263	110.01000
231.40000	 50.99303	110.04000
231.60000	 50.99676	110.05000
231.80000	 50.99057	110.03000
232.00000	 50.97449	109.98000
232.20000	 50.92558	109.83000
232.40000	 50.87027	109.66000
232.60000	 50.81188	109.48000
232.80000	 50.76362	109.33000
233.00000	 50.72875	109.22000
233.20000	 50.73022	109.22000
233.40000	 50.75148	109.28000
233.60000	 50.80228	109.43000
233.80000	 50.87918	109.66000
234.00000	 50.99518	110.01000
234.20000	 51.17309	110.55000
234.40000	 51.37648	111.17000
234.60000	 51.59204	111.83000
234.80000	 51.81307	112.51000
235.00000	 52.02964	113.18000
235.20000	 52.23188	113.81000
235.40000	 52.41654	114.39000
235.60000	 52.57712	114.90000
235.80000	 52.70388	115.31000
236.00000	 52.74772	115.47000
236.20000	 52.73528	115.46000
236.40000	 52.71285	115.42000
236.60000	 52.68389	115.36000
236.80000	 52.66824	115.34000
237.00000	 52.76447	115.66000
237.20000	 52.87698	116.03000
237.40000	 52.98923	116.40000
237.60000	 53.09130	116.74000
237.80000	 53.15690	116.97000
238.00000	 53.15986	117.01000
238.20000	 53.13327	116.96000
238.40000	 53.07072	116.80000
238.60000	 52.97571	116.54000
238.80000	 52.82870	116.12000
239.00000	 52.63324	115.55000
239.20000	 52.41916	114.92000
239.40000	 52.19646	114.26000
239.60000	 51.97840	113.61000
239.80000	 51.80441	113.09000
240.00000	 51.67109	112.69000
240.20000	 51.54542	112.31000
240.40000	 51.43059	111.96000
240.60000	 51.31992	111.62000
240.80000	 51.21333	111.29000
241.00000	 51.10421	110.95000
241.20000	 50.99250	110.60000
241.40000	 50.87490	110.23000
241.60000	 50.74483	109.82000
241.80000	 50.58590	109.32000
242.00000	 50.41134	108.77000
242.20000	 50.23106	108.20000
242.40000	 50.04838	107.62000
242.60000	 49.86005	107.02000
242.80000	 49.65294	106.36000
243.00000	 49.45339	105.72000
243.20000	 49.27453	105.14000
243.40000	 49.12613	104.65000
243.60000	 49.01792	104.28000
243.80000	 49.03180	104.28000
244.00000	 49.09176	104.42000
244.20000	 49.17776	104.64000
244.40000	 49.28627	104.93000
244.60000	 49.39083	105.21000
244.80000	 49.47162	105.42000
245.00000	 49.54511	105.61000
245.20000	 49.61129	105.78000
245.40000	 49.67021	105.93000
245.60000	 49.70546	106.01000
245.80000	 49.71388	106.01000
246.00000	 49.71859	106.00000
246.20000	 49.72293	105.99000
246.40000	 49.73353	106.00000
246.60000	 49.77338	106.10000
246.80000	 49.83913	106.28000
247.00000	 49.91754	106.50000
247.20000	 50.00854	106.76000
247.40000	 50.11207	107.06000
247.60000	 50.24447	107.45000
247.80000	 50.38592	107.87000
248.00000	 50.52322	108.28000
248.20000	 50.64979	108.66000
248.40000	 50.75252	108.97000
248.60000	 50.80851	109.14000
248.80000	 50.84094	109.24000
249.00000	 50.84668	109.26000
249.20000	 50.82589	109.20000
249.40000	 50.76560	109.02000
249.60000	 50.65617	108.69000
249.80000	 50.53398	108.32000
250.00000	 50.41231	107.95000
250.20000	 50.30109	107.61000
250.40000	 50.25289	107.46000
250.60000	 50.26423	107.49000
250.80000	 50.28559	107.55000
251.00000	 50.31028	107.62000
251.20000	 50.32837	107.67000
251.40000	 50.29712	107.57000
251.60000	 50.23638	107.38000
251.80000	 50.15285	107.12000
252.00000	 50.05650	106.82000
252.20000	 49.94084	106.46000
252.40000	 49.78299	105.97000
252.60000	 49.61270	105.44000
252.80000	 49.44321	104.91000
253.00000	 49.28442	104.41000
253.20000	 49.14944	103.98000
253.40000	 49.09405	103.79000
253.60000	 49.06868	103.69000
253.80000	 49.05999	103.64000
254.00000	 49.06783	103.64000
254.20000	 49.08551	103.67000
254.40000	 49.09320	103.67000
254.60000	 49.10402	103.68000
254.80000	 49.11137	103.68000
255.00000	 49.11195	103.66000
255.20000	 49.10578	103.62000
255.40000	 49.08303	103.53000
255.60000	 49.05033	103.41000
255.80000	 49.00773	103.26000
256.00000	 48.96186	103.10000
256.20000	 48.89963	102.89000
256.40000	 48.80796	102.59000
256.60000	 48.72312	102.31000
256.80000	 48.65169	102.07000
257.00000	 48.60350	101.90000
257.20000	 48.61789	101.92000
257.40000	 48.71435	102.19000
257.60000	 48.82682	102.51000
257.80000	 48.94856	102.86000
258.00000	 49.06632	103.20000
258.20000	 49.14062	103.41000
258.40000	 49.16828	103.48000
258.60000	 49.17906	103.50000
258.80000	 49.17306	103.47000
259.00000	 49.14712	103.38000
259.20000	 49.08165	103.17000
259.40000	 48.99656	102.90000
259.60000	 48.91497	102.64000
259.80000	 48.84022	102.40000
260.00000	 48.78220	102.21000
260.20000	 48.80983	102.28000
260.40000	 48.87684	102.47000
260.60000	 48.95347	102.69000
260.80000	 49.02972	102.91000
261.00000	 49.09898	103.11000
261.20000	 49.10866	103.13000
261.40000	 49.09836	103.09000
261.60000	 49.07147	103.00000
261.80000	 49.02483	102.85000
262.00000	 48.96182	102.65000
262.20000	 48.85300	102.31000
262.40000	 48.73141	101.93000
262.60000	 48.61030	101.55000
262.80000	 48.49630	101.19000
263.00000	 48.39928	100.88000
263.20000	 48.35203	100.72000
263.40000	 48.32810	100.63000
263.60000	 48.32736	100.61000
263.80000	 48.34967	100.66000
264.00000	 48.39488	100.78000
264.20000	 48.47600	101.01000
264.40000	 48.57313	101.29000
264.60000	 48.67959	101.60000
264.80000	 48.79527	101.94000
265.00000	 48.91025	102.28000
265.20000	 49.01793	102.60000
265.40000	 49.11504	102.89000
265.60000	 49.20489	103.16000
265.80000	 49.28425	103.40000
266.00000	 49.33674	103.56000
266.20000	 49.34278	103.58000
266.40000	 49.33542	103.56000
266.60000	 49.32463	103.53000
266.80000	 49.32035	103.52000
267.00000	 49.34232	103.59000
267.20000	 49.42659	103.85000
267.40000	 49.51713	104.13000
267.60000	 49.60072	104.39000
267.80000	 49.67404	104.62000
268.00000	 49.70428	104.72000
268.20000	 49.66858	104.62000
268.40000	 49.60990	104.45000
268.60000	 49.53169	104.22000
268.80000	 49.43411	103.93000
269.00000	 49.31727	103.58000
269.20000	 49.18132	103.17000
269.40000	 49.04279	102.75000
269.60000	 48.91159	102.35000
269.80000	 48.79758	102.00000
270.00000	 48.71057	101.73000
270.20000	 48.71286	101.73000
270.40000	 48.73513	101.79000
270.60000	 48.77063	101.89000
270.80000	 48.80937	102.00000
271.00000	 48.84141	102.09000
271.20000	 48.82730	102.04000
271.40000	 48.80329	101.96000
271.60000	 48.77273	101.86000
271.80000	 48.73238	101.73000
272.00000	 48.68558	101.58000
272.20000	 48.63565	101.42000
272.40000	 48.58263	101.25000
272.60000	 48.52983	101.08000
272.80000	 48.47397	100.90000
273.00000	 48.42492	100.74000
273.20000	 48.38267	100.60000
273.40000	 48.34719	100.48000
273.60000	 48.31516	100.37000
273.80000	 48.28656	100.27000
274.00000	 48.26463	100.19000
274.20000	 48.26249	100.17000
274.40000	 48.26691	100.17000
274.60000	 48.27127	100.17000
274.80000	 48.26570	100.14000
275.00000	 48.25349	100.09000
275.20000	 48.20839	 99.94000
275.40000	 48.13380	 99.70000
275.60000	 48.04627	 99.42000
275.80000	 47.94589	 99.10000
276.00000	 47.83933	 98.76000
276.20000	 47.72006	 98.38000
276.40000	 47.58817	 97.96000
276.60000	 47.46013	 97.55000
276.80000	 47.33925	 97.16000
277.00000	 47.24193	 96.84000
277.20000	 47.16481	 96.58000
277.40000	 47.16363	 96.55000
277.60000	 47.18883	 96.60000
277.80000	 47.23692	 96.72000
278.00000	 47.30118	 96.89000
278.20000	 47.37490	 97.09000
278.40000	 47.45470	 97.31000
278.60000	 47.53394	 97.53000
278.80000	 47.61258	 97.75000
279.00000	 47.69062	 97.97000
279.20000	 47.75818	 98.16000
279.40000	 47.80873	 98.30000
279.60000	 47.84235	 98.39000
279.80000	 47.86570	 98.45000
280.00000	 47.87227	 98.46000
280.20000	 47.86545	 98.43000
280.40000	 47.82890	 98.31000
280.60000	 47.76605	 98.11000
280.80000	 47.69675	 97.89000
281.00000	 47.62766	 97.67000
281.20000	 47.56210	 97.46000
281.40000	 47.52309	 97.33000
281.60000	 47.53355	 97.35000
281.80000	 47.54730	 97.38000
282.00000	 47.56100	 97.41000
282.20000	 47.56475	 97.41000
282.40000	 47.54214	 97.33000
282.60000	 47.45382	 97.05000
282.80000	 47.35259	 96.73000
283.00000	 47.23529	 96.36000
283.20000	 47.11516	 95.98000
283.40000	 46.99225	 95.59000
283.60000	 46.87976	 95.23000
283.80000	 46.77766	 94.90000
284.00000	 46.68264	 94.59000
284.20000	 46.59794	 94.31000
284.40000	 46.52680	 94.07000
284.60000	 46.47571	 93.89000
284.80000	 46.44129	 93.76000
285.00000	 46.43000	 93.70000
285.20000	 46.43845	 93.70000
285.40000	 46.46979	 93.77000
285.60000	 46.52718	 93.92000
285.80000	 46.63676	 94.23000
286.00000	 46.76544	 94.60000
286.20000	 46.90980	 95.02000
286.40000	 47.06643	 95.48000
286.60000	 47.22538	 95.95000
286.80000	 47.36690	 96.37000
287.00000	 47.50744	 96.79000
287.20000	 47.65030	 97.22000
287.40000	 47.79549	 97.66000
287.60000	 47.94630	 98.12000
287.80000	 48.09944	 98.59000
288.00000	 48.25822	 99.08000
288.20000	 48.42589	 99.60000
288.40000	 48.60574	100.16000
288.60000	 48.79444	100.75000
288.80000	 49.04124	101.52000
289.00000	 49.29996	102.33000
289.20000	 49.55081	103.12000
289.40000	 49.77736	103.84000
289.60000	 49.97641	104.48000
289.80000	 50.06268	104.78000
