  0.00000	 49.97926	107.15000
  0.20000	 50.03751	107.28000
  0.40000	 50.09175	107.40000
  0.60000	 50.14184	107.51000
  0.80000	 50.19164	107.62000
  1.00000	 50.24502	107.74000
  1.20000	 50.30192	107.87000
  1.40000	 50.36231	108.01000
  1.60000	 50.43009	108.17000
  1.80000	 50.50915	108.36000
  2.00000	 50.61517	108.62000
  2.20000	 50.77945	109.03000
  2.40000	 50.94285	109.44000
  2.60000	 51.08568	109.80000
  2.80000	 51.20011	110.09000
  3.00000	 51.23516	110.18000
  3.20000	 51.16756	110.01000
  3.40000	 51.05669	109.73000
  3.60000	 50.91464	109.37000
  3.80000	 50.74165	108.93000
  4.00000	 50.54974	108.44000
  4.20000	 50.34694	107.92000
  4.40000	 50.14123	107.39000
  4.60000	 49.94053	106.87000
  4.80000	 49.74879	106.37000
  5.00000	 49.58956	105.95000
  5.20000	 49.49413	105.69000
  5.40000	 49.42299	105.49000
  5.60000	 49.36022	105.31000
  5.80000	 49.31358	105.17000
  6.00000	 49.26329	105.02000
  6.20000	 49.20145	104.84000
  6.40000	 49.14375	104.67000
  6.60000	 49.08625	104.50000
  6.80000	 49.03284	104.34000
  7.00000	 48.98350	104.19000
  7.20000	 48.94212	104.06000
  7.40000	 48.90474	103.94000
  7.60000	 48.87133	103.83000
  7.80000	 48.83792	103.72000
  8.00000	 48.80843	103.62000
  8.20000	 48.75535	103.46000
  8.40000	 48.70623	103.31000
  8.60000	 48.67287	103.20000
  8.80000	 48.65914	103.14000
  9.00000	 48.66889	103.14000
  9.20000	 48.76881	103.37000
  9.40000	 48.89569	103.67000
  9.60000	 49.03365	104.00000
  9.80000	 49.17862	104.35000
 10.00000	 49.31479	104.68000
 10.20000	 49.39503	104.87000
 10.40000	 49.45485	105.01000
 10.60000	 49.50223	105.12000
 10.80000	 49.53335	105.19000
 11.00000	 49.55222	105.23000
 11.20000	 49.55504	105.23000
 11.40000	 49.54975	105.21000
 11.60000	 49.53251	105.16000
 11.80000	 49.50341	105.08000
 12.00000	 49.47037	104.99000
 12.20000	 49.42953	104.88000
 12.40000	 49.38880	104.77000
 12.60000	 49.34035	104.64000
 12.80000	 49.28029	104.48000
 13.00000	 49.20475	104.28000
 13.20000	 49.10987	104.03000
 13.40000	 48.98397	103.70000
 13.60000	 48.84288	103.33000
 13.80000	 48.69850	102.95000
 14.00000	 48.54694	102.55000
 14.20000	 48.39611	102.15000
 14.40000	 48.24210	101.74000
 14.60000	 48.09277	101.34000
 14.80000	 47.95598	100.97000
 15.00000	 47.83559	100.64000
 15.20000	 47.74331	100.38000
 15.40000	 47.68688	100.21000
 15.60000	 47.70146	100.22000
 15.80000	 47.74354	100.30000
 16.00000	 47.80505	100.43000
 16.20000	 47.88191	100.60000
 16.40000	 47.97396	100.81000
 16.60000	 48.06540	101.02000
 16.80000	 48.16401	101.25000
 17.00000	 48.26581	101.49000
 17.20000	 48.37078	101.74000
 17.40000	 48.47495	101.99000
 17.60000	 48.55870	102.19000
 17.80000	 48.63779	102.38000
 18.00000	 48.71621	102.57000
 18.20000	 48.80184	102.78000
 18.40000	 48.89469	103.01000
 18.60000	 49.01437	103.31000
 18.80000	 49.16475	103.69000
 19.00000	 49.31428	104.07000
 19.20000	 49.45507	104.43000
 19.40000	 49.57930	104.75000
 19.60000	 49.66344	104.97000
 19.80000	 49.70767	105.09000
 20.00000	 49.72788	105.15000
 20.20000	 49.72031	105.14000
 20.40000	 49.68906	105.07000
 20.60000	 49.63429	104.94000
 20.80000	 49.55616	104.75000
 21.00000	 49.45481	104.50000
 21.20000	 49.33431	104.20000
 21.40000	 49.19874	103.86000
 21.60000	 49.04818	103.48000
 21.80000	 48.85916	103.00000
 22.00000	 48.65936	102.49000
 22.20000	 48.46065	101.98000
 22.40000	 48.26698	101.48000
 22.60000	 48.08621	101.01000
 22.80000	 47.95366	100.66000
 23.00000	 47.87698	100.45000
 23.20000	 47.81273	100.27000
 23.40000	 47.75682	100.11000
 23.60000	 47.70522	 99.96000
 23.80000	 47.64999	 99.80000
 24.00000	 47.52823	 99.47000
 24.20000	 47.39906	 99.12000
 24.40000	 47.27039	 98.77000
 24.60000	 47.14618	 98.43000
 24.80000	 47.03034	 98.11000
 25.00000	 46.94643	 97.87000
 25.20000	 46.90217	 97.73000
 25.40000	 46.86598	 97.61000
 25.60000	 46.84561	 97.53000
 25.80000	 46.83704	 97.48000
 26.00000	 46.83624	 97.45000
 26.20000	 46.80778	 97.35000
 26.40000	 46.78709	 97.27000
 26.60000	 46.78199	 97.23000
 26.80000	 46.80027	 97.25000
 27.00000	 46.84186	 97.33000
 27.20000	 46.94198	 97.56000
 27.40000	 47.11219	 97.97000
 27.60000	 47.30112	 98.43000
 27.80000	 47.50073	 98.92000
 28.00000	 47.70698	 99.43000
 28.20000	 47.90016	 99.91000
 28.40000	 48.06062	100.31000
 28.60000	 48.20420	100.67000
 28.80000	 48.34277	101.02000
 29.00000	 48.46461	101.33000
 29.20000	 48.57376	101.61000
 29.40000	 48.67817	101.88000
 29.60000	 48.77005	102.12000
 29.80000	 48.83771	102.30000
 30.00000	 48.88914	102.44000
 30.20000	 48.92053	102.53000
 30.40000	 48.85343	102.37000
 30.60000	 48.77465	102.18000
 30.80000	 48.70401	102.01000
 31.00000	 48.65337	101.89000
 31.20000	 48.64628	101.88000
 31.40000	 48.80830	102.30000
 31.60000	 49.02495	102.86000
 31.80000	 49.26442	103.48000
 32.00000	 49.51077	104.12000
 32.20000	 49.74814	104.74000
 32.40000	 49.89006	105.12000
 32.60000	 50.00359	105.43000
 32.80000	 50.08889	105.67000
 33.00000	 50.15007	105.85000
 33.20000	 50.18729	105.97000
 33.40000	 50.20857	106.05000
 33.60000	 50.20225	106.06000
 33.80000	 50.16851	106.00000
 34.00000	 50.10750	105.87000
 34.20000	 50.01940	105.67000
 34.40000	 49.84150	105.24000
 34.60000	 49.63703	104.74000
 34.80000	 49.42977	104.23000
 35.00000	 49.23162	103.74000
 35.20000	 49.05438	103.30000
 35.40000	 48.99621	103.16000
 35.60000	 48.99778	103.17000
 35.80000	 49.01163	103.21000
 36.00000	 49.02578	103.25000
 36.20000	 49.02833	103.26000
 36.40000	 48.94070	103.04000
 36.60000	 48.79062	102.66000
 36.80000	 48.62156	102.23000
 37.00000	 48.43369	101.75000
 37.20000	 48.23891	101.25000
 37.40000	 48.05301	100.77000
 37.60000	 47.89565	100.36000
 37.80000	 47.73924	 99.95000
 38.00000	 47.59161	 99.56000
 38.20000	 47.45663	 99.20000
 38.40000	 47.32636	 98.85000
 38.60000	 47.15753	 98.40000
 38.80000	 47.01310	 98.01000
 39.00000	 46.89691	 97.69000
 39.20000	 46.82848	 97.49000
 39.40000	 46.81938	 97.44000
 39.60000	 46.96362	 97.78000
 39.80000	 47.20950	 98.38000
 40.00000	 47.49755	 99.09000
 40.20000	 47.81168	 99.87000
 40.40000	 48.13592	100.68000
 40.60000	 48.40724	101.36000
 40.80000	 48.64537	101.96000
 41.00000	 48.86614	102.52000
 41.20000	 49.06966	103.04000
 41.40000	 49.24818	103.50000
 41.60000	 49.40185	103.90000
 41.80000	 49.52299	104.22000
 42.00000	 49.62358	104.49000
 42.20000	 49.69984	104.70000
 42.40000	 49.75195	104.85000
 42.60000	 49.76437	104.90000
 42.80000	 49.74909	104.88000
 43.00000	 49.71418	104.81000
 43.20000	 49.67548	104.73000
 43.40000	 49.63311	104.64000
 43.60000	 49.61461	104.61000
 43.80000	 49.62781	104.66000
 44.00000	 49.63725	104.70000
 44.20000	 49.63505	104.71000
 44.40000	 49.61732	104.68000
 44.60000	 49.56445	104.56000
 44.80000	 49.46086	104.31000
 45.00000	 49.33819	104.01000
 45.20000	 49.19263	103.65000
 45.40000	 49.03219	103.25000
 45.60000	 48.85303	102.80000
 45.80000	 48.65918	102.31000
 46.00000	 48.45467	101.79000
 46.20000	 48.24349	101.25000
 46.40000	 48.03353	100.71000
 46.60000	 47.82873	100.18000
 46.80000	 47.61337	 99.62000
 47.00000	 47.39530	 99.05000
 47.20000	 47.20989	 98.56000
 47.40000	 47.05701	 98.15000
 47.60000	 46.95614	 97.87000
 47.80000	 46.92667	 97.77000
 48.00000	 47.04291	 98.04000
 48.20000	 47.20995	 98.44000
 48.40000	 47.42347	 98.96000
 48.60000	 47.67133	 99.57000
 48.80000	 47.93361	100.22000
 49.00000	 48.18655	100.85000
 49.20000	 48.44974	101.51000
 49.40000	 48.71524	102.18000
 49.60000	 48.98302	102.86000
 49.80000	 49.25306	103.55000
 50.00000	 49.50180	104.19000
 50.20000	 49.74503	104.82000
 50.40000	 49.98675	105.45000
 50.60000	 50.22307	106.07000
 50.80000	 50.45800	106.69000
 51.00000	 50.68371	107.29000
 51.20000	 50.91208	107.90000
 51.40000	 51.13529	108.50000
 51.60000	 51.36518	109.12000
 51.80000	 51.59783	109.75000
 52.00000	 51.86471	110.47000
 52.20000	 52.12643	111.18000
 52.40000	 52.38302	111.88000
 52.60000	 52.62272	112.54000
 52.80000	 52.83382	113.13000
 53.00000	 53.00468	113.62000
 53.20000	 53.14335	114.03000
 53.40000	 53.25002	114.36000
 53.60000	 53.31703	114.59000
 53.80000	 53.35247	114.74000
 54.00000	 53.29369	114.65000
 54.20000	 53.20789	114.49000
 54.40000	 53.10316	114.28000
 54.60000	 52.99148	114.05000
 54.80000	 52.87688	113.81000
 55.00000	 52.84193	113.77000
 55.20000	 52.82355	113.77000
 55.40000	 52.79805	113.75000
 55.60000	 52.76541	113.71000
 55.80000	 52.70596	113.60000
 56.00000	 52.57656	113.31000
 56.20000	 52.40101	112.90000
 56.40000	 52.19524	112.41000
 56.60000	 51.96728	111.86000
 56.80000	 51.72512	111.27000
 57.00000	 51.46494	110.63000
 57.20000	 51.18290	109.93000
 57.40000	 50.90267	109.23000
 57.60000	 50.63213	108.55000
 57.80000	 50.37910	107.91000
 58.00000	 50.15135	107.33000
 58.20000	 49.99983	106.94000
 58.40000	 49.91242	106.71000
 58.60000	 49.85343	106.55000
 58.80000	 49.81869	106.45000
 59.00000	 49.80012	106.39000
 59.20000	 49.79755	106.37000
 59.40000	 49.77548	106.30000
 59.60000	 49.76139	106.25000
 59.80000	 49.75913	106.23000
 60.00000	 49.76472	106.23000
 60.20000	 49.77808	106.25000
 60.40000	 49.79130	106.27000
 60.60000	 49.80829	106.30000
 60.80000	 49.84080	106.37000
 61.00000	 49.89270	106.49000
 61.20000	 49.96783	106.67000
 61.40000	 50.06607	106.91000
 61.60000	 50.21089	107.27000
 61.80000	 50.38245	107.70000
 62.00000	 50.58058	108.20000
 62.20000	 50.80907	108.78000
 62.40000	 51.06776	109.44000
 62.60000	 51.40755	110.31000
 62.80000	 51.76528	111.23000
 63.00000	 52.12505	112.16000
 63.20000	 52.47895	113.08000
 63.40000	 52.81125	113.95000
 63.60000	 53.07488	114.65000
 63.80000	 53.29368	115.24000
 64.00000	 53.47574	115.74000
 64.20000	 53.61738	116.14000
 64.40000	 53.71887	116.44000
 64.60000	 53.72547	116.50000
 64.80000	 53.68084	116.43000
 65.00000	 53.61676	116.31000
 65.20000	 53.54523	116.17000
 65.40000	 53.47034	116.02000
 65.60000	 53.47468	116.07000
 65.80000	 53.52269	116.23000
 66.00000	 53.57098	116.39000
 66.20000	 53.60377	116.51000
 66.40000	 53.62106	116.59000
 66.60000	 53.56396	116.48000
 66.80000	 53.45236	116.23000
 67.00000	 53.31007	115.90000
 67.20000	 53.13729	115.49000
 67.40000	 52.93812	115.01000
 67.60000	 52.70094	114.43000
 67.80000	 52.42202	113.74000
 68.00000	 52.13692	113.03000
 68.20000	 51.85750	112.33000
 68.40000	 51.59558	111.67000
 68.60000	 51.36289	111.08000
 68.80000	 51.24180	110.77000
 69.00000	 51.14939	110.53000
 69.20000	 51.08540	110.36000
 69.40000	 51.04176	110.24000
 69.60000	 51.01827	110.17000
 69.80000	 50.99511	110.10000
 70.00000	 50.98397	110.06000
 70.20000	 50.98082	110.04000
 70.40000	 50.98951	110.05000
 70.60000	 51.00208	110.07000
 70.80000	 51.02241	110.11000
 71.00000	 51.04652	110.16000
 71.20000	 51.07044	110.21000
 71.40000	 51.10200	110.28000
 71.60000	 51.12938	110.34000
 71.80000	 51.12508	110.32000
 72.00000	 51.11278	110.28000
 72.20000	 51.11611	110.28000
 72.40000	 51.14681	110.35000
 72.60000	 51.21659	110.52000
 72.80000	 51.39993	110.98000
 73.00000	 51.64534	111.60000
 73.20000	 51.92106	112.30000
 73.40000	 52.20721	113.03000
 73.60000	 52.49971	113.78000
 73.80000	 52.74741	114.42000
 74.00000	 52.97790	115.02000
 74.20000	 53.18735	115.57000
 74.40000	 53.37194	116.06000
 74.60000	 53.51610	116.45000
 74.80000	 53.58468	116.65000
 75.00000	 53.62910	116.79000
 75.20000	 53.66136	116.90000
 75.40000	 53.68947	117.00000
 75.60000	 53.74890	117.18000
 75.80000	 53.84354	117.45000
 76.00000	 53.94187	117.73000
 76.20000	 54.03207	117.99000
 76.40000	 54.10630	118.21000
 76.60000	 54.14890	118.35000
 76.80000	 54.16000	118.41000
 77.00000	 54.14366	118.40000
 77.20000	 54.08826	118.29000
 77.40000	 53.99791	118.09000
 77.60000	 53.82567	117.68000
 77.80000	 53.61117	117.16000
 78.00000	 53.36253	116.55000
 78.20000	 53.09568	115.89000
 78.40000	 52.80686	115.17000
 78.60000	 52.48836	114.37000
 78.80000	 52.16782	113.56000
 79.00000	 51.86100	112.78000
 79.20000	 51.56789	112.03000
 79.40000	 51.30807	111.36000
 79.60000	 51.15601	110.96000
 79.80000	 51.06416	110.71000
 80.00000	 50.99287	110.51000
 80.20000	 50.93404	110.34000
 80.40000	 50.87572	110.17000
 80.60000	 50.75493	109.84000
 80.80000	 50.61110	109.45000
 81.00000	 50.46000	109.04000
 81.20000	 50.30561	108.62000
 81.40000	 50.15188	108.20000
 81.60000	 50.00666	107.80000
 81.80000	 49.87387	107.43000
 82.00000	 49.74951	107.08000
 82.20000	 49.64531	106.78000
 82.40000	 49.56118	106.53000
 82.60000	 49.49700	106.33000
 82.80000	 49.45660	106.19000
 83.00000	 49.44769	106.13000
 83.20000	 49.47797	106.17000
 83.40000	 49.55115	106.32000
 83.60000	 49.72203	106.72000
 83.80000	 49.94696	107.26000
 84.00000	 50.20206	107.88000
 84.20000	 50.47137	108.54000
 84.40000	 50.74295	109.21000
 84.60000	 50.98923	109.82000
 84.80000	 51.21810	110.39000
 85.00000	 51.42178	110.90000
 85.20000	 51.59254	111.33000
 85.40000	 51.72661	111.67000
 85.60000	 51.72206	111.66000
 85.80000	 51.68553	111.57000
 86.00000	 51.64087	111.46000
 86.20000	 51.60008	111.36000
 86.40000	 51.59862	111.36000
 86.60000	 51.72677	111.69000
 86.80000	 51.87414	112.07000
 87.00000	 52.02092	112.45000
 87.20000	 52.15524	112.80000
 87.40000	 52.24566	113.04000
 87.60000	 52.26482	113.10000
 87.80000	 52.25227	113.08000
 88.00000	 52.20036	112.96000
 88.20000	 52.11715	112.76000
 88.40000	 51.97929	112.42000
 88.60000	 51.78311	111.93000
 88.80000	 51.56821	111.39000
 89.00000	 51.35048	110.84000
 89.20000	 51.14181	110.31000
 89.40000	 50.97363	109.88000
 89.60000	 50.86942	109.61000
 89.80000	 50.78963	109.40000
 90.00000	 50.73409	109.25000
 90.20000	 50.69086	109.13000
 90.40000	 50.66766	109.06000
 90.60000	 50.65650	109.02000
 90.80000	 50.65333	109.00000
 91.00000	 50.65022	108.98000
 91.20000	 50.64318	108.95000
 91.40000	 50.62434	108.89000
 91.60000	 50.58587	108.78000
 91.80000	 50.53960	108.65000
 92.00000	 50.47774	108.48000
 92.20000	 50.40427	108.28000
 92.40000	 50.29176	107.98000
 92.60000	 50.13644	107.57000
 92.80000	 49.98957	107.18000
 93.00000	 49.86298	106.84000
 93.20000	 49.77234	106.59000
 93.40000	 49.80002	106.64000
 93.60000	 49.91809	106.92000
 93.80000	 50.05541	107.25000
 94.00000	 50.20390	107.61000
 94.20000	 50.33980	107.94000
 94.40000	 50.39237	108.06000
 94.60000	 50.40504	108.08000
 94.80000	 50.38980	108.03000
 95.00000	 50.35073	107.92000
 95.20000	 50.28406	107.74000
 95.40000	 50.16248	107.42000
 95.60000	 50.02943	107.07000
 95.80000	 49.88901	106.70000
 96.00000	 49.76093	106.36000
 96.20000	 49.65308	106.07000
 96.40000	 49.60861	105.94000
 96.60000	 49.59195	105.88000
 96.80000	 49.59902	105.88000
 97.00000	 49.62572	105.93000
 97.20000	 49.68372	106.06000
 97.40000	 49.77284	106.27000
 97.60000	 49.87326	106.51000
 97.80000	 49.96523	106.73000
 98.00000	 50.04873	106.93000
 98.20000	 50.08840	107.02000
 98.40000	 50.08439	107.00000
 98.60000	 50.05260	106.91000
 98.80000	 50.00104	106.77000
 99.00000	 49.92593	106.57000
 99.20000	 49.79600	106.23000
 99.40000	 49.63506	105.81000
 99.60000	 49.47865	105.40000
 99.80000	 49.33865	105.03000
100.00000	 49.23075	104.74000
100.20000	 49.26485	104.81000
100.40000	 49.35402	105.02000
100.60000	 49.45866	105.27000
100.80000	 49.57071	105.54000
101.00000	 49.66253	105.76000
101.20000	 49.67520	105.78000
101.40000	 49.66392	105.74000
101.60000	 49.62493	105.63000
101.80000	 49.56621	105.47000
102.00000	 49.47221	105.22000
102.20000	 49.30774	104.79000
102.40000	 49.14382	104.36000
102.60000	 48.99627	103.97000
102.80000	 48.88475	103.67000
103.00000	 48.85631	103.58000
103.20000	 48.96563	103.84000
103.40000	 49.11790	104.21000
103.60000	 49.29314	104.64000
103.80000	 49.48325	105.11000
104.00000	 49.65270	105.53000
104.20000	 49.79756	105.89000
104.40000	 49.92964	106.22000
104.60000	 50.04115	106.50000
104.80000	 50.12432	106.71000
105.00000	 50.12822	106.72000
105.20000	 50.10031	106.65000
105.40000	 50.06046	106.55000
105.60000	 50.03238	106.48000
105.80000	 50.02006	106.45000
106.00000	 50.11776	106.70000
106.20000	 50.24657	107.03000
106.40000	 50.38273	107.38000
106.60000	 50.52613	107.75000
106.80000	 50.65312	108.08000
107.00000	 50.74800	108.33000
107.20000	 50.82266	108.53000
107.40000	 50.87719	108.68000
107.60000	 50.90777	108.77000
107.80000	 50.88704	108.73000
108.00000	 50.81915	108.57000
108.20000	 50.72793	108.35000
108.40000	 50.63318	108.12000
108.60000	 50.53500	107.88000
108.80000	 50.46098	107.70000
109.00000	 50.41498	107.59000
109.20000	 50.38120	107.51000
109.40000	 50.35172	107.44000
109.60000	 50.33434	107.40000
109.80000	 50.33293	107.40000
110.00000	 50.33953	107.42000
110.20000	 50.34623	107.44000
110.40000	 50.34513	107.44000
110.60000	 50.33232	107.41000
110.80000	 50.28031	107.28000
111.00000	 50.20496	107.09000
111.20000	 50.11424	106.86000
111.40000	 50.00432	106.58000
111.60000	 49.87923	106.26000
111.80000	 49.69192	105.78000
112.00000	 49.49370	105.27000
112.20000	 49.30040	104.77000
112.40000	 49.13169	104.33000
112.60000	 48.99538	103.97000
112.80000	 49.00132	103.97000
113.00000	 49.05866	104.10000
113.20000	 49.14347	104.30000
113.40000	 49.23588	104.52000
113.60000	 49.32786	104.74000
113.80000	 49.35255	104.79000
114.00000	 49.35725	104.79000
114.20000	 49.34598	104.75000
114.40000	 49.30705	104.64000
114.60000	 49.25237	104.49000
114.80000	 49.11527	104.13000
115.00000	 48.97072	103.75000
115.20000	 48.83063	103.38000
115.40000	 48.70291	103.04000
115.60000	 48.60721	102.78000
115.80000	 48.63771	102.84000
116.00000	 48.69576	102.97000
116.20000	 48.76935	103.14000
116.40000	 48.85439	103.34000
116.60000	 48.92717	103.51000
116.80000	 48.96018	103.58000
117.00000	 48.98101	103.62000
117.20000	 48.98972	103.63000
117.40000	 48.97852	103.59000
117.60000	 48.94359	103.49000
117.80000	 48.87718	103.31000
118.00000	 48.79124	103.08000
118.20000	 48.68982	102.81000
118.40000	 48.57697	102.51000
118.60000	 48.45276	102.18000
118.80000	 48.30157	101.78000
119.00000	 48.15102	101.38000
119.20000	 48.00901	101.00000
119.40000	 47.88339	100.66000
119.60000	 47.79374	100.41000
119.80000	 47.80279	100.41000
120.00000	 47.83158	100.46000
120.20000	 47.86814	100.53000
120.40000	 47.90449	100.60000
120.60000	 47.92484	100.63000
120.80000	 47.86241	100.45000
121.00000	 47.78424	100.23000
121.20000	 47.69046	 99.97000
121.40000	 47.58510	 99.68000
121.60000	 47.47610	 99.38000
121.80000	 47.35175	 99.04000
122.00000	 47.23568	 98.72000
122.20000	 47.12791	 98.42000
122.40000	 47.04020	 98.17000
122.60000	 46.97640	 97.98000
122.80000	 46.96785	 97.93000
123.00000	 47.00252	 97.99000
123.20000	 47.06842	 98.13000
123.40000	 47.16141	 98.34000
123.60000	 47.28133	 98.62000
123.80000	 47.43977	 99.00000
124.00000	 47.62870	 99.46000
124.20000	 47.82435	 99.94000
124.40000	 48.01877	100.42000
124.60000	 48.19622	100.86000
124.80000	 48.32530	101.18000
125.00000	 48.41012	101.39000
125.20000	 48.47446	101.55000
125.40000	 48.51846	101.66000
125.60000	 48.55015	101.74000
125.80000	 48.55393	101.75000
126.00000	 48.54174	101.72000
126.20000	 48.52944	101.69000
126.40000	 48.51708	101.66000
126.60000	 48.51257	101.65000
126.80000	 48.54341	101.73000
127.00000	 48.62128	101.93000
127.20000	 48.70280	102.14000
127.40000	 48.78789	102.36000
127.60000	 48.86080	102.55000
127.80000	 48.90581	102.67000
128.00000	 48.91125	102.69000
128.20000	 48.90083	102.67000
128.40000	 48.87859	102.62000
128.60000	 48.84856	102.55000
128.80000	 48.80687	102.45000
129.00000	 48.76146	102.34000
129.20000	 48.71630	102.23000
129.40000	 48.67142	102.12000
129.60000	 48.63469	102.03000
129.80000	 48.60609	101.96000
130.00000	 48.58558	101.91000
130.20000	 48.58491	101.91000
130.40000	 48.60007	101.95000
130.60000	 48.64276	102.06000
130.80000	 48.71678	102.25000
131.00000	 48.87304	102.65000
131.20000	 49.05228	103.11000
131.40000	 49.23468	103.58000
131.60000	 49.41227	104.04000
131.80000	 49.57323	104.46000
132.00000	 49.64295	104.65000
132.20000	 49.69246	104.79000
132.40000	 49.72975	104.90000
132.60000	 49.75497	104.98000
132.80000	 49.77606	105.05000
133.00000	 49.79705	105.12000
133.20000	 49.82583	105.21000
133.40000	 49.86633	105.33000
133.60000	 49.91853	105.48000
133.80000	 49.99418	105.69000
134.00000	 50.14425	106.09000
134.20000	 50.30955	106.53000
134.40000	 50.48209	106.99000
134.60000	 50.64606	107.43000
134.80000	 50.79752	107.84000
135.00000	 50.88543	108.09000
135.20000	 50.94929	108.28000
135.40000	 50.98924	108.41000
135.60000	 51.00544	108.48000
135.80000	 51.00196	108.50000
136.00000	 50.92001	108.32000
136.20000	 50.82671	108.11000
136.40000	 50.74184	107.92000
136.60000	 50.68510	107.80000
136.80000	 50.66430	107.77000
137.00000	 50.80502	108.15000
137.20000	 51.00454	108.68000
137.40000	 51.22715	109.27000
137.60000	 51.45688	109.88000
137.80000	 51.68572	110.49000
138.00000	 51.84290	110.92000
138.20000	 51.97572	111.29000
138.40000	 52.08431	111.60000
138.60000	 52.17273	111.86000
138.80000	 52.23719	112.06000
139.00000	 52.23854	112.10000
139.20000	 52.22421	112.10000
139.40000	 52.20220	112.08000
139.60000	 52.19227	112.09000
139.80000	 52.19836	112.14000
140.00000	 52.29117	112.41000
140.20000	 52.43111	112.80000
140.40000	 52.58260	113.22000
140.60000	 52.74157	113.66000
140.80000	 52.89616	114.09000
141.00000	 53.02274	114.45000
141.20000	 53.13318	114.77000
141.40000	 53.21967	115.03000
141.60000	 53.28233	115.23000
141.80000	 53.31734	115.36000
142.00000	 53.28164	115.31000
142.20000	 53.21874	115.19000
142.40000	 53.12883	115.00000
142.60000	 53.02388	114.77000
142.80000	 52.90402	114.50000
143.00000	 52.78507	114.23000
143.20000	 52.65923	113.94000
143.40000	 52.54226	113.67000
143.60000	 52.43413	113.42000
143.80000	 52.34268	113.21000
144.00000	 52.31104	113.15000
144.20000	 52.29969	113.14000
144.40000	 52.29276	113.14000
144.60000	 52.28624	113.14000
144.80000	 52.27219	113.12000
145.00000	 52.22312	113.01000
145.20000	 52.16266	112.87000
145.40000	 52.08695	112.69000
145.60000	 51.98820	112.45000
145.80000	 51.87435	112.17000
146.00000	 51.67478	111.67000
146.20000	 51.46837	111.15000
146.40000	 51.27487	110.66000
146.60000	 51.10215	110.22000
146.80000	 50.97767	109.90000
147.00000	 50.99944	109.95000
147.20000	 51.06086	110.10000
147.40000	 51.14590	110.31000
147.60000	 51.23861	110.54000
147.80000	 51.31527	110.73000
148.00000	 51.34441	110.80000
148.20000	 51.35365	110.82000
148.40000	 51.33914	110.78000
148.60000	 51.29705	110.67000
148.80000	 51.20790	110.44000
149.00000	 51.02081	109.96000
149.20000	 50.82654	109.46000
149.40000	 50.64490	108.99000
149.60000	 50.49165	108.59000
149.80000	 50.42173	108.40000
150.00000	 50.50951	108.61000
150.20000	 50.63258	108.91000
150.40000	 50.77886	109.27000
150.60000	 50.93238	109.65000
150.80000	 51.04979	109.94000
151.00000	 51.12718	110.13000
151.20000	 51.18038	110.26000
151.40000	 51.20950	110.33000
151.60000	 51.20680	110.32000
151.80000	 51.11747	110.09000
152.00000	 50.98505	109.75000
152.20000	 50.84126	109.38000
152.40000	 50.70981	109.04000
152.60000	 50.60647	108.77000
152.80000	 50.62546	108.81000
153.00000	 50.69960	108.99000
153.20000	 50.80110	109.24000
153.40000	 50.91794	109.53000
153.60000	 51.03425	109.82000
153.80000	 51.12246	110.04000
154.00000	 51.19440	110.22000
154.20000	 51.25796	110.38000
154.40000	 51.30141	110.49000
154.60000	 51.31698	110.53000
154.80000	 51.28516	110.45000
155.00000	 51.23759	110.33000
155.20000	 51.17047	110.16000
155.40000	 51.09571	109.97000
155.60000	 51.00556	109.74000
155.80000	 50.90011	109.47000
156.00000	 50.80694	109.23000
156.20000	 50.72607	109.02000
156.40000	 50.67709	108.89000
156.60000	 50.71097	108.97000
156.80000	 50.81952	109.24000
157.00000	 50.94348	109.55000
157.20000	 51.07481	109.88000
157.40000	 51.18980	110.17000
157.60000	 51.24131	110.30000
157.80000	 51.25308	110.33000
158.00000	 51.23314	110.28000
158.20000	 51.18168	110.15000
158.40000	 51.10280	109.95000
158.60000	 50.93774	109.53000
158.80000	 50.74974	109.05000
159.00000	 50.56648	108.58000
159.20000	 50.39590	108.14000
159.40000	 50.26160	107.79000
159.60000	 50.25775	107.77000
159.80000	 50.28961	107.84000
160.00000	 50.34906	107.98000
160.20000	 50.42802	108.17000
160.40000	 50.51061	108.37000
160.60000	 50.58886	108.56000
160.80000	 50.67058	108.76000
161.00000	 50.74395	108.94000
161.20000	 50.81681	109.12000
161.40000	 50.86953	109.25000
161.60000	 50.89826	109.32000
161.80000	 50.91879	109.37000
162.00000	 50.93907	109.42000
162.20000	 50.95520	109.46000
162.40000	 50.97114	109.50000
162.60000	 50.99086	109.55000
162.80000	 51.01435	109.61000
163.00000	 51.04162	109.68000
163.20000	 51.07658	109.77000
163.40000	 51.15850	109.98000
163.60000	 51.24399	110.20000
163.80000	 51.32121	110.40000
164.00000	 51.38232	110.56000
164.20000	 51.41164	110.64000
164.40000	 51.36608	110.53000
164.60000	 51.28914	110.34000
164.80000	 51.18495	110.08000
165.00000	 51.05368	109.75000
165.20000	 50.89159	109.34000
165.40000	 50.69100	108.83000
165.60000	 50.47961	108.29000
165.80000	 50.26932	107.75000
166.00000	 50.07197	107.24000
166.20000	 49.90717	106.81000
166.40000	 49.82196	106.58000
166.60000	 49.75710	106.40000
166.80000	 49.70850	106.26000
167.00000	 49.66030	106.12000
167.20000	 49.60061	105.95000
167.40000	 49.50193	105.68000
167.60000	 49.40364	105.41000
167.80000	 49.29788	105.12000
168.00000	 49.19648	104.84000
168.20000	 49.09942	104.57000
168.40000	 49.01847	104.34000
168.60000	 48.93392	104.10000
168.80000	 48.84970	103.86000
169.00000	 48.75792	103.60000
169.20000	 48.65468	103.31000
169.40000	 48.49287	102.87000
169.60000	 48.33161	102.43000
169.80000	 48.18274	102.02000
170.00000	 48.05410	101.66000
170.20000	 47.96527	101.40000
170.40000	 47.98680	101.42000
170.60000	 48.03971	101.52000
170.80000	 48.10804	101.66000
171.00000	 48.17985	101.81000
171.20000	 48.25109	101.96000
171.40000	 48.25885	101.95000
171.60000	 48.25045	101.90000
171.80000	 48.22992	101.82000
172.00000	 48.19732	101.71000
172.20000	 48.15275	101.57000
172.40000	 48.06094	101.31000
172.60000	 47.96135	101.03000
172.80000	 47.86981	100.77000
173.00000	 47.79420	100.55000
173.20000	 47.74627	100.40000
173.40000	 47.79664	100.50000
173.60000	 47.89782	100.73000
173.80000	 48.02989	101.04000
174.00000	 48.17693	101.39000
174.20000	 48.33485	101.77000
174.40000	 48.47605	102.11000
174.60000	 48.60839	102.43000
174.80000	 48.73580	102.74000
175.00000	 48.85833	103.04000
175.20000	 48.97206	103.32000
175.40000	 49.07706	103.58000
175.60000	 49.16553	103.80000
175.80000	 49.24542	104.00000
176.00000	 49.31287	104.17000
176.20000	 49.36797	104.31000
176.40000	 49.40295	104.40000
176.60000	 49.42185	104.45000
176.80000	 49.42870	104.47000
177.00000	 49.42361	104.46000
177.20000	 49.41451	104.44000
177.40000	 49.41325	104.44000
177.60000	 49.42376	104.47000
177.80000	 49.41852	104.46000
178.00000	 49.39366	104.40000
178.20000	 49.34927	104.29000
178.40000	 49.25399	104.05000
178.60000	 49.09627	103.65000
178.80000	 48.91564	103.19000
179.00000	 48.71230	102.67000
179.20000	 48.49817	102.12000
179.40000	 48.27730	101.55000
179.60000	 48.04190	100.94000
179.80000	 47.81168	100.34000
180.00000	 47.59450	 99.77000
180.20000	 47.40211	 99.26000
180.40000	 47.24226	 98.83000
180.60000	 47.14623	 98.56000
180.80000	 47.14514	 98.53000
181.00000	 47.17966	 98.59000
181.20000	 47.23379	 98.70000
181.40000	 47.30730	 98.86000
181.60000	 47.39218	 99.05000
181.80000	 47.43722	 99.14000
182.00000	 47.48177	 99.23000
182.20000	 47.52582	 99.32000
182.40000	 47.56938	 99.41000
182.60000	 47.61638	 99.51000
182.80000	 47.66288	 99.61000
183.00000	 47.71283	 99.72000
183.20000	 47.75836	 99.82000
183.40000	 47.80736	 99.93000
183.60000	 47.85588	100.04000
183.80000	 47.90002	100.14000
184.00000	 47.92802	100.20000
184.20000	 47.95173	100.25000
184.40000	 47.98297	100.32000
184.60000	 48.01782	100.40000
184.80000	 48.06413	100.51000
185.00000	 48.14545	100.71000
185.20000	 48.26950	101.02000
185.40000	 48.40077	101.35000
185.60000	 48.52739	101.67000
185.80000	 48.64541	101.97000
186.00000	 48.74306	102.22000
186.20000	 48.76542	102.28000
186.40000	 48.76382	102.28000
186.60000	 48.74237	102.23000
186.80000	 48.70515	102.14000
187.00000	 48.66014	102.03000
187.20000	 48.60744	101.90000
187.40000	 48.54319	101.74000
187.60000	 48.48711	101.60000
187.80000	 48.43922	101.48000
188.00000	 48.40342	101.39000
188.20000	 48.38360	101.34000
188.40000	 48.45827	101.53000
188.60000	 48.56029	101.79000
188.80000	 48.66198	102.05000
189.00000	 48.75931	102.30000
189.20000	 48.83654	102.50000
189.40000	 48.83869	102.51000
189.60000	 48.75817	102.31000
189.80000	 48.65031	102.04000
190.00000	 48.52712	101.73000
190.20000	 48.39267	101.39000
190.40000	 48.25495	101.04000
190.60000	 48.17295	100.83000
190.80000	 48.09938	100.64000
191.00000	 48.02241	100.44000
191.20000	 47.94592	100.24000
191.40000	 47.86599	100.03000
191.60000	 47.75509	 99.74000
191.80000	 47.57798	 99.28000
192.00000	 47.41343	 98.85000
192.20000	 47.27327	 98.48000
192.40000	 47.16530	 98.19000
192.60000	 47.10902	 98.03000
192.80000	 47.20637	 98.26000
193.00000	 47.38212	 98.69000
193.20000	 47.59652	 99.22000
193.40000	 47.84139	 99.83000
193.60000	 48.10075	100.48000
193.80000	 48.33908	101.08000
194.00000	 48.55634	101.63000
194.20000	 48.77223	102.18000
194.40000	 48.98283	102.72000
194.60000	 49.18817	103.25000
194.80000	 49.38830	103.77000
195.00000	 49.58327	104.28000
195.20000	 49.76529	104.76000
195.40000	 49.94228	105.23000
195.60000	 50.10646	105.67000
195.80000	 50.26184	106.09000
196.00000	 50.40852	106.49000
196.20000	 50.54262	106.86000
196.40000	 50.66032	107.19000
196.60000	 50.75780	107.47000
196.80000	 50.83124	107.69000
197.00000	 50.90043	107.90000
197.20000	 50.93401	108.02000
197.40000	 50.92824	108.04000
197.60000	 50.87938	107.95000
197.80000	 50.77587	107.72000
198.00000	 50.53157	107.13000
198.20000	 50.21383	106.35000
198.40000	 49.85453	105.46000
198.60000	 49.46969	104.50000
198.80000	 49.07133	103.50000
199.00000	 48.67533	102.50000
199.20000	 48.35244	101.68000
199.40000	 48.06317	100.94000
199.60000	 47.79948	100.26000
199.80000	 47.55726	 99.63000
200.00000	 47.34026	 99.06000
200.20000	 47.15615	 98.57000
200.40000	 47.01259	 98.18000
200.60000	 46.94073	 97.97000
200.80000	 46.88916	 97.81000
201.00000	 46.85766	 97.70000
201.20000	 46.83425	 97.61000
201.40000	 46.81878	 97.54000
201.60000	 46.79152	 97.44000
201.80000	 46.72102	 97.23000
202.00000	 46.65453	 97.03000
202.20000	 46.59205	 96.84000
202.40000	 46.53357	 96.66000
202.60000	 46.48302	 96.50000
202.80000	 46.46000	 96.41000
203.00000	 46.46441	 96.39000
203.20000	 46.48042	 96.40000
203.40000	 46.50401	 96.43000
203.60000	 46.53119	 96.47000
203.80000	 46.56584	 96.53000
204.00000	 46.54900	 96.46000
204.20000	 46.52403	 96.37000
204.40000	 46.52635	 96.35000
204.60000	 46.55983	 96.41000
204.80000	 46.63615	 96.58000
205.00000	 46.81406	 97.01000
205.20000	 47.12853	 97.79000
205.40000	 47.48078	 98.67000
205.60000	 47.85476	 99.61000
205.80000	 48.22669	100.55000
206.00000	 48.56896	101.42000
206.20000	 48.82662	102.08000
206.40000	 49.05497	102.67000
206.60000	 49.26204	103.21000
206.80000	 49.44803	103.70000
207.00000	 49.61702	104.15000
207.20000	 49.78883	104.61000
207.40000	 49.93996	105.02000
207.60000	 50.06269	105.36000
207.80000	 50.16112	105.64000
208.00000	 50.22756	105.84000
208.20000	 50.18364	105.76000
208.40000	 50.11229	105.61000
208.60000	 50.04128	105.46000
208.80000	 49.98645	105.35000
209.00000	 49.96354	105.32000
209.20000	 50.09819	105.69000
209.40000	 50.30344	106.24000
209.60000	 50.53177	106.85000
209.80000	 50.76330	107.47000
210.00000	 50.98219	108.06000
210.20000	 51.11376	108.43000
210.40000	 51.18968	108.66000
210.60000	 51.23378	108.81000
210.80000	 51.24626	108.88000
211.00000	 51.21946	108.85000
211.20000	 51.14969	108.71000
211.40000	 51.03717	108.46000
211.60000	 50.89787	108.14000
211.80000	 50.73985	107.77000
212.00000	 50.56324	107.35000
212.20000	 50.37604	106.90000
212.40000	 50.16263	106.38000
212.60000	 49.95455	105.87000
212.80000	 49.75182	105.37000
213.00000	 49.57016	104.92000
213.20000	 49.41339	104.53000
213.40000	 49.30891	104.27000
213.60000	 49.29577	104.24000
213.80000	 49.31462	104.29000
214.00000	 49.35738	104.40000
214.20000	 49.41595	104.55000
214.40000	 49.49016	104.74000
214.60000	 49.55239	104.90000
214.80000	 49.61830	105.07000
215.00000	 49.68785	105.25000
215.20000	 49.76099	105.44000
215.40000	 49.83376	105.63000
215.60000	 49.91401	105.84000
215.80000	 49.99385	106.05000
216.00000	 50.06935	106.25000
216.20000	 50.13658	106.43000
216.40000	 50.19167	106.58000
216.60000	 50.21894	106.66000
216.80000	 50.19496	106.61000
217.00000	 50.16706	106.55000
217.20000	 50.13142	106.47000
217.40000	 50.09989	106.40000
217.60000	 50.08036	106.36000
217.80000	 50.14353	106.53000
218.00000	 50.21841	106.73000
218.20000	 50.29310	106.93000
218.40000	 50.35185	107.09000
218.60000	 50.38286	107.18000
218.80000	 50.31553	107.02000
219.00000	 50.19341	106.72000
219.20000	 50.04821	106.36000
219.40000	 49.88799	105.96000
219.60000	 49.72466	105.55000
219.80000	 49.58189	105.19000
220.00000	 49.49500	104.97000
220.20000	 49.41274	104.76000
220.40000	 49.34291	104.58000
220.60000	 49.27754	104.41000
220.80000	 49.21267	104.24000
221.00000	 49.12466	104.01000
221.20000	 49.02537	103.75000
221.40000	 48.93445	103.51000
221.60000	 48.86760	103.33000
221.80000	 48.82473	103.21000
222.00000	 48.82536	103.20000
222.20000	 48.92430	103.44000
222.40000	 49.05045	103.75000
222.60000	 49.19571	104.11000
222.80000	 49.35205	104.50000
223.00000	 49.51149	104.90000
223.20000	 49.61504	105.16000
223.40000	 49.70604	105.39000
223.60000	 49.79636	105.62000
223.80000	 49.89782	105.88000
224.00000	 50.01434	106.18000
224.20000	 50.14982	106.53000
224.40000	 50.30812	106.94000
224.60000	 50.49702	107.43000
224.80000	 50.71246	107.99000
225.00000	 50.97004	108.66000
225.20000	 51.32063	109.57000
225.40000	 51.77959	110.76000
225.60000	 52.24038	111.96000
225.80000	 52.68320	113.12000
226.00000	 53.08052	114.17000
226.20000	 53.33425	114.86000
226.40000	 53.42136	115.13000
226.60000	 53.43685	115.22000
226.80000	 53.38516	115.14000
227.00000	 53.27856	114.92000
227.20000	 53.13319	114.60000
227.40000	 52.96902	114.23000
227.60000	 52.77057	113.77000
227.80000	 52.54987	113.25000
228.00000	 52.30710	112.67000
228.20000	 52.04634	112.04000
228.40000	 51.77557	111.38000
228.60000	 51.49487	110.69000
228.80000	 51.21214	109.99000
229.00000	 50.93528	109.30000
229.20000	 50.66817	108.63000
229.40000	 50.41468	107.99000
229.60000	 50.21010	107.47000
229.80000	 50.05812	107.08000
230.00000	 49.92311	106.73000
230.20000	 49.78920	106.38000
230.40000	 49.65627	106.03000
230.60000	 49.51637	105.66000
230.80000	 49.31840	105.14000
231.00000	 49.08608	104.53000
231.20000	 48.85096	103.91000
231.40000	 48.61309	103.28000
231.60000	 48.38427	102.67000
231.80000	 48.16055	102.07000
232.00000	 47.97726	101.57000
232.20000	 47.81065	101.11000
232.40000	 47.66062	100.69000
232.60000	 47.53098	100.32000
232.80000	 47.42551	100.01000
233.00000	 47.33622	 99.74000
233.20000	 47.26690	 99.52000
233.40000	 47.22528	 99.37000
233.60000	 47.21906	 99.31000
233.80000	 47.24411	 99.33000
234.00000	 47.30812	 99.45000
234.20000	 47.49337	 99.88000
234.40000	 47.70115	100.37000
234.60000	 47.92338	100.90000
234.80000	 48.14417	101.43000
235.00000	 48.34773	101.92000
235.20000	 48.44372	102.14000
235.40000	 48.49536	102.25000
235.60000	 48.52255	102.30000
235.80000	 48.53726	102.32000
236.00000	 48.53965	102.31000
236.20000	 48.54164	102.30000
236.40000	 48.54723	102.30000
236.60000	 48.56040	102.32000
236.80000	 48.58115	102.36000
237.00000	 48.61341	102.43000
237.20000	 48.66500	102.55000
237.40000	 48.74765	102.75000
237.60000	 48.84551	102.99000
237.80000	 48.96636	103.29000
238.00000	 49.10224	103.63000
238.20000	 49.27662	104.07000
238.40000	 49.50898	104.66000
238.60000	 49.73622	105.24000
238.80000	 49.94651	105.78000
239.00000	 50.12806	106.25000
239.20000	 50.22992	106.52000
239.40000	 50.20132	106.46000
239.60000	 50.12529	106.28000
239.80000	 50.00218	105.98000
240.00000	 49.84803	105.60000
240.20000	 49.66704	105.15000
240.40000	 49.49085	104.71000
240.60000	 49.29599	104.22000
240.80000	 49.09044	103.70000
241.00000	 48.87820	103.16000
241.20000	 48.65933	102.60000
241.40000	 48.42996	102.01000
241.60000	 48.19405	101.40000
241.80000	 47.96733	100.81000
242.00000	 47.74979	100.24000
242.20000	 47.54923	 99.71000
242.40000	 47.37340	 99.24000
242.60000	 47.24969	 98.90000
242.80000	 47.17000	 98.67000
243.00000	 47.11836	 98.51000
243.20000	 47.09458	 98.42000
243.40000	 47.09453	 98.39000
243.60000	 47.11411	 98.41000
243.80000	 47.14529	 98.46000
244.00000	 47.20369	 98.58000
244.20000	 47.27736	 98.74000
244.40000	 47.37012	 98.95000
244.60000	 47.48185	 99.21000
244.80000	 47.62816	 99.56000
245.00000	 47.80495	 99.99000
245.20000	 47.98457	100.43000
245.40000	 48.17089	100.89000
245.60000	 48.35206	101.34000
245.80000	 48.50846	101.73000
246.00000	 48.60479	101.97000
246.20000	 48.69631	102.20000
246.40000	 48.79881	102.46000
246.60000	 48.91626	102.76000
246.80000	 49.07615	103.17000
247.00000	 49.34515	103.86000
247.20000	 49.63250	104.60000
247.40000	 49.91843	105.34000
247.60000	 50.19106	106.05000
247.80000	 50.43077	106.68000
248.00000	 50.55911	107.03000
248.20000	 50.64718	107.28000
248.40000	 50.70313	107.45000
248.60000	 50.72719	107.54000
248.80000	 50.72352	107.56000
249.00000	 50.70020	107.53000
249.20000	 50.65739	107.45000
249.40000	 50.59917	107.33000
249.60000	 50.52568	107.17000
249.80000	 50.44488	106.99000
250.00000	 50.35685	106.79000
250.20000	 50.24986	106.54000
250.40000	 50.13972	106.28000
250.60000	 50.03825	106.04000
250.80000	 49.94937	105.83000
251.00000	 49.88089	105.67000
251.20000	 49.83665	105.57000
251.40000	 49.85580	105.63000
251.60000	 49.92239	105.81000
251.80000	 50.01650	106.06000
252.00000	 50.13008	106.36000
252.20000	 50.26690	106.72000
252.40000	 50.41893	107.12000
252.60000	 50.57035	107.52000
252.80000	 50.73681	107.96000
253.00000	 50.91429	108.43000
253.20000	 51.10665	108.94000
253.40000	 51.31383	109.49000
253.60000	 51.55146	110.12000
253.80000	 51.81942	110.83000
254.00000	 52.09400	111.56000
254.20000	 52.36728	112.29000
254.40000	 52.63139	113.00000
254.60000	 52.87850	113.67000
254.80000	 53.09689	114.27000
255.00000	 53.29063	114.81000
255.20000	 53.44808	115.26000
255.40000	 53.56549	115.61000
255.60000	 53.63524	115.84000
255.80000	 53.61829	115.85000
256.00000	 53.52292	115.66000
256.20000	 53.38490	115.36000
256.40000	 53.20846	114.96000
256.60000	 52.99783	114.47000
256.80000	 52.76502	113.92000
257.00000	 52.52592	113.35000
257.20000	 52.27280	112.74000
257.40000	 52.00181	112.08000
257.60000	 51.71697	111.38000
257.80000	 51.42227	110.65000
258.00000	 51.12170	109.90000
258.20000	 50.79171	109.07000
258.40000	 50.45595	108.22000
258.60000	 50.12230	107.37000
258.80000	 49.79861	106.54000
259.00000	 49.49266	105.75000
259.20000	 49.20830	105.01000
259.40000	 48.96894	104.38000
259.60000	 48.82544	103.99000
259.80000	 48.70666	103.66000
260.00000	 48.60842	103.38000
260.20000	 48.52658	103.14000
260.40000	 48.45703	102.93000
260.60000	 48.39178	102.73000
260.80000	 48.27179	102.39000
261.00000	 48.15611	102.06000
261.20000	 48.05260	101.76000
261.40000	 47.96512	101.50000
261.60000	 47.89361	101.28000
261.80000	 47.84978	101.13000
262.00000	 47.86885	101.14000
262.20000	 47.90735	101.20000
262.40000	 47.96904	101.32000
262.60000	 48.05379	101.50000
262.80000	 48.14965	101.71000
263.00000	 48.24868	101.93000
263.20000	 48.34688	102.15000
263.40000	 48.45995	102.41000
263.60000	 48.59567	102.73000
263.80000	 48.75396	103.11000
264.00000	 48.95043	103.59000
264.20000	 49.23599	104.30000
264.40000	 49.53568	105.05000
264.60000	 49.84147	105.82000
264.80000	 50.14151	106.58000
265.00000	 50.42400	107.30000
265.20000	 50.62219	107.81000
265.40000	 50.79141	108.25000
265.60000	 50.93579	108.63000
265.80000	 51.04765	108.93000
266.00000	 51.13508	109.17000
266.20000	 51.18255	109.31000
266.40000	 51.19816	109.37000
266.60000	 51.20176	109.40000
266.80000	 51.19349	109.40000
267.00000	 51.18134	109.39000
267.20000	 51.17325	109.39000
267.40000	 51.18496	109.44000
267.60000	 51.20858	109.52000
267.80000	 51.25192	109.65000
268.00000	 51.31098	109.82000
268.20000	 51.39746	110.06000
268.40000	 51.57410	110.53000
268.60000	 51.77376	111.06000
268.80000	 51.97663	111.60000
269.00000	 52.17081	112.12000
269.20000	 52.35234	112.61000
269.40000	 52.46233	112.92000
269.60000	 52.53637	113.14000
269.80000	 52.57857	113.28000
270.00000	 52.58914	113.34000
270.20000	 52.56825	113.32000
270.40000	 52.49255	113.16000
270.60000	 52.37016	112.88000
270.80000	 52.23277	112.56000
271.00000	 52.08839	112.22000
271.20000	 51.94499	111.88000
271.40000	 51.82226	111.59000
271.60000	 51.79478	111.54000
271.80000	 51.77976	111.52000
272.00000	 51.75739	111.48000
272.20000	 51.72370	111.41000
272.40000	 51.67082	111.29000
272.60000	 51.53200	110.95000
272.80000	 51.33895	110.47000
273.00000	 51.11941	109.92000
273.20000	 50.88142	109.32000
273.40000	 50.63297	108.69000
273.60000	 50.37416	108.03000
273.80000	 50.12862	107.40000
274.00000	 49.88063	106.76000
274.20000	 49.63803	106.13000
274.40000	 49.40472	105.52000
274.60000	 49.17672	104.92000
274.80000	 48.95004	104.32000
275.00000	 48.72464	103.72000
275.20000	 48.52404	103.18000
275.40000	 48.35597	102.72000
275.60000	 48.22814	102.36000
275.80000	 48.14817	102.12000
276.00000	 48.18654	102.18000
276.20000	 48.27986	102.38000
276.40000	 48.41207	102.68000
276.60000	 48.57107	103.05000
276.80000	 48.75271	103.48000
277.00000	 48.93321	103.91000
277.20000	 49.11249	104.34000
277.40000	 49.30228	104.80000
277.60000	 49.48681	105.25000
277.80000	 49.67395	105.71000
278.00000	 49.85583	106.16000
278.20000	 50.03248	106.60000
278.40000	 50.19609	107.01000
278.60000	 50.34279	107.38000
278.80000	 50.46877	107.70000
279.00000	 50.53486	107.87000
279.20000	 50.55704	107.93000
279.40000	 50.57484	107.98000
279.60000	 50.59232	108.03000
279.80000	 50.62527	108.12000
280.00000	 50.75621	108.46000
280.20000	 50.94946	108.96000
280.40000	 51.13406	109.44000
280.60000	 51.29029	109.85000
280.80000	 51.40248	110.15000
281.00000	 51.35294	110.04000
281.20000	 51.17760	109.61000
281.40000	 50.95563	109.06000
281.60000	 50.69921	108.42000
281.80000	 50.42435	107.73000
282.00000	 50.16663	107.08000
282.20000	 49.96538	106.57000
282.40000	 49.77332	106.08000
282.60000	 49.59433	105.62000
282.80000	 49.42438	105.18000
283.00000	 49.26733	104.77000
283.20000	 49.09951	104.33000
283.40000	 48.92877	103.88000
283.60000	 48.78258	103.49000
283.80000	 48.67654	103.20000
284.00000	 48.61439	103.02000
284.20000	 48.61555	103.00000
284.40000	 48.77792	103.39000
284.60000	 48.99085	103.91000
284.80000	 49.23429	104.51000
285.00000	 49.49223	105.15000
285.20000	 49.75663	105.81000
285.40000	 49.97236	106.35000
285.60000	 50.15915	106.82000
285.80000	 50.32498	107.24000
286.00000	 50.46603	107.60000
286.20000	 50.58637	107.91000
286.40000	 50.66258	108.11000
286.60000	 50.68701	108.18000
286.80000	 50.68744	108.19000
287.00000	 50.66407	108.14000
287.20000	 50.62100	108.04000
287.40000	 50.56626	107.91000
287.60000	 50.49603	107.74000
287.80000	 50.41436	107.54000
288.00000	 50.33706	107.35000
288.20000	 50.26022	107.16000
288.40000	 50.19172	106.99000
288.60000	 50.13941	106.86000
288.80000	 50.13072	106.84000
289.00000	 50.14584	106.88000
289.20000	 50.17679	106.96000
289.40000	 50.22737	107.09000
289.60000	 50.28961	107.25000
289.80000	 50.37520	107.47000
