  0.00000	 72.22821	 76.27000
  0.60000	 71.85108	 76.03000
  1.20000	 71.60887	 75.80000
  1.80000	 71.14570	 74.39000
  2.40000	 71.24316	 73.27000
  3.00000	 71.15307	 72.01000
  3.60000	 71.29904	 71.29000
  4.20000	 72.47932	 73.40000
  4.80000	 72.36948	 75.30000
  5.40000	 72.41622	 77.38000
  6.00000	 72.12221	 78.70000
  6.60000	 72.05891	 79.72000
  7.20000	 72.32131	 80.99000
  7.80000	 71.49938	 80.61000
  8.40000	 71.89781	 80.96000
  9.00000	 73.27407	 83.31000
  9.60000	 72.40877	 83.98000
 10.20000	 71.40333	 83.39000
 10.80000	 71.64134	 83.24000
 11.40000	 72.23612	 83.70000
 12.00000	 72.70924	 84.64000
 12.60000	 71.16048	 83.40000
 13.20000	 70.79679	 82.16000
 13.80000	 71.34638	 81.59000
 14.40000	 70.25628	 79.43000
 15.00000	 70.63125	 78.16000
 15.60000	 71.81362	 78.19000
 16.20000	 72.70336	 79.00000
 16.80000	 71.76035	 78.63000
 17.40000	 71.54730	 78.51000
 18.00000	 71.94022	 78.87000
 18.60000	 72.43557	 79.60000
 19.20000	 72.61730	 80.37000
 19.80000	 72.65751	 81.16000
 20.40000	 71.96889	 81.23000
 21.00000	 72.81812	 82.41000
 21.60000	 74.74277	 85.12000
 22.20000	 80.00120	 92.34000
 22.80000	 72.08673	 89.87000
 23.40000	 69.30248	 88.23000
 24.00000	 69.06296	 86.87000
 24.60000	 74.77223	 90.45000
 25.20000	 73.17427	 89.96000
 25.80000	 67.58783	 85.35000
 26.40000	 62.79395	 78.74000
 27.00000	 66.12535	 76.74000
 27.60000	 67.95371	 74.47000
 28.20000	 75.51895	 78.22000
 28.80000	 78.60797	 81.70000
 29.40000	 79.22735	 85.13000
 30.00000	 76.90223	 86.88000
 30.60000	 72.45753	 86.16000
 31.20000	 70.12213	 85.35000
 31.80000	 69.04989	 84.27000
 32.40000	 69.09566	 83.31000
 33.00000	 68.26922	 81.38000
 33.60000	 68.03840	 79.53000
 34.20000	 67.94760	 77.64000
 34.80000	 67.47631	 75.41000
 35.40000	 68.26719	 74.07000
 36.00000	 68.50368	 72.59000
 36.60000	 69.91154	 72.22000
 37.20000	 71.79224	 72.76000
 37.80000	 74.01669	 74.29000
 38.40000	 76.32515	 76.73000
 39.00000	 76.09726	 78.11000
 39.60000	 74.35637	 78.51000
 40.20000	 71.13732	 77.42000
 40.80000	 70.53997	 77.39000
 41.40000	 70.57484	 77.46000
 42.00000	 68.98180	 76.18000
 42.60000	 69.30309	 75.85000
 43.20000	 70.20467	 75.91000
 43.80000	 74.21170	 78.40000
 44.40000	 73.78605	 78.59000
 45.00000	 71.91945	 77.84000
 45.60000	 71.08620	 77.52000
 46.20000	 72.28382	 78.44000
 46.80000	 70.50210	 77.42000
 47.40000	 70.54763	 77.36000
 48.00000	 70.85223	 77.43000
 48.60000	 71.60162	 77.84000
 49.20000	 70.38745	 77.01000
 49.80000	 72.45205	 78.28000
 50.40000	 73.14446	 78.93000
 51.00000	 71.39031	 78.06000
 51.60000	 71.53444	 78.26000
 52.20000	 70.63074	 77.73000
 52.80000	 67.49415	 75.51000
 53.40000	 67.12663	 74.66000
 54.00000	 67.32076	 74.03000
 54.60000	 67.83305	 73.59000
 55.20000	 67.87753	 72.90000
 55.80000	 69.23239	 73.13000
 56.40000	 70.31469	 73.40000
 57.00000	 67.78798	 71.46000
 57.60000	 69.30894	 71.97000
 58.20000	 70.41472	 72.39000
 58.80000	 71.75004	 73.15000
 59.40000	 71.31525	 72.96000
 60.00000	 70.18437	 72.32000
 60.60000	 69.24034	 71.69000
 61.20000	 70.67671	 72.51000
 61.80000	 67.43213	 70.38000
 62.40000	 66.40554	 69.35000
 63.00000	 68.16937	 69.98000
 63.60000	 72.20134	 72.26000
 64.20000	 74.97868	 74.20000
 64.80000	 76.27418	 75.59000
 65.40000	 77.36488	 77.11000
 66.00000	 77.37635	 78.13000
 66.60000	 75.93419	 78.26000
 67.20000	 75.48481	 78.90000
 67.80000	 74.13782	 78.87000
 68.40000	 72.30724	 78.34000
 69.00000	 69.49685	 76.92000
 69.60000	 67.57601	 75.71000
 70.20000	 66.30014	 74.62000
 70.80000	 65.33405	 73.51000
 71.40000	 66.30777	 73.49000
 72.00000	 67.11473	 73.41000
 72.60000	 66.36733	 72.41000
 73.20000	 66.99959	 72.26000
 73.80000	 67.40664	 72.04000
 74.40000	 66.47606	 71.03000
 75.00000	 67.25330	 71.07000
 75.60000	 67.42988	 70.81000
 76.20000	 66.68788	 70.01000
 76.80000	 68.38488	 70.74000
 77.40000	 65.76696	 68.87000
 78.00000	 64.69631	 67.81000
 78.60000	 67.08051	 68.86000
 79.20000	 69.09919	 69.87000
 79.80000	 70.35800	 70.61000
 80.40000	 70.31651	 70.69000
 81.00000	 71.25361	 71.45000
 81.60000	 74.21441	 73.61000
 82.20000	 73.24701	 73.54000
 82.80000	 72.35993	 73.50000
 83.40000	 73.28325	 74.55000
 84.00000	 71.31580	 73.82000
 84.60000	 70.60102	 73.73000
 85.20000	 70.92522	 74.21000
 85.80000	 74.19004	 76.55000
 86.40000	 72.83023	 76.19000
 87.00000	 72.73770	 76.56000
 87.60000	 75.37054	 78.64000
 88.20000	 77.68536	 80.70000
 88.80000	 77.19589	 81.17000
 89.40000	 76.01979	 81.19000
 90.00000	 75.12633	 81.29000
 90.60000	 71.94134	 79.84000
 91.20000	 69.26182	 78.44000
 91.80000	 68.03043	 77.70000
 92.40000	 65.21277	 75.81000
 93.00000	 63.54193	 74.41000
 93.60000	 62.79248	 73.44000
 94.20000	 63.24532	 73.16000
 94.80000	 63.92602	 73.06000
 95.40000	 64.85285	 73.19000
 96.00000	 66.47498	 73.86000
 96.60000	 68.41251	 74.88000
 97.20000	 69.89754	 75.79000
 97.80000	 69.73843	 75.81000
 98.40000	 72.48298	 77.68000
 99.00000	 72.74844	 78.18000
 99.60000	 73.52536	 79.04000
100.20000	 72.88203	 79.06000
100.80000	 80.43792	 84.17000
101.40000	 77.79347	 83.32000
102.00000	 76.00470	 82.87000
102.60000	 76.11961	 83.47000
103.20000	 73.58239	 82.37000
103.80000	 73.70648	 82.75000
104.40000	 71.44059	 81.60000
105.00000	 69.62547	 80.58000
105.60000	 69.23169	 80.32000
106.20000	 66.26842	 78.42000
106.80000	 65.40628	 77.67000
107.40000	 67.46735	 78.69000
108.00000	 69.97337	 80.10000
108.60000	 70.24431	 80.27000
109.20000	 70.24610	 80.31000
109.80000	 71.19776	 80.95000
110.40000	 69.78054	 80.17000
111.00000	 69.14300	 79.81000
111.60000	 66.87838	 78.41000
112.20000	 67.96203	 78.98000
112.80000	 72.16962	 81.53000
113.40000	 75.42151	 83.68000
114.00000	 79.11636	 86.25000
114.60000	 80.93454	 87.81000
115.20000	 79.48697	 87.41000
115.80000	 77.71869	 86.72000
116.40000	 74.06828	 84.76000
117.00000	 70.96494	 82.96000
117.60000	 69.16669	 81.82000
118.20000	 65.62357	 79.53000
118.80000	 64.02700	 78.31000
119.40000	 62.43589	 77.05000
120.00000	 63.68298	 77.50000
120.60000	 72.73610	 82.81000
121.20000	 78.91402	 86.69000
121.80000	 82.45774	 89.17000
122.40000	 83.60221	 90.28000
123.00000	 83.63000	 90.71000
123.60000	 82.46265	 90.37000
124.20000	 80.99282	 89.77000
124.80000	 76.16407	 87.04000
125.40000	 72.44530	 84.82000
126.00000	 70.65913	 83.66000
126.60000	 68.44545	 82.19000
127.20000	 66.61246	 80.90000
127.80000	 65.60762	 80.08000
128.40000	 63.95725	 78.86000
129.00000	 62.34130	 77.64000
129.60000	 61.03228	 76.59000
130.20000	 58.95926	 75.07000
130.80000	 57.69622	 74.02000
131.40000	 55.13000	 72.18000
132.00000	 57.43934	 73.27000
132.60000	 59.29286	 74.17000
133.20000	 57.27045	 72.79000
133.80000	 60.25636	 74.42000
134.40000	 62.98598	 75.98000
135.00000	 67.03717	 78.41000
135.60000	 67.53385	 78.78000
136.20000	 68.92828	 79.70000
136.80000	 75.53536	 83.79000
137.40000	 76.14762	 84.38000
138.00000	 77.13768	 85.19000
138.60000	 77.81553	 85.81000
139.20000	 78.98840	 86.72000
139.80000	 78.78211	 86.80000
140.40000	 77.53502	 86.23000
141.00000	 75.30450	 85.03000
141.60000	 72.30842	 83.32000
142.20000	 69.73798	 81.81000
142.80000	 68.33687	 80.96000
143.40000	 65.63332	 79.31000
144.00000	 63.97132	 78.25000
144.60000	 63.61875	 77.96000
145.20000	 63.94081	 78.08000
145.80000	 64.77282	 78.52000
146.40000	 66.07323	 79.26000
147.00000	 67.23436	 79.94000
147.60000	 69.01754	 81.01000
148.20000	 69.90794	 81.57000
148.80000	 68.20198	 80.59000
149.40000	 67.21900	 80.02000
150.00000	 66.53817	 79.62000
150.60000	 63.01196	 77.52000
151.20000	 60.71635	 76.12000
151.80000	 59.26889	 75.21000
