   0.00000	  63.10837	  75.42000
   0.60000	  63.60218	  75.82000
   1.20000	  63.57214	  75.77000
   1.80000	  65.17896	  77.16000
   2.40000	  67.68813	  79.37000
   3.00000	  71.49416	  82.76000
   3.60000	  73.90212	  84.98000
   4.20000	  76.46605	  87.37000
   4.80000	  77.50278	  88.45000
   5.40000	  76.92866	  88.12000
   6.00000	  74.83125	  86.43000
   6.60000	  72.79649	  84.75000
   7.20000	  71.40102	  83.59000
   7.80000	  68.83171	  81.37000
   8.40000	  66.95033	  79.71000
   9.00000	  64.95634	  77.92000
   9.60000	  64.74907	  77.67000
  10.20000	  64.82584	  77.67000
  10.80000	  66.27266	  78.88000
  11.40000	  65.76492	  78.40000
  12.00000	  66.42304	  78.94000
  12.60000	  69.09202	  81.26000
  13.20000	  71.42579	  83.33000
  13.80000	  74.18367	  85.81000
  14.40000	  75.22200	  86.82000
  15.00000	  75.31460	  87.01000
  15.60000	  72.07961	  84.27000
  16.20000	  70.24299	  82.70000
  16.80000	  72.30351	  84.52000
  17.40000	  68.87828	  81.55000
  18.00000	  66.27904	  79.25000
  18.60000	  64.59269	  77.71000
  19.20000	  64.23117	  77.31000
  19.80000	  62.42526	  75.64000
  20.40000	  62.13586	  75.28000
  21.00000	  63.35757	  76.25000
  21.60000	  66.03948	  78.53000
  22.20000	  70.44088	  82.37000
  22.80000	  69.47826	  81.57000
  23.40000	  68.39682	  80.65000
  24.00000	  67.50874	  79.88000
  24.60000	  65.95560	  78.51000
  25.20000	  64.48760	  77.19000
  25.80000	  62.79434	  75.65000
  26.40000	  61.27623	  74.24000
  27.00000	  60.77037	  73.70000
  27.60000	  58.54830	  71.65000
  28.20000	  57.65566	  70.74000
  28.80000	  58.29499	  71.17000
  29.40000	  60.28926	  72.81000
  30.00000	  62.41963	  74.61000
  30.60000	  65.56225	  77.34000
  31.20000	  66.65237	  78.32000
  31.80000	  65.83317	  77.64000
  32.40000	  65.86191	  77.69000
  33.00000	  66.16597	  77.98000
  33.60000	  67.63864	  79.30000
  34.20000	  68.10812	  79.76000
  34.80000	  67.37715	  79.17000
  35.40000	  66.69755	  78.61000
  36.00000	  65.43078	  77.52000
  36.60000	  64.13245	  76.38000
  37.20000	  63.43895	  75.75000
  37.80000	  63.22380	  75.53000
  38.40000	  64.27364	  76.42000
  39.00000	  65.17681	  77.20000
  39.60000	  66.90386	  78.72000
  40.20000	  66.92643	  78.77000
  40.80000	  67.00670	  78.87000
  41.40000	  66.38242	  78.35000
  42.00000	  68.09327	  79.87000
  42.60000	  71.09530	  82.55000
  43.20000	  68.27595	  80.16000
  43.80000	  67.08287	  79.15000
  44.40000	  67.57813	  79.60000
  45.00000	  69.32993	  81.16000
  45.60000	  70.72160	  82.43000
  46.20000	  68.56309	  80.60000
  46.80000	  66.42525	  78.75000
  47.40000	  64.69413	  77.22000
  48.00000	  62.14166	  74.94000
  48.60000	  60.07720	  73.05000
  49.20000	  57.51059	  70.69000
  49.80000	  56.87198	  69.99000
  50.40000	  56.70164	  69.70000
  51.00000	  55.33941	  68.37000
  51.60000	  56.57373	  69.31000
  52.20000	  57.86555	  70.33000
  52.80000	  59.52163	  71.70000
  53.40000	  61.98168	  73.81000
  54.00000	  61.63773	  73.50000
  54.60000	  61.13802	  73.05000
  55.20000	  61.87558	  73.68000
  55.80000	  59.70821	  71.77000
  56.40000	  58.68268	  70.83000
  57.00000	  57.95844	  70.14000
  57.60000	  59.45124	  71.39000
  58.20000	  61.61803	  73.26000
  58.80000	  64.67493	  75.95000
  59.40000	  68.09645	  79.01000
  60.00000	  71.04882	  81.71000
  60.60000	  72.95288	  83.53000
  61.20000	  73.94520	  84.57000
  61.80000	  73.55547	  84.40000
  62.40000	  72.84530	  83.93000
  63.00000	  72.02481	  83.34000
  63.60000	  70.29771	  81.93000
  64.20000	  68.88470	  80.76000
  64.80000	  67.07220	  79.21000
  65.40000	  66.12788	  78.39000
  66.00000	  65.84014	  78.13000
  66.60000	  66.60472	  78.79000
  67.20000	  67.67341	  79.73000
  67.80000	  68.92720	  80.85000
  68.40000	  70.29569	  82.09000
  69.00000	  70.90205	  82.68000
  69.60000	  74.26660	  85.70000
  70.20000	  76.14163	  87.46000
  70.80000	  76.66982	  88.06000
  71.40000	  74.77462	  86.53000
  72.00000	  73.20916	  85.25000
  72.60000	  71.47668	  83.79000
  73.20000	  68.79195	  81.46000
  73.80000	  67.27469	  80.11000
  74.40000	  66.05857	  79.00000
  75.00000	  64.05410	  77.18000
  75.60000	  63.41315	  76.53000
  76.20000	  63.60865	  76.61000
  76.80000	  65.06789	  77.81000
  77.40000	  68.09826	  80.42000
  78.00000	  68.16652	  80.48000
  78.60000	  69.06189	  81.27000
  79.20000	  71.03373	  83.02000
  79.80000	  74.26817	  85.91000
  80.40000	  75.48956	  87.08000
  81.00000	  75.97773	  87.62000
  81.60000	  75.60068	  87.40000
  82.20000	  75.52402	  87.43000
  82.80000	  73.72760	  85.94000
  83.40000	  72.34672	  84.78000
  84.00000	  70.26835	  82.98000
  84.60000	  70.35883	  83.05000
  85.20000	  70.27784	  82.97000
  85.80000	  70.42515	  83.09000
  86.40000	  69.13519	  81.95000
  87.00000	  68.41403	  81.29000
  87.60000	  68.52394	  81.35000
  88.20000	  69.46009	  82.14000
  88.80000	  69.15888	  81.86000
  89.40000	  67.60925	  80.48000
  90.00000	  65.43750	  78.53000
  90.60000	  63.92838	  77.13000
  91.20000	  62.63531	  75.90000
  91.80000	  61.71151	  74.98000
  92.40000	  60.77338	  74.04000
  93.00000	  60.05921	  73.29000
  93.60000	  60.13339	  73.23000
  94.20000	  60.43509	  73.38000
  94.80000	  63.12263	  75.64000
  95.40000	  64.93350	  77.18000
  96.00000	  66.68253	  78.70000
  96.60000	  67.56638	  79.49000
  97.20000	  70.00447	  81.66000
  97.80000	  71.64920	  83.17000
  98.40000	  71.99339	  83.56000
  99.00000	  70.17533	  82.05000
  99.60000	  72.00461	  83.71000
 100.20000	  67.91205	  80.19000
 100.80000	  65.17287	  77.79000
 101.40000	  63.90923	  76.64000
 102.00000	  64.77250	  77.34000
 102.60000	  65.69596	  78.11000
 103.20000	  67.50901	  79.68000
 103.80000	  66.57827	  78.87000
 104.40000	  67.55258	  79.72000
 105.00000	  68.14533	  80.25000
 105.60000	  67.25945	  79.49000
 106.20000	  66.84580	  79.13000
 106.80000	  66.69093	  78.99000
 107.40000	  66.94853	  79.21000
 108.00000	  68.37323	  80.46000
 108.60000	  65.91411	  78.32000
 109.20000	  63.90961	  76.54000
 109.80000	  63.80778	  76.40000
 110.40000	  62.04363	  74.80000
 111.00000	  60.81921	  73.65000
 111.60000	  59.02012	  71.98000
 112.20000	  59.72762	  72.49000
 112.80000	  60.42565	  73.01000
 113.40000	  60.90917	  73.36000
 114.00000	  61.83220	  74.11000
 114.60000	  63.33613	  75.39000
 115.20000	  64.84282	  76.70000
 115.80000	  67.89044	  79.39000
 116.40000	  69.97259	  81.28000
 117.00000	  68.94742	  80.47000
 117.60000	  68.41334	  80.07000
 118.20000	  69.29526	  80.90000
 118.80000	  69.80231	  81.41000
 119.40000	  67.91529	  79.82000
 120.00000	  66.11318	  78.27000
 120.60000	  64.60957	  76.95000
 121.20000	  62.34938	  74.94000
 121.80000	  60.81186	  73.53000
 122.40000	  58.99153	  71.85000
 123.00000	  59.64504	  72.32000
 123.60000	  60.17691	  72.70000
 124.20000	  60.48644	  72.90000
 124.80000	  62.21768	  74.36000
 125.40000	  60.93069	  73.20000
 126.00000	  59.95890	  72.30000
 126.60000	  60.62894	  72.83000
 127.20000	  59.13186	  71.47000
 127.80000	  58.64750	  70.98000
 128.40000	  59.35100	  71.53000
 129.00000	  63.38213	  75.02000
 129.60000	  63.76238	  75.37000
 130.20000	  63.67879	  75.32000
 130.80000	  62.48305	  74.29000
 131.40000	  61.49273	  73.42000
 132.00000	  60.40739	  72.45000
 132.60000	  60.25140	  72.28000
 133.20000	  57.14886	  69.52000
 133.80000	  54.81639	  67.39000
 134.40000	  55.38919	  67.78000
 135.00000	  56.09183	  68.30000
 135.60000	  57.17142	  69.17000
 136.20000	  56.07346	  68.15000
 136.80000	  59.39372	  71.00000
 137.40000	  61.93230	  73.22000
 138.00000	  64.26240	  75.30000
 138.60000	  65.27669	  76.26000
 139.20000	  65.32079	  76.38000
 139.80000	  63.53800	  74.89000
 140.40000	  63.69425	  75.07000
 141.00000	  63.56823	  75.00000
 141.60000	  64.35830	  75.73000
 142.20000	  61.35916	  73.14000
 142.80000	  58.47419	  70.60000
 143.40000	  56.56481	  68.87000
 144.00000	  55.43876	  67.80000
 144.60000	  55.32911	  67.61000
 145.20000	  56.52305	  68.57000
 145.80000	  57.05072	  68.97000
 146.40000	  57.36905	  69.20000
 147.00000	  56.96000	  68.80000
 147.60000	  57.07805	  68.86000
 148.20000	  56.96294	  68.72000
 148.80000	  55.95886	  67.80000
 149.40000	  56.23289	  67.99000
 150.00000	  57.23812	  68.83000
 150.60000	-348.13062	  69.52000
 151.20000	 154.49292	  70.05000
 151.80000	  54.12313	  70.42000
