  0.00000	 73.23781	 75.42000
  0.60000	 73.23557	 75.82000
  1.20000	 73.23010	 75.77000
  1.80000	 73.23574	 77.16000
  2.40000	 73.23862	 79.37000
  3.00000	 73.24302	 82.76000
  3.60000	 73.23820	 84.98000
  4.20000	 73.24063	 87.37000
  4.80000	 73.23689	 88.45000
  5.40000	 73.23306	 88.12000
  6.00000	 73.22949	 86.43000
  6.60000	 73.23089	 84.75000
  7.20000	 73.23287	 83.59000
  7.80000	 73.22742	 81.37000
  8.40000	 73.22940	 79.71000
  9.00000	 73.22797	 77.92000
  9.60000	 73.23327	 77.67000
 10.20000	 73.23255	 77.67000
 10.80000	 73.23644	 78.88000
 11.40000	 73.22869	 78.40000
 12.00000	 73.23382	 78.94000
 12.60000	 73.24111	 81.26000
 13.20000	 73.23893	 83.33000
 13.80000	 73.24090	 85.81000
 14.40000	 73.23578	 86.82000
 15.00000	 73.23436	 87.01000
 15.60000	 73.22413	 84.27000
 16.20000	 73.23112	 82.70000
 16.80000	 73.24441	 84.52000
 17.40000	 73.22166	 81.55000
 18.00000	 73.22611	 79.25000
 18.60000	 73.22971	 77.71000
 19.20000	 73.23274	 77.31000
 19.80000	 73.22563	 75.64000
 20.40000	 73.23085	 75.28000
 21.00000	 73.23535	 76.25000
 21.60000	 73.23918	 78.53000
 22.20000	 73.24452	 82.37000
 22.80000	 73.22517	 81.57000
 23.40000	 73.22840	 80.65000
 24.00000	 73.23106	 79.88000
 24.60000	 73.22836	 78.51000
 25.20000	 73.22832	 77.19000
 25.80000	 73.22697	 75.65000
 26.40000	 73.22697	 74.24000
 27.00000	 73.22977	 73.70000
 27.60000	 73.22237	 71.65000
 28.20000	 73.22714	 70.74000
 28.80000	 73.23170	 71.17000
 29.40000	 73.23492	 72.81000
 30.00000	 73.23434	 74.61000
 30.60000	 73.23820	 77.34000
 31.20000	 73.23137	 78.32000
 31.80000	 73.22650	 77.64000
 32.40000	 73.23178	 77.69000
 33.00000	 73.23295	 77.98000
 33.60000	 73.23668	 79.30000
 34.20000	 73.23251	 79.76000
 34.80000	 73.22884	 79.17000
 35.40000	 73.23021	 78.61000
 36.00000	 73.22834	 77.52000
 36.60000	 73.22816	 76.38000
 37.20000	 73.22996	 75.75000
 37.80000	 73.23081	 75.53000
 38.40000	 73.23452	 76.42000
 39.00000	 73.23310	 77.20000
 39.60000	 73.23605	 78.72000
 40.20000	 73.23007	 78.77000
 40.80000	 73.23151	 78.87000
 41.40000	 73.22972	 78.35000
 42.00000	 73.23848	 79.87000
 42.60000	 73.24208	 82.55000
 43.20000	 73.22047	 80.16000
 43.80000	 73.22959	 79.15000
 44.40000	 73.23621	 79.60000
 45.00000	 73.23893	 81.16000
 45.60000	 73.23640	 82.43000
 46.20000	 73.22407	 80.60000
 46.80000	 73.22653	 78.75000
 47.40000	 73.22860	 77.22000
 48.00000	 73.22457	 74.94000
 48.60000	 73.22556	 73.05000
 49.20000	 73.22264	 70.69000
 49.80000	 73.22857	 69.99000
 50.40000	 73.22835	 69.70000
 51.00000	 73.22270	 68.37000
 51.60000	 73.23212	 69.31000
 52.20000	 73.23108	 70.33000
 52.80000	 73.23182	 71.70000
 53.40000	 73.23500	 73.81000
 54.00000	 73.22527	 73.50000
 54.60000	 73.22674	 73.05000
 55.20000	 73.23230	 73.68000
 55.80000	 73.22129	 71.77000
 56.40000	 73.22637	 70.83000
 57.00000	 73.22714	 70.14000
 57.60000	 73.23406	 71.39000
 58.20000	 73.23492	 73.26000
 58.80000	 73.23754	 75.95000
 59.40000	 73.23914	 79.01000
 60.00000	 73.23842	 81.71000
 60.60000	 73.23637	 83.53000
 61.20000	 73.23522	 84.57000
 61.80000	 73.23211	 84.40000
 62.40000	 73.23250	 83.93000
 63.00000	 73.23271	 83.34000
 63.60000	 73.22937	 81.93000
 64.20000	 73.23054	 80.76000
 64.80000	 73.22857	 79.21000
 65.40000	 73.23108	 78.39000
 66.00000	 73.23234	 78.13000
 66.60000	 73.23501	 78.79000
 67.20000	 73.23518	 79.73000
 67.80000	 73.23561	 80.85000
 68.40000	 73.23632	 82.09000
 69.00000	 73.23409	 82.68000
 69.60000	 73.24492	 85.70000
 70.20000	 73.23904	 87.46000
 70.80000	 73.23530	 88.06000
 71.40000	 73.22868	 86.53000
 72.00000	 73.23191	 85.25000
 72.60000	 73.23139	 83.79000
 73.20000	 73.22721	 81.46000
 73.80000	 73.23098	 80.11000
 74.40000	 73.23069	 79.00000
 75.00000	 73.22652	 77.18000
 75.60000	 73.23096	 76.53000
 76.20000	 73.23275	 76.61000
 76.80000	 73.23603	 77.81000
 77.40000	 73.24075	 80.42000
 78.00000	 73.22958	 80.48000
 78.60000	 73.23456	 81.27000
 79.20000	 73.23939	 83.02000
 79.80000	 73.24366	 85.91000
 80.40000	 73.23628	 87.08000
 81.00000	 73.23549	 87.62000
 81.60000	 73.23421	 87.40000
 82.20000	 73.23635	 87.43000
 82.80000	 73.23027	 85.94000
 83.40000	 73.23235	 84.78000
 84.00000	 73.22956	 82.98000
 84.60000	 73.23685	 83.05000
 85.20000	 73.23457	 82.97000
 85.80000	 73.23456	 83.09000
 86.40000	 73.22927	 81.95000
 87.00000	 73.23195	 81.29000
 87.60000	 73.23471	 81.35000
 88.20000	 73.23675	 82.14000
 88.80000	 73.23158	 81.86000
 89.40000	 73.22770	 80.48000
 90.00000	 73.22641	 78.53000
 90.60000	 73.22892	 77.13000
 91.20000	 73.22864	 75.90000
 91.80000	 73.22881	 74.98000
 92.40000	 73.22781	 74.04000
 93.00000	 73.22799	 73.29000
 93.60000	 73.23024	 73.23000
 94.20000	 73.23025	 73.38000
 94.80000	 73.23835	 75.64000
 95.40000	 73.23417	 77.18000
 96.00000	 73.23455	 78.70000
 96.60000	 73.23265	 79.49000
 97.20000	 73.23955	 81.66000
 97.80000	 73.23684	 83.17000
 98.40000	 73.23303	 83.56000
 99.00000	 73.22693	 82.05000
 99.60000	 73.24174	 83.71000
100.20000	 73.21911	 80.19000
100.80000	 73.22580	 77.79000
101.40000	 73.23101	 76.64000
102.00000	 73.23634	 77.34000
102.60000	 73.23421	 78.11000
103.20000	 73.23677	 79.68000
103.80000	 73.22695	 78.87000
104.40000	 73.23549	 79.72000
105.00000	 73.23407	 80.25000
105.60000	 73.22866	 79.49000
106.20000	 73.23132	 79.13000
106.80000	 73.23232	 78.99000
107.40000	 73.23333	 79.21000
108.00000	 73.23708	 80.46000
108.60000	 73.22260	 78.32000
109.20000	 73.22607	 76.54000
109.80000	 73.23321	 76.40000
110.40000	 73.22542	 74.80000
111.00000	 73.22706	 73.65000
111.60000	 73.22457	 71.98000
112.20000	 73.23305	 72.49000
112.80000	 73.23126	 73.01000
113.40000	 73.22971	 73.36000
114.00000	 73.23160	 74.11000
114.60000	 73.23386	 75.39000
115.20000	 73.23388	 76.70000
115.80000	 73.23983	 79.39000
116.40000	 73.23642	 81.28000
117.00000	 73.22650	 80.47000
117.60000	 73.23100	 80.07000
118.20000	 73.23684	 80.90000
118.80000	 73.23451	 81.41000
119.40000	 73.22580	 79.82000
120.00000	 73.22751	 78.27000
120.60000	 73.22877	 76.95000
121.20000	 73.22512	 74.94000
121.80000	 73.22711	 73.53000
122.40000	 73.22500	 71.85000
123.00000	 73.23295	 72.32000
123.60000	 73.23064	 72.70000
124.20000	 73.22911	 72.90000
124.80000	 73.23450	 74.36000
125.40000	 73.22337	 73.20000
126.00000	 73.22601	 72.30000
126.60000	 73.23241	 72.83000
127.20000	 73.22345	 71.47000
127.80000	 73.22751	 70.98000
128.40000	 73.23149	 71.53000
129.00000	 73.24231	 75.02000
129.60000	 73.22752	 75.37000
130.20000	 73.22785	 75.32000
130.80000	 73.22580	 74.29000
131.40000	 73.22740	 73.42000
132.00000	 73.22684	 72.45000
132.60000	 73.22963	 72.28000
133.20000	 73.21815	 69.52000
133.80000	 73.22169	 67.39000
134.40000	 73.23154	 67.78000
135.00000	 73.22939	 68.30000
135.60000	 73.22955	 69.17000
136.20000	 73.22174	 68.15000
136.80000	 73.23891	 71.00000
137.40000	 73.23465	 73.22000
138.00000	 73.23393	 75.30000
138.60000	 73.23068	 76.26000
139.20000	 73.22911	 76.38000
139.80000	 73.22409	 74.89000
140.40000	 73.23232	 75.07000
141.00000	 73.23044	 75.00000
141.60000	 73.23309	 75.73000
142.20000	 73.21909	 73.14000
142.80000	 73.22116	 70.60000
143.40000	 73.22484	 68.87000
144.00000	 73.22593	 67.80000
144.60000	 73.22777	 67.61000
145.20000	 73.23104	 68.57000
145.80000	 73.22757	 68.97000
146.40000	 73.22708	 69.20000
147.00000	 73.22508	 68.80000
147.60000	 73.22758	 68.86000
148.20000	 73.22663	 68.72000
148.80000	 73.22337	 67.80000
149.40000	 73.22832	 67.99000
150.00000	 73.23031	 68.83000
150.60000	 55.88000	 69.52000
151.20000	 76.55000	 70.05000
151.80000	 72.41178	 70.42000
