  0.00000	 54.50278	 66.15000
  0.60000	 55.50191	 66.83000
  1.20000	 56.06363	 67.19000
  1.80000	 57.61369	 68.46000
  2.40000	 58.35576	 69.20000
  3.00000	 56.78014	 68.11000
  3.60000	 58.25567	 69.56000
  4.20000	 58.57200	 70.11000
  4.80000	 56.79678	 68.95000
  5.40000	 56.69926	 69.11000
  6.00000	 56.31279	 68.96000
  6.60000	 53.77683	 66.92000
  7.20000	 53.32436	 66.42000
  7.80000	 53.00581	 65.88000
  8.40000	 53.58544	 66.00000
  9.00000	 54.04262	 66.01000
  9.60000	 52.46730	 64.33000
 10.20000	 54.52954	 65.64000
 10.80000	 56.74498	 67.19000
 11.40000	 59.45521	 69.39000
 12.00000	 61.64887	 71.48000
 12.60000	 62.66716	 72.91000
 13.20000	 62.57847	 73.65000
 13.80000	 66.49900	 77.91000
 14.40000	 58.87441	 72.72000
 15.00000	 53.75787	 69.25000
 15.60000	 53.73476	 69.49000
 16.20000	 53.69684	 69.39000
 16.80000	 54.25327	 69.62000
 17.40000	 52.81544	 68.11000
 18.00000	 51.92116	 66.93000
 18.60000	 51.67844	 66.17000
 19.20000	 51.86336	 65.69000
 19.80000	 53.05340	 66.04000
 20.40000	 53.29515	 65.67000
 21.00000	 53.71490	 65.52000
 21.60000	 55.29697	 66.43000
 22.20000	 56.14465	 66.88000
 22.80000	 56.76463	 67.29000
 23.40000	 56.17239	 66.80000
 24.00000	 55.89503	 66.60000
 24.60000	 56.87759	 67.46000
 25.20000	 55.62247	 66.49000
 25.80000	 54.61468	 65.67000
 26.40000	 56.26760	 67.00000
 27.00000	 54.51678	 65.51000
 27.60000	 53.20983	 64.30000
 28.20000	 53.70463	 64.47000
 28.80000	 54.13877	 64.55000
 29.40000	 56.61590	 66.38000
 30.00000	 54.40500	 64.43000
 30.60000	 52.93929	 63.05000
 31.20000	 52.98526	 62.81000
 31.80000	 54.24351	 63.53000
 32.40000	 55.69854	 64.48000
 33.00000	 55.08404	 63.82000
 33.60000	 55.17416	 63.79000
 34.20000	 55.38833	 63.89000
 34.80000	 57.81696	 65.90000
 35.40000	 59.32510	 67.33000
 36.00000	 59.52637	 67.87000
 36.60000	 59.01244	 67.93000
 37.20000	 58.37740	 67.91000
 37.80000	 57.81488	 67.91000
 38.40000	 57.18108	 67.78000
 39.00000	 56.84052	 67.81000
 39.60000	 55.59990	 67.00000
 40.20000	 54.73260	 66.37000
 40.80000	 54.68895	 66.30000
 41.40000	 54.72335	 66.22000
 42.00000	 55.14228	 66.43000
 42.60000	 54.76701	 65.98000
 43.20000	 54.94517	 65.98000
 43.80000	 56.60210	 67.24000
 44.40000	 57.34003	 67.85000
 45.00000	 57.77770	 68.33000
 45.60000	 55.83820	 66.89000
 46.20000	 56.81804	 67.83000
 46.80000	 57.37162	 68.43000
 47.40000	 57.42763	 68.66000
 48.00000	 57.10666	 68.60000
 48.60000	 55.52616	 67.46000
 49.20000	 56.04024	 67.97000
 49.80000	 56.41176	 68.33000
 50.40000	 58.33515	 70.02000
 51.00000	 56.46236	 68.64000
 51.60000	 55.50188	 67.97000
 52.20000	 56.24777	 68.64000
 52.80000	 57.74836	 69.95000
 53.40000	 58.53791	 70.77000
 54.00000	 59.61198	 71.95000
 54.60000	 57.90424	 70.91000
 55.20000	 56.20795	 69.82000
 55.80000	 55.97726	 69.81000
 56.40000	 55.48251	 69.47000
 57.00000	 54.22700	 68.39000
 57.60000	 53.21309	 67.37000
 58.20000	 52.59030	 66.53000
 58.80000	 52.92682	 66.38000
 59.40000	 53.30511	 66.23000
 60.00000	 54.04286	 66.40000
 60.60000	 53.79278	 65.80000
 61.20000	 53.91859	 65.54000
 61.80000	 54.88755	 66.02000
 62.40000	 55.32641	 66.14000
 63.00000	 55.53754	 66.15000
 63.60000	 55.89988	 66.35000
 64.20000	 55.23607	 65.74000
 64.80000	 55.20595	 65.65000
 65.40000	 54.57635	 65.04000
 66.00000	 54.99875	 65.27000
 66.60000	 57.91195	 67.62000
 67.20000	 57.10732	 67.04000
 67.80000	 58.10893	 68.05000
 68.40000	 58.92849	 69.01000
 69.00000	 58.58793	 69.10000
 69.60000	 63.31187	 73.52000
 70.20000	 59.52842	 71.09000
 70.80000	 55.61571	 68.45000
 71.40000	 57.29569	 70.20000
 72.00000	 58.22587	 71.25000
 72.60000	 55.82840	 69.51000
 73.20000	 54.14628	 68.21000
 73.80000	 52.17846	 66.45000
 74.40000	 53.27751	 67.03000
 75.00000	 54.81410	 67.93000
 75.60000	 52.49391	 65.65000
 76.20000	 51.21529	 64.13000
 76.80000	 51.58400	 63.85000
 77.40000	 52.98862	 64.40000
 78.00000	 54.71432	 65.31000
 78.60000	 54.70482	 64.93000
 79.20000	 55.08485	 64.98000
 79.80000	 55.54269	 65.18000
 80.40000	 57.81352	 67.00000
 81.00000	 59.40500	 68.46000
 81.60000	 59.48371	 68.87000
 82.20000	 59.19035	 69.09000
 82.80000	 58.00266	 68.59000
 83.40000	 57.89273	 68.93000
 84.00000	 57.56149	 69.03000
 84.60000	 57.03763	 68.91000
 85.20000	 56.43469	 68.65000
 85.80000	 54.01390	 66.76000
 86.40000	 54.85821	 67.41000
 87.00000	 55.61651	 67.93000
 87.60000	 55.16266	 67.45000
 88.20000	 54.87179	 67.09000
 88.80000	 53.54513	 65.82000
 89.40000	 54.89932	 66.71000
 90.00000	 55.89444	 67.34000
 90.60000	 56.44011	 67.69000
 91.20000	 55.65919	 67.01000
 91.80000	 55.05346	 66.47000
 92.40000	 56.03859	 67.23000
 93.00000	 56.77722	 67.83000
 93.60000	 58.09016	 69.00000
 94.20000	 57.32645	 68.55000
 94.80000	 56.88665	 68.39000
 95.40000	 55.40753	 67.32000
 96.00000	 57.34355	 69.02000
 96.60000	 59.02162	 70.58000
 97.20000	 58.36956	 70.33000
 97.80000	 57.76963	 70.16000
 98.40000	 56.48679	 69.38000
 99.00000	 55.54175	 68.77000
 99.60000	 55.58076	 68.86000
100.20000	 55.48883	 68.77000
100.80000	 55.36523	 68.61000
101.40000	 54.63092	 67.90000
102.00000	 53.98106	 67.19000
102.60000	 55.30512	 68.07000
103.20000	 56.28965	 68.72000
103.80000	 56.28760	 68.64000
104.40000	 56.22995	 68.57000
105.00000	 56.53049	 68.83000
105.60000	 57.58907	 69.77000
106.20000	 58.70720	 70.86000
106.80000	 62.37433	 74.25000
107.40000	 60.35382	 73.16000
108.00000	 58.29429	 72.06000
108.60000	 57.89714	 72.22000
109.20000	 57.04623	 71.88000
109.80000	 57.20728	 72.27000
110.40000	 57.41331	 72.64000
111.00000	 54.87096	 70.66000
111.60000	 52.80493	 68.88000
112.20000	 52.72347	 68.52000
112.80000	 52.55085	 67.94000
113.40000	 51.60536	 66.62000
114.00000	 51.00270	 65.48000
114.60000	 50.38601	 64.23000
115.20000	 50.83111	 63.79000
115.80000	 51.41288	 63.46000
116.40000	 52.89066	 63.94000
117.00000	 54.21966	 64.44000
117.60000	 55.35485	 64.96000
118.20000	 56.52770	 65.70000
118.80000	 57.13409	 66.15000
119.40000	 57.92035	 66.90000
120.00000	 58.33365	 67.47000
120.60000	 56.28354	 66.05000
121.20000	 57.24451	 67.08000
121.80000	 57.84593	 67.82000
122.40000	 57.90366	 68.15000
123.00000	 57.68017	 68.27000
123.60000	 59.09996	 69.78000
124.20000	 55.87555	 67.45000
124.80000	 53.40008	 65.56000
125.40000	 57.05454	 68.58000
126.00000	 59.69047	 70.86000
126.60000	 61.85990	 73.01000
127.20000	 61.10531	 72.98000
127.80000	 59.34299	 72.19000
128.40000	 57.48767	 71.23000
129.00000	 57.68842	 71.82000
129.60000	 54.34549	 69.31000
130.20000	 51.31620	 66.76000
130.80000	 51.92947	 66.91000
131.40000	 52.67939	 67.02000
132.00000	 52.08608	 65.97000
132.60000	 51.94055	 65.25000
133.20000	 51.43165	 64.19000
133.80000	 53.00673	 64.85000
134.40000	 54.22733	 65.31000
135.00000	 55.81092	 66.23000
135.60000	 56.64672	 66.72000
136.20000	 56.57115	 66.61000
136.80000	 56.38238	 66.49000
137.40000	 56.07518	 66.30000
138.00000	 56.56671	 66.78000
138.60000	 56.61932	 66.92000
139.20000	 55.56439	 66.14000
139.80000	 55.45289	 66.09000
140.40000	 55.26629	 65.93000
141.00000	 55.10154	 65.75000
141.60000	 54.91610	 65.52000
142.20000	 54.46029	 65.03000
142.80000	 54.01595	 64.50000
143.40000	 53.47562	 63.83000
144.00000	 54.70209	 64.59000
144.60000	 55.87028	 65.36000
145.20000	 53.26595	 63.05000
145.80000	 55.68330	 64.87000
146.40000	 57.60999	 66.39000
147.00000	 58.25355	 67.03000
147.60000	 58.47510	 67.47000
148.20000	 58.27534	 67.65000
148.80000	 57.83681	 67.66000
149.40000	 57.13915	 67.43000
150.00000	 56.42653	 67.12000
150.60000	 55.65814	 66.67000
151.20000	 55.27770	 66.44000
151.80000	 55.21232	 66.39000
152.40000	 53.99376	 65.31000
153.00000	 53.41045	 64.65000
153.60000	 53.25778	 64.25000
154.20000	 54.35906	 64.85000
154.80000	 55.85697	 65.84000
155.40000	 55.99433	 65.82000
156.00000	 56.45194	 66.16000
156.60000	 57.67319	 67.23000
157.20000	 58.98193	 68.51000
157.80000	 59.41958	 69.22000
158.40000	 61.50740	 71.45000
159.00000	 62.29093	 72.79000
159.60000	 60.28582	 71.93000
160.20000	 59.23855	 71.81000
160.80000	 58.00980	 71.41000
161.40000	 56.91808	 70.96000
162.00000	 56.20975	 70.66000
162.60000	 54.20484	 69.11000
163.20000	 52.75696	 67.80000
163.80000	 52.01830	 66.86000
164.40000	 51.69818	 66.10000
165.00000	 51.47439	 65.31000
165.60000	 52.09864	 65.17000
166.20000	 53.24420	 65.49000
166.80000	 53.09047	 64.81000
167.40000	 53.29254	 64.48000
168.00000	 55.19604	 65.64000
168.60000	 56.20004	 66.21000
169.20000	 56.90874	 66.70000
169.80000	 57.04620	 66.85000
170.40000	 57.08184	 67.00000
171.00000	 56.26109	 66.47000
171.60000	 56.88861	 67.13000
172.20000	 57.25017	 67.59000
172.80000	 57.04679	 67.61000
173.40000	 56.75692	 67.56000
174.00000	 55.50375	 66.67000
174.60000	 55.58042	 66.80000
175.20000	 55.80096	 67.00000
175.80000	 55.28027	 66.56000
176.40000	 55.23708	 66.48000
177.00000	 53.52908	 64.96000
177.60000	 55.38272	 66.32000
178.20000	 56.53212	 67.15000
178.80000	 58.86572	 69.11000
179.40000	 60.12305	 70.40000
180.00000	 59.90576	 70.66000
180.60000	 58.72753	 70.20000
181.20000	 57.17795	 69.38000
181.80000	 57.39129	 69.91000
182.40000	 57.42129	 70.22000
183.00000	 55.84267	 69.13000
183.60000	 54.65383	 68.23000
184.20000	 52.02293	 65.94000
184.80000	 53.28780	 66.67000
185.40000	 55.52019	 68.17000
186.00000	 53.89232	 66.54000
186.60000	 52.94083	 65.44000
187.20000	 54.14839	 66.08000
187.80000	 55.39484	 66.80000
188.40000	 57.85099	 68.67000
189.00000	 57.33386	 68.27000
189.60000	 56.87100	 68.01000
190.20000	 57.28828	 68.51000
190.80000	 57.12000	 68.55000
191.40000	 56.78104	 68.45000
192.00000	 55.77668	 67.76000
192.60000	 54.96240	 67.14000
193.20000	 52.49994	 65.01000
193.80000	 53.17746	 65.30000
194.40000	 54.13155	 65.75000
195.00000	 53.56965	 64.95000
195.60000	 53.47914	 64.53000
196.20000	 52.05053	 62.96000
196.80000	 54.02947	 64.17000
197.40000	 55.74201	 65.25000
198.00000	 56.32979	 65.56000
198.60000	 56.72447	 65.85000
199.20000	 57.01751	 66.16000
199.80000	 57.08950	 66.36000
200.40000	 57.02606	 66.49000
201.00000	 57.15463	 66.80000
201.60000	 57.08678	 66.96000
202.20000	 57.18212	 67.26000
202.80000	 56.33996	 66.77000
203.40000	 55.84333	 66.51000
204.00000	 54.39580	 65.37000
204.60000	 55.56279	 66.30000
205.20000	 56.82301	 67.32000
205.80000	 56.69060	 67.26000
206.40000	 56.77825	 67.43000
207.00000	 55.33634	 66.33000
207.60000	 57.83611	 68.48000
208.20000	 59.78270	 70.30000
208.80000	 58.66641	 69.74000
209.40000	 57.58907	 69.24000
210.00000	 55.61888	 67.91000
210.60000	 55.78253	 68.20000
211.20000	 56.48781	 68.86000
211.80000	 55.17184	 67.81000
212.40000	 54.13605	 66.90000
