  0.00000	 56.97962	 67.18000
  0.60000	 56.95719	 67.19000
  1.20000	 56.40467	 66.76000
  1.80000	 56.05773	 66.49000
  2.40000	 55.92418	 66.39000
  3.00000	 55.33454	 65.91000
  3.60000	 55.86991	 66.35000
  4.20000	 56.12631	 66.57000
  4.80000	 57.00565	 67.31000
  5.40000	 57.69491	 67.91000
  6.00000	 56.61698	 67.06000
  6.60000	 57.40624	 67.73000
  7.20000	 57.99170	 68.25000
  7.80000	 59.01149	 69.14000
  8.40000	 59.69178	 69.77000
  9.00000	 59.42723	 69.63000
  9.60000	 59.97214	 70.15000
 10.20000	 60.11600	 70.35000
 10.80000	 60.07851	 70.40000
 11.40000	 58.75194	 69.38000
 12.00000	 57.56456	 68.44000
 12.60000	 57.00320	 67.99000
 13.20000	 56.52856	 67.60000
 13.80000	 55.05154	 66.37000
 14.40000	 55.81841	 66.96000
 15.00000	 56.82032	 67.77000
 15.60000	 54.73212	 66.05000
 16.20000	 53.58332	 65.05000
 16.80000	 52.68352	 64.23000
 17.40000	 54.27340	 65.45000
 18.00000	 55.81649	 66.68000
 18.60000	 54.56322	 65.64000
 19.20000	 56.61531	 67.30000
 19.80000	 58.28081	 68.70000
 20.40000	 58.57236	 69.01000
 21.00000	 58.75880	 69.24000
 21.60000	 59.65386	 70.06000
 22.20000	 58.86438	 69.51000
 22.80000	 58.16493	 69.01000
 23.40000	 57.23951	 68.30000
 24.00000	 56.51844	 67.73000
 24.60000	 57.80689	 68.80000
 25.20000	 55.48562	 66.92000
 25.80000	 53.99382	 65.66000
 26.40000	 54.05935	 65.64000
 27.00000	 55.65948	 66.89000
 27.60000	 57.02897	 68.00000
 28.20000	 56.72081	 67.77000
 28.80000	 56.48991	 67.60000
 29.40000	 56.69110	 67.78000
 30.00000	 56.34187	 67.51000
 30.60000	 55.78727	 67.06000
 31.20000	 57.97407	 68.86000
 31.80000	 55.30610	 66.71000
 32.40000	 52.82617	 64.64000
 33.00000	 53.04252	 64.71000
 33.60000	 52.97515	 64.54000
 34.20000	 54.59969	 65.77000
 34.80000	 52.24038	 63.76000
 35.40000	 50.15500	 61.91000
 36.00000	 50.93351	 62.35000
 36.60000	 51.45162	 62.59000
 37.20000	 53.37756	 64.02000
 37.80000	 51.72012	 62.56000
 38.40000	 50.53445	 61.45000
 39.00000	 51.89623	 62.40000
 39.60000	 52.94210	 63.13000
 40.20000	 54.31499	 64.18000
 40.80000	 53.84793	 63.77000
 41.40000	 53.54101	 63.49000
 42.00000	 53.34519	 63.29000
 42.60000	 53.58433	 63.44000
 43.20000	 53.53700	 63.36000
 43.80000	 53.71899	 63.47000
 44.40000	 53.73500	 63.45000
 45.00000	 51.60892	 61.66000
 45.60000	 52.50782	 62.29000
 46.20000	 53.26753	 62.82000
 46.80000	 53.71802	 63.13000
 47.40000	 54.09766	 63.41000
 48.00000	 54.24351	 63.52000
 48.60000	 54.67682	 63.88000
 49.20000	 55.22993	 64.36000
 49.80000	 55.61588	 64.73000
 50.40000	 57.10972	 66.04000
 51.00000	 58.64050	 67.45000
 51.60000	 57.83347	 67.01000
 52.20000	 57.38199	 66.85000
 52.80000	 58.62053	 68.06000
 53.40000	 58.40503	 68.11000
 54.00000	 58.21381	 68.18000
 54.60000	 57.31276	 67.65000
 55.20000	 56.56768	 67.20000
 55.80000	 56.76909	 67.48000
 56.40000	 55.87052	 66.84000
 57.00000	 54.95635	 66.14000
 57.60000	 54.98484	 66.16000
 58.20000	 55.06021	 66.20000
 58.80000	 53.86935	 65.19000
 59.40000	 54.07811	 65.28000
 60.00000	 53.68119	 64.86000
 60.60000	 54.90507	 65.76000
 61.20000	 55.90508	 66.53000
 61.80000	 54.24482	 65.17000
 62.40000	 53.47620	 64.49000
 63.00000	 54.41147	 65.16000
 63.60000	 54.14195	 64.86000
 64.20000	 53.94812	 64.62000
 64.80000	 53.51266	 64.17000
 65.40000	 53.26521	 63.85000
 66.00000	 52.97142	 63.47000
 66.60000	 53.38161	 63.65000
 67.20000	 53.60486	 63.69000
 67.80000	 53.86516	 63.78000
 68.40000	 54.07345	 63.85000
 69.00000	 52.64850	 62.59000
 69.60000	 53.31239	 62.99000
 70.20000	 53.81998	 63.27000
 70.80000	 54.51728	 63.74000
 71.40000	 55.24687	 64.29000
 72.00000	 54.99353	 64.09000
 72.60000	 55.12424	 64.22000
 73.20000	 56.44905	 65.35000
 73.80000	 56.23967	 65.29000
 74.40000	 55.90803	 65.15000
 75.00000	 56.09774	 65.43000
 75.60000	 56.02841	 65.50000
 76.20000	 54.80329	 64.61000
 76.80000	 54.98521	 64.81000
 77.40000	 55.00224	 64.85000
 78.00000	 54.78981	 64.69000
 78.60000	 54.56230	 64.50000
 79.20000	 53.43053	 63.54000
 79.80000	 53.14169	 63.20000
 80.40000	 52.79567	 62.76000
 81.00000	 53.37342	 63.04000
 81.60000	 53.98091	 63.36000
 82.20000	 53.55486	 62.87000
 82.80000	 53.59264	 62.76000
 83.40000	 53.93109	 62.90000
 84.00000	 55.13714	 63.78000
 84.60000	 55.93759	 64.41000
 85.20000	 56.59191	 65.01000
 85.80000	 56.70952	 65.25000
 86.40000	 55.82774	 64.71000
 87.00000	 56.03855	 65.04000
 87.60000	 56.29141	 65.40000
 88.20000	 57.03677	 66.18000
 88.80000	 57.48916	 66.77000
 89.40000	 57.85271	 67.34000
 90.00000	 57.39660	 67.28000
 90.60000	 56.75606	 67.06000
 91.20000	 55.91885	 66.63000
 91.80000	 55.03335	 66.08000
 92.40000	 55.21076	 66.31000
 93.00000	 53.06704	 64.58000
 93.60000	 51.32456	 63.02000
 94.20000	 51.96010	 63.23000
 94.80000	 52.54363	 63.34000
 95.40000	 53.60807	 63.86000
 96.00000	 53.02908	 63.10000
 96.60000	 52.80848	 62.64000
 97.20000	 53.91947	 63.27000
 97.80000	 55.07724	 64.01000
 98.40000	 55.44021	 64.21000
 99.00000	 57.60770	 65.99000
 99.60000	 58.93420	 67.27000
100.20000	 58.02007	 66.89000
100.80000	 57.90900	 67.21000
101.40000	 57.50953	 67.30000
102.00000	 56.42843	 66.80000
102.60000	 55.42327	 66.27000
103.20000	 53.76877	 65.08000
103.80000	 52.68861	 64.18000
104.40000	 51.94266	 63.38000
105.00000	 52.20857	 63.27000
105.60000	 52.76102	 63.34000
106.20000	 53.45576	 63.54000
106.80000	 54.34399	 63.96000
107.40000	 53.78233	 63.28000
108.00000	 57.50873	 66.16000
108.60000	 59.82102	 68.16000
109.20000	 60.48809	 69.13000
109.80000	 60.19238	 69.53000
110.40000	 59.41857	 69.63000
111.00000	 57.99489	 69.18000
111.60000	 56.50032	 68.55000
112.20000	 55.12133	 67.83000
112.80000	 53.50182	 66.70000
113.40000	 52.80543	 66.09000
114.00000	 50.93298	 64.32000
114.60000	 50.05395	 63.12000
115.20000	 51.50189	 63.64000
115.80000	 52.27006	 63.61000
116.40000	 53.15501	 63.75000
117.00000	 54.22611	 64.16000
117.60000	 55.42439	 64.83000
118.20000	 54.24614	 63.72000
118.80000	 58.15747	 66.82000
119.40000	 60.48497	 68.95000
120.00000	 59.26422	 68.53000
120.60000	 59.17198	 69.14000
121.20000	 58.83686	 69.59000
121.80000	 56.90724	 68.71000
122.40000	 55.33245	 67.94000
123.00000	 53.71441	 66.89000
123.60000	 52.88313	 66.21000
124.20000	 54.58638	 67.40000
124.80000	 53.02531	 65.93000
125.40000	 51.71408	 64.54000
126.00000	 53.30670	 65.36000
126.60000	 54.50721	 65.91000
127.20000	 55.19009	 66.18000
127.80000	 54.88542	 65.78000
128.40000	 55.34509	 66.06000
129.00000	 54.85970	 65.63000
129.60000	 55.63328	 66.23000
130.20000	 58.26276	 68.44000
130.80000	 59.54487	 69.85000
131.40000	 59.87142	 70.77000
132.00000	 58.91514	 70.82000
132.60000	 58.21851	 71.08000
133.20000	 57.24423	 71.03000
133.80000	 55.60653	 70.28000
134.40000	 54.20234	 69.46000
135.00000	 54.15968	 69.47000
135.60000	 51.91617	 67.50000
136.20000	 50.23197	 65.65000
136.80000	 51.23646	 65.65000
137.40000	 52.06315	 65.43000
138.00000	 53.41738	 65.71000
138.60000	 53.99908	 65.55000
139.20000	 52.24205	 63.63000
139.80000	 53.54164	 64.11000
140.40000	 54.51600	 64.42000
141.00000	 56.47353	 65.72000
141.60000	 55.37958	 64.84000
142.20000	 54.25946	 63.97000
142.80000	 54.99264	 64.50000
143.40000	 55.20449	 64.63000
144.00000	 54.46778	 64.02000
144.60000	 54.26247	 63.77000
145.20000	 54.39448	 63.73000
145.80000	 53.18011	 62.56000
146.40000	 52.82817	 61.92000
147.00000	 53.89419	 62.31000
147.60000	 54.62495	 62.51000
148.20000	 55.45947	 62.95000
148.80000	 54.92312	 62.46000
149.40000	 54.80010	 62.33000
150.00000	 54.96781	 62.43000
150.60000	 56.47509	 63.66000
151.20000	 57.57811	 64.81000
151.80000	 56.92245	 64.81000
152.40000	 56.40111	 64.96000
153.00000	 54.47815	 63.88000
153.60000	 55.73896	 65.07000
154.20000	 56.39168	 65.80000
154.80000	 56.92875	 66.57000
155.40000	 57.21129	 67.29000
156.00000	 55.33427	 66.35000
156.60000	 54.23933	 65.77000
157.20000	 54.39087	 65.88000
157.80000	 54.78638	 66.06000
158.40000	 55.35733	 66.40000
159.00000	 54.08058	 65.33000
159.60000	 53.38191	 64.54000
160.20000	 53.50718	 64.20000
160.80000	 54.13942	 64.20000
161.40000	 54.46163	 64.04000
162.00000	 55.10641	 64.26000
162.60000	 55.73914	 64.66000
163.20000	 54.57979	 63.80000
163.80000	 54.37079	 63.57000
164.40000	 55.48603	 64.32000
165.00000	 56.48910	 65.18000
165.60000	 56.87643	 65.85000
166.20000	 56.55357	 66.16000
166.80000	 56.12325	 66.40000
167.40000	 53.74518	 64.93000
168.00000	 55.80844	 66.51000
168.60000	 57.90868	 68.37000
169.20000	 54.44721	 66.26000
169.80000	 52.61317	 64.87000
170.40000	 53.96163	 65.38000
171.00000	 54.85100	 65.57000
171.60000	 55.57748	 65.89000
172.20000	 54.61898	 65.12000
172.80000	 54.32947	 64.76000
173.40000	 54.84529	 64.93000
174.00000	 55.59688	 65.39000
174.60000	 55.81230	 65.66000
175.20000	 55.38889	 65.56000
175.80000	 54.92626	 65.36000
176.40000	 54.15606	 64.74000
177.00000	 54.25116	 64.54000
177.60000	 54.17234	 64.12000
178.20000	 55.36192	 64.70000
178.80000	 55.60300	 64.86000
179.40000	 52.86415	 62.76000
180.00000	 54.53660	 63.48000
180.60000	 55.56880	 63.95000
181.20000	 55.69920	 64.12000
181.80000	 55.35575	 64.09000
182.40000	 54.06856	 63.22000
183.00000	 55.04835	 63.75000
183.60000	 55.58972	 64.12000
184.20000	 54.42593	 63.34000
184.80000	 55.77741	 64.29000
185.40000	 56.66770	 65.26000
186.00000	 54.69862	 64.32000
186.60000	 54.37604	 64.11000
187.20000	 56.11861	 65.30000
187.80000	 55.68948	 65.30000
188.40000	 55.39041	 65.40000
189.00000	 55.29381	 65.54000
189.60000	 54.75760	 65.24000
190.20000	 54.93070	 65.28000
190.80000	 56.96321	 66.87000
191.40000	 57.90369	 68.44000
192.00000	 58.65841	 70.48000
192.60000	 57.78941	 71.65000
193.20000	 56.71280	 72.35000
193.80000	 55.93447	 72.72000
194.40000	 55.16941	 72.60000
195.00000	 53.56463	 71.31000
195.60000	 53.86741	 70.73000
196.20000	 54.79491	 70.64000
196.80000	 52.75052	 68.55000
197.40000	 52.01318	 66.62000
198.00000	 53.35209	 65.87000
198.60000	 54.13274	 65.26000
199.20000	 53.89997	 64.34000
199.80000	 54.06652	 63.73000
200.40000	 54.06093	 63.07000
201.00000	 55.26523	 63.43000
201.60000	 55.43229	 63.60000
202.20000	 58.51370	 66.38000
202.80000	 54.31977	 64.90000
203.40000	 52.79123	 63.48000
204.00000	 55.63848	 64.49000
204.60000	 56.09180	 65.03000
205.20000	 56.90673	 66.34000
205.80000	 53.42665	 64.64000
206.40000	 52.80736	 63.25000
207.00000	 54.64469	 63.27000
207.60000	 55.06150	 63.20000
208.20000	 56.70074	 64.53000
208.80000	 53.12055	 62.63000
209.40000	 52.98710	 61.37000
210.00000	 56.03184	 62.44000
210.60000	 55.98254	 62.95000
211.20000	 55.56316	 63.30000
211.80000	 55.28663	 63.49000
212.40000	 55.07981	 63.52000
