  0.00000	 55.40918	 67.18000
  0.60000	 55.06037	 67.19000
  1.20000	 54.57297	 66.76000
  1.80000	 54.71560	 66.49000
  2.40000	 54.97017	 66.39000
  3.00000	 54.53937	 65.91000
  3.60000	 55.56012	 66.35000
  4.20000	 55.48046	 66.57000
  4.80000	 56.03740	 67.31000
  5.40000	 55.96648	 67.91000
  6.00000	 54.18082	 67.06000
  6.60000	 55.73888	 67.73000
  7.20000	 55.91781	 68.25000
  7.80000	 56.30997	 69.14000
  8.40000	 56.05412	 69.77000
  9.00000	 55.07307	 69.63000
  9.60000	 55.73842	 70.15000
 10.20000	 55.52615	 70.35000
 10.80000	 55.27984	 70.40000
 11.40000	 53.96273	 69.38000
 12.00000	 53.86065	 68.44000
 12.60000	 54.50436	 67.99000
 13.20000	 54.67464	 67.60000
 13.80000	 53.63471	 66.37000
 14.40000	 55.63990	 66.96000
 15.00000	 56.27959	 67.77000
 15.60000	 53.20806	 66.05000
 16.20000	 53.53804	 65.05000
 16.80000	 53.97851	 64.23000
 17.40000	 56.48377	 65.45000
 18.00000	 56.86077	 66.68000
 18.60000	 54.03407	 65.64000
 19.20000	 56.82187	 67.30000
 19.80000	 57.13515	 68.70000
 20.40000	 55.72695	 69.01000
 21.00000	 55.39725	 69.24000
 21.60000	 56.15659	 70.06000
 22.20000	 54.65917	 69.51000
 22.80000	 54.44051	 69.01000
 23.40000	 54.23781	 68.30000
 24.00000	 54.38313	 67.73000
 24.60000	 56.38849	 68.80000
 25.20000	 53.13291	 66.92000
 25.80000	 53.23137	 65.66000
 26.40000	 54.91882	 65.64000
 27.00000	 56.70971	 66.89000
 27.60000	 56.72110	 68.00000
 28.20000	 55.00246	 67.77000
 28.80000	 54.80748	 67.60000
 29.40000	 55.30972	 67.78000
 30.00000	 54.86502	 67.51000
 30.60000	 54.54514	 67.06000
 31.20000	 57.23388	 68.86000
 31.80000	 52.91763	 66.71000
 32.40000	 52.15987	 64.64000
 33.00000	 54.85750	 64.71000
 33.60000	 55.03484	 64.54000
 34.20000	 56.57784	 65.77000
 34.80000	 52.89098	 63.76000
 35.40000	 52.39643	 61.91000
 36.00000	 55.28319	 62.35000
 36.60000	 55.52483	 62.59000
 37.20000	 56.81868	 64.02000
 37.80000	 53.51746	 62.56000
 38.40000	 53.33718	 61.45000
 39.00000	 55.98457	 62.40000
 39.60000	 56.15593	 63.13000
 40.20000	 56.41300	 64.18000
 40.80000	 54.68517	 63.77000
 41.40000	 54.56127	 63.49000
 42.00000	 54.74514	 63.29000
 42.60000	 55.20741	 63.44000
 43.20000	 54.98983	 63.36000
 43.80000	 55.15468	 63.47000
 44.40000	 55.03599	 63.45000
 45.00000	 52.86935	 61.66000
 45.60000	 55.44341	 62.29000
 46.20000	 55.85603	 62.82000
 46.80000	 55.50516	 63.13000
 47.40000	 55.38510	 63.41000
 48.00000	 55.18822	 63.52000
 48.60000	 55.47336	 63.88000
 49.20000	 55.68181	 64.36000
 49.80000	 55.57255	 64.73000
 50.40000	 56.68572	 66.04000
 51.00000	 57.00487	 67.45000
 51.60000	 54.77513	 67.01000
 52.20000	 54.75049	 66.85000
 52.80000	 56.54271	 68.06000
 53.40000	 55.44336	 68.11000
 54.00000	 55.19134	 68.18000
 54.60000	 54.49375	 67.65000
 55.20000	 54.49782	 67.20000
 55.80000	 55.41785	 67.48000
 56.40000	 54.45056	 66.84000
 57.00000	 54.16212	 66.14000
 57.60000	 55.03291	 66.16000
 58.20000	 55.20855	 66.20000
 58.80000	 53.91116	 65.19000
 59.40000	 55.01202	 65.28000
 60.00000	 54.64264	 64.86000
 60.60000	 56.10881	 65.76000
 61.20000	 56.20562	 66.53000
 61.80000	 53.56857	 65.17000
 62.40000	 53.95991	 64.49000
 63.00000	 55.80494	 65.16000
 63.60000	 54.90581	 64.86000
 64.20000	 54.71821	 64.62000
 64.80000	 54.48090	 64.17000
 65.40000	 54.60932	 63.85000
 66.00000	 54.56527	 63.47000
 66.60000	 55.21997	 63.65000
 67.20000	 55.15303	 63.69000
 67.80000	 55.16188	 63.78000
 68.40000	 55.14206	 63.85000
 69.00000	 53.53299	 62.59000
 69.60000	 55.27641	 62.99000
 70.20000	 55.50111	 63.27000
 70.80000	 55.66405	 63.74000
 71.40000	 55.77210	 64.29000
 72.00000	 54.88142	 64.09000
 72.60000	 55.13722	 64.22000
 73.20000	 56.44369	 65.35000
 73.80000	 55.21005	 65.29000
 74.40000	 54.84487	 65.15000
 75.00000	 55.36976	 65.43000
 75.60000	 55.22882	 65.50000
 76.20000	 54.01761	 64.61000
 76.80000	 55.14422	 64.81000
 77.40000	 55.20016	 64.85000
 78.00000	 54.90008	 64.69000
 78.60000	 54.80735	 64.50000
 79.20000	 53.87796	 63.54000
 79.80000	 54.47716	 63.20000
 80.40000	 54.49790	 62.76000
 81.00000	 55.32678	 63.04000
 81.60000	 55.49874	 63.36000
 82.20000	 54.49768	 62.87000
 82.80000	 54.78377	 62.76000
 83.40000	 55.18963	 62.90000
 84.00000	 56.13277	 63.78000
 84.60000	 55.96084	 64.41000
 85.20000	 55.84959	 65.01000
 85.80000	 55.41791	 65.25000
 86.40000	 54.42522	 64.71000
 87.00000	 55.34795	 65.04000
 87.60000	 55.59397	 65.40000
 88.20000	 56.09047	 66.18000
 88.80000	 55.93061	 66.77000
 89.40000	 55.86211	 67.34000
 90.00000	 55.11129	 67.28000
 90.60000	 54.81171	 67.06000
 91.20000	 54.55867	 66.63000
 91.80000	 54.39048	 66.08000
 92.40000	 55.31453	 66.31000
 93.00000	 53.09893	 64.58000
 93.60000	 52.88167	 63.02000
 94.20000	 55.09426	 63.23000
 94.80000	 55.32743	 63.34000
 95.40000	 55.71668	 63.86000
 96.00000	 54.21206	 63.10000
 96.60000	 54.30967	 62.64000
 97.20000	 55.72719	 63.27000
 97.80000	 56.08300	 64.01000
 98.40000	 55.40642	 64.21000
 99.00000	 57.19057	 65.99000
 99.60000	 56.92935	 67.27000
100.20000	 54.80020	 66.89000
100.80000	 55.33394	 67.21000
101.40000	 55.28131	 67.30000
102.00000	 54.53867	 66.80000
102.60000	 54.38403	 66.27000
103.20000	 53.60069	 65.08000
103.80000	 53.82374	 64.18000
104.40000	 54.00951	 63.38000
105.00000	 54.84217	 63.27000
105.60000	 55.16622	 63.34000
106.20000	 55.31684	 63.54000
106.80000	 55.58367	 63.96000
107.40000	 54.29100	 63.28000
108.00000	 58.37011	 66.16000
108.60000	 58.05170	 68.16000
109.20000	 56.54462	 69.13000
109.80000	 55.65715	 69.53000
110.40000	 55.27222	 69.63000
111.00000	 54.61924	 69.18000
111.60000	 54.32637	 68.55000
112.20000	 54.20574	 67.83000
112.80000	 53.69923	 66.70000
113.40000	 54.23785	 66.09000
114.00000	 52.93523	 64.32000
114.60000	 53.36109	 63.12000
115.20000	 55.55787	 63.64000
115.80000	 55.20524	 63.61000
116.40000	 55.21291	 63.75000
117.00000	 55.55512	 64.16000
117.60000	 55.92901	 64.83000
118.20000	 53.82537	 63.72000
118.80000	 58.55373	 66.82000
119.40000	 58.27904	 68.95000
120.00000	 54.90606	 68.53000
120.60000	 55.64186	 69.14000
121.20000	 55.79023	 69.59000
121.80000	 54.18391	 68.71000
122.40000	 54.04975	 67.94000
123.00000	 53.77870	 66.89000
123.60000	 54.17960	 66.21000
124.20000	 56.50198	 67.40000
124.80000	 53.62956	 65.93000
125.40000	 53.11871	 64.54000
126.00000	 55.85939	 65.36000
126.60000	 56.00011	 65.91000
127.20000	 55.51899	 66.18000
127.80000	 54.62192	 65.78000
128.40000	 55.33300	 66.06000
129.00000	 54.64646	 65.63000
129.60000	 55.73923	 66.23000
130.20000	 57.89995	 68.44000
130.80000	 57.23083	 69.85000
131.40000	 56.42544	 70.77000
132.00000	 55.30896	 70.82000
132.60000	 55.45555	 71.08000
133.20000	 55.18561	 71.03000
133.80000	 54.29552	 70.28000
134.40000	 54.08118	 69.46000
135.00000	 55.09408	 69.47000
135.60000	 52.86866	 67.50000
136.20000	 52.57885	 65.65000
136.80000	 54.87123	 65.65000
137.40000	 54.97115	 65.43000
138.00000	 55.43741	 65.71000
138.60000	 54.96214	 65.55000
139.20000	 52.73016	 63.63000
139.80000	 55.28918	 64.11000
140.40000	 55.61762	 64.42000
141.00000	 56.71317	 65.72000
141.60000	 54.23458	 64.84000
142.20000	 53.78960	 63.97000
142.80000	 55.55318	 64.50000
143.40000	 55.38135	 64.63000
144.00000	 54.35267	 64.02000
144.60000	 54.62585	 63.77000
145.20000	 54.98157	 63.73000
145.80000	 53.65465	 62.56000
146.40000	 54.05035	 61.92000
147.00000	 55.42364	 62.31000
147.60000	 55.38467	 62.51000
148.20000	 55.58208	 62.95000
148.80000	 54.49237	 62.46000
149.40000	 54.74355	 62.33000
150.00000	 55.12566	 62.43000
150.60000	 56.53847	 63.66000
151.20000	 56.65036	 64.81000
151.80000	 55.20826	 64.81000
152.40000	 55.16356	 64.96000
153.00000	 53.76720	 63.88000
153.60000	 56.29192	 65.07000
154.20000	 56.22463	 65.80000
154.80000	 56.12143	 66.57000
155.40000	 56.05511	 67.29000
156.00000	 54.06161	 66.35000
156.60000	 54.18845	 65.77000
157.20000	 55.15873	 65.88000
157.80000	 55.38986	 66.06000
158.40000	 55.55775	 66.40000
159.00000	 53.86594	 65.33000
159.60000	 53.92002	 64.54000
160.20000	 54.56382	 64.20000
160.80000	 55.06646	 64.20000
161.40000	 54.90500	 64.04000
162.00000	 55.30082	 64.26000
162.60000	 55.58896	 64.66000
163.20000	 54.09217	 63.80000
163.80000	 54.59419	 63.57000
164.40000	 55.94317	 64.32000
165.00000	 56.26516	 65.18000
165.60000	 56.01167	 65.85000
166.20000	 55.52632	 66.16000
166.80000	 55.39195	 66.40000
167.40000	 53.34409	 64.93000
168.00000	 56.70838	 66.51000
168.60000	 57.70976	 68.37000
169.20000	 52.89090	 66.26000
169.80000	 52.92600	 64.87000
170.40000	 55.50506	 65.38000
171.00000	 55.52945	 65.57000
171.60000	 55.52730	 65.89000
172.20000	 54.20225	 65.12000
172.80000	 54.48540	 64.76000
173.40000	 55.24594	 64.93000
174.00000	 55.69985	 65.39000
174.60000	 55.49632	 65.66000
175.20000	 54.99174	 65.56000
175.80000	 54.80543	 65.36000
176.40000	 54.29999	 64.74000
177.00000	 54.73449	 64.54000
177.60000	 54.56205	 64.12000
178.20000	 55.71009	 64.70000
178.80000	 55.39294	 64.86000
179.40000	 52.54458	 62.76000
180.00000	 55.50315	 63.48000
180.60000	 55.83808	 63.95000
181.20000	 55.35619	 64.12000
181.80000	 55.01177	 64.09000
182.40000	 53.97428	 63.22000
183.00000	 55.51948	 63.75000
183.60000	 55.63415	 64.12000
184.20000	 54.17386	 63.34000
184.80000	 56.01813	 64.29000
185.40000	 56.42806	 65.26000
186.00000	 54.08837	 64.32000
186.60000	 54.57110	 64.11000
187.20000	 56.47925	 65.30000
187.80000	 55.32749	 65.30000
188.40000	 55.15320	 65.40000
189.00000	 55.24371	 65.54000
189.60000	 54.74492	 65.24000
190.20000	 55.07139	 65.28000
190.80000	 57.02547	 66.87000
191.40000	 57.30423	 68.44000
192.00000	 57.81875	 70.48000
192.60000	 56.85998	 71.65000
193.20000	 56.14182	 72.35000
193.80000	 55.71341	 72.72000
194.40000	 55.11848	 72.60000
195.00000	 53.64687	 71.31000
195.60000	 54.30192	 70.73000
196.20000	 55.07661	 70.64000
196.80000	 52.73613	 68.55000
197.40000	 52.48650	 66.62000
198.00000	 53.98174	 65.87000
198.60000	 54.38120	 65.26000
199.20000	 53.95581	 64.34000
199.80000	 54.21392	 63.73000
200.40000	 54.20288	 63.07000
201.00000	 55.40421	 63.43000
201.60000	 55.35817	 63.60000
202.20000	 58.43060	 66.38000
202.80000	 53.79166	 64.90000
203.40000	 52.95027	 63.48000
204.00000	 56.01961	 64.49000
204.60000	 56.00143	 65.03000
205.20000	 56.74655	 66.34000
205.80000	 53.23348	 64.64000
206.40000	 53.00565	 63.25000
207.00000	 54.87112	 63.27000
207.60000	 55.06868	 63.20000
208.20000	 56.66835	 64.53000
208.80000	 53.00683	 62.63000
209.40000	 53.09500	 61.37000
210.00000	 56.12671	 62.44000
210.60000	 55.93033	 62.95000
211.20000	 55.52217	 63.30000
211.80000	 55.27424	 63.49000
212.40000	 55.07532	 63.52000
