  0.00000	 74.66658	112.08000
  0.60000	 73.91835	111.51000
  1.20000	 72.68306	110.31000
  1.80000	 71.77775	109.36000
  2.40000	 71.21683	108.65000
  3.00000	 71.27249	108.54000
  3.60000	 70.91789	107.85000
  4.20000	 70.35702	106.83000
  4.80000	 72.35629	108.86000
  5.40000	 74.01978	110.65000
  6.00000	 74.40903	111.15000
  6.60000	 74.23836	111.15000
  7.20000	 74.59750	111.88000
  7.80000	 74.68182	112.35000
  8.40000	 73.38662	111.17000
  9.00000	 72.31298	110.14000
  9.60000	 70.93516	108.55000
 10.20000	 69.79392	107.00000
 10.80000	 69.50364	106.24000
 11.40000	 69.45164	105.61000
 12.00000	 68.97355	104.37000
 12.60000	 68.68368	103.27000
 13.20000	 68.93265	102.76000
 13.80000	 69.33014	102.43000
 14.40000	 69.29618	101.62000
 15.00000	 69.47316	101.10000
 15.60000	 70.46077	101.62000
 16.20000	 71.14872	101.91000
 16.80000	 71.51598	101.96000
 17.40000	 71.61020	101.80000
 18.00000	 70.70488	100.49000
 18.60000	 71.29249	100.96000
 19.20000	 72.31280	102.00000
 19.80000	 71.92273	101.44000
 20.40000	 71.46061	100.82000
 21.00000	 72.47453	101.98000
 21.60000	 73.28996	102.99000
 22.20000	 73.95132	103.95000
 22.80000	 74.50294	104.92000
 23.40000	 74.44943	105.28000
 24.00000	 74.48493	105.81000
 24.60000	 74.77173	106.68000
 25.20000	 75.04001	107.57000
 25.80000	 75.04280	108.18000
 26.40000	 75.56695	109.45000
 27.00000	 75.44757	109.99000
 27.60000	 75.46451	110.71000
 28.20000	 75.39089	111.32000
 28.80000	 73.54023	109.73000
 29.40000	 71.98934	108.29000
 30.00000	 70.45551	106.58000
 30.60000	 69.61619	105.40000
 31.20000	 68.48565	103.60000
 31.80000	 68.39462	102.82000
 32.40000	 68.34378	101.95000
 33.00000	 69.19621	102.12000
 33.60000	 71.70279	104.39000
 34.20000	 74.29940	107.09000
 34.80000	 76.16458	109.35000
 35.40000	 79.79561	114.23000
 36.00000	 81.98547	117.97000
 36.60000	 81.16360	118.57000
 37.20000	 79.68302	118.55000
 37.80000	 78.21976	118.47000
 38.40000	 76.35117	117.67000
 39.00000	 73.09044	114.82000
 39.60000	 70.54462	112.30000
 40.20000	 68.91448	110.33000
 40.80000	 67.84825	108.57000
 41.40000	 66.94279	106.64000
 42.00000	 66.71652	105.26000
 42.60000	 66.46112	103.68000
 43.20000	 68.02857	104.24000
 43.80000	 69.50416	104.82000
 44.40000	 70.03237	104.48000
 45.00000	 70.53032	104.30000
 45.60000	 70.65696	103.83000
 46.20000	 70.70398	103.37000
 46.80000	 71.39561	103.77000
 47.40000	 71.73259	103.85000
 48.00000	 71.92998	103.86000
 48.60000	 71.27559	102.90000
 49.20000	 71.02759	102.41000
 49.80000	 70.94320	102.08000
 50.40000	 70.98790	101.88000
 51.00000	 72.33971	103.28000
 51.60000	 73.11603	104.12000
 52.20000	 73.83167	105.05000
 52.80000	 72.80319	104.00000
 53.40000	 71.95256	103.14000
 54.00000	 71.30592	102.42000
 54.60000	 70.87107	101.83000
 55.20000	 70.83148	101.61000
 55.80000	 70.93318	101.50000
 56.40000	 70.79097	101.07000
 57.00000	 71.24528	101.35000
 57.60000	 71.52847	101.46000
 58.20000	 73.06788	103.17000
 58.80000	 74.11079	104.47000
 59.40000	 74.65726	105.38000
 60.00000	 74.72075	105.87000
 60.60000	 75.22777	107.00000
 61.20000	 73.43330	105.40000
 61.80000	 72.17639	104.31000
 62.40000	 72.36904	104.78000
 63.00000	 72.75548	105.39000
 63.60000	 73.91469	106.94000
 64.20000	 73.86146	107.12000
 64.80000	 73.78750	107.33000
 65.40000	 74.46316	108.48000
 66.00000	 74.52017	108.95000
 66.60000	 74.05285	108.82000
 67.20000	 73.96962	109.13000
 67.80000	 73.25249	108.63000
 68.40000	 71.38810	106.62000
 69.00000	 69.99585	104.93000
 69.60000	 69.64523	104.23000
 70.20000	 70.07452	104.30000
 70.80000	 71.37188	105.39000
 71.40000	 73.17887	107.23000
 72.00000	 76.18260	110.81000
 72.60000	 78.76855	114.35000
 73.20000	 82.34542	119.64000
 73.80000	 82.28340	121.12000
 74.40000	 81.19862	121.67000
 75.00000	 79.78531	121.85000
 75.60000	 76.32897	119.36000
 76.20000	 72.68712	116.16000
 76.80000	 71.74329	115.61000
 77.40000	 72.00445	116.08000
 78.00000	 69.44906	112.87000
 78.60000	 67.66201	110.21000
 79.20000	 67.65601	109.34000
 79.80000	 68.78250	109.66000
 80.40000	 68.61770	108.42000
 81.00000	 69.97576	109.06000
 81.60000	 73.10314	112.04000
 82.20000	 77.14106	116.58000
 82.80000	 79.75481	120.05000
 83.40000	 82.93385	124.86000
 84.00000	 80.87578	123.91000
 84.60000	 78.57735	122.78000
 85.20000	 78.00243	123.56000
 85.80000	 77.10937	123.76000
 86.40000	 74.32258	121.42000
 87.00000	 73.35658	120.89000
 87.60000	 72.94283	120.70000
 88.20000	 71.55129	119.08000
 88.80000	 70.73230	117.89000
 89.40000	 69.83436	116.37000
 90.00000	 70.99960	117.17000
 90.60000	 71.74169	117.47000
 91.20000	 71.90750	117.16000
 91.80000	 71.64611	116.40000
 92.40000	 70.12025	114.10000
 93.00000	 70.60768	114.12000
 93.60000	 70.99155	113.99000
 94.20000	 71.67099	114.26000
 94.80000	 71.20416	113.22000
 95.40000	 70.91973	112.41000
 96.00000	 70.61402	111.55000
 96.60000	 71.01686	111.52000
 97.20000	 71.33198	111.41000
 97.80000	 72.10694	111.92000
 98.40000	 71.64720	111.03000
 99.00000	 71.47615	110.51000
 99.60000	 71.84006	110.64000
100.20000	 72.19651	110.80000
100.80000	 72.41253	110.85000
101.40000	 72.34478	110.61000
102.00000	 72.23220	110.34000
102.60000	 72.93095	111.07000
103.20000	 73.35363	111.54000
103.80000	 72.06157	109.99000
104.40000	 74.36010	112.76000
105.00000	 73.15136	111.42000
105.60000	 72.13587	110.29000
106.20000	 70.11046	107.79000
106.80000	 70.48419	107.95000
107.40000	 70.43416	107.48000
108.00000	 69.95217	106.42000
108.60000	 67.87613	103.32000
109.20000	 68.79664	103.64000
109.80000	 69.31879	103.44000
110.40000	 69.34479	102.68000
111.00000	 68.05591	100.34000
111.60000	 67.81195	 99.17000
112.20000	 68.68095	 99.29000
112.80000	 70.68508	100.87000
113.40000	 71.63738	101.42000
114.00000	 72.49204	102.10000
114.60000	 71.91598	101.25000
115.20000	 73.62567	103.27000
115.80000	 74.46503	104.44000
116.40000	 74.24960	104.52000
117.00000	 73.55293	104.09000
117.60000	 72.90347	103.68000
118.20000	 72.47809	103.45000
118.80000	 71.85773	102.88000
119.40000	 71.17488	102.11000
120.00000	 70.77732	101.55000
120.60000	 70.49142	101.01000
121.20000	 71.06039	101.43000
121.80000	 71.41188	101.60000
122.40000	 70.81160	100.65000
123.00000	 70.81097	100.40000
123.60000	 71.14964	100.55000
124.20000	 71.79652	101.11000
124.80000	 72.79300	102.19000
125.40000	 73.74976	103.38000
126.00000	 74.03244	103.93000
126.60000	 75.56015	106.14000
127.20000	 76.45931	107.81000
127.80000	 76.97120	109.22000
128.40000	 76.20452	109.22000
129.00000	 75.50163	109.29000
129.60000	 75.04378	109.57000
130.20000	 75.10387	110.38000
130.80000	 75.08025	111.03000
131.40000	 73.56012	109.80000
132.00000	 72.49118	108.93000
132.60000	 71.93040	108.46000
133.20000	 71.85952	108.41000
133.80000	 72.38563	108.99000
134.40000	 70.85970	107.05000
135.00000	 72.63133	109.00000
135.60000	 74.98788	111.78000
136.20000	 80.73527	119.05000
136.80000	 82.88032	122.69000
137.40000	 83.60402	125.23000
138.00000	 84.54353	128.44000
138.60000	 81.42902	126.96000
139.20000	 78.46197	125.45000
139.80000	 75.21856	123.14000
140.40000	 72.79385	121.22000
141.00000	 70.43659	118.78000
141.60000	 69.21934	117.16000
142.20000	 69.60342	117.07000
142.80000	 69.75443	116.51000
143.40000	 70.05371	116.06000
144.00000	 70.76514	116.12000
144.60000	 71.36413	116.13000
145.20000	 71.82503	116.09000
145.80000	 72.19650	116.06000
146.40000	 72.60941	116.19000
147.00000	 73.09003	116.51000
147.60000	 73.60161	116.98000
148.20000	 73.68473	117.04000
148.80000	 73.22215	116.50000
149.40000	 72.47818	115.60000
150.00000	 72.40058	115.43000
150.60000	363.66629	115.97000
151.20000	 16.72295	117.23000
