  0.00000	 82.40853	112.08000
  0.60000	 82.18171	111.51000
  1.20000	 81.97141	110.31000
  1.80000	 82.03126	109.36000
  2.40000	 82.06630	108.65000
  3.00000	 82.15818	108.54000
  3.60000	 81.99003	107.85000
  4.20000	 81.91721	106.83000
  4.80000	 82.57573	108.86000
  5.40000	 82.41910	110.65000
  6.00000	 82.12104	111.15000
  6.60000	 82.09879	111.15000
  7.20000	 82.32248	111.88000
  7.80000	 82.26233	112.35000
  8.40000	 81.91537	111.17000
  9.00000	 82.01235	110.14000
  9.60000	 81.90353	108.55000
 10.20000	 81.90085	107.00000
 10.80000	 82.03920	106.24000
 11.40000	 82.00282	105.61000
 12.00000	 81.82682	104.37000
 12.60000	 81.85336	103.27000
 13.20000	 81.96069	102.76000
 13.80000	 81.95120	102.43000
 14.40000	 81.81306	101.62000
 15.00000	 81.87462	101.10000
 15.60000	 82.08091	101.62000
 16.20000	 81.98129	101.91000
 16.80000	 81.92107	101.96000
 17.40000	 81.89533	101.80000
 18.00000	 81.66588	100.49000
 18.60000	 82.08220	100.96000
 19.20000	 82.14829	102.00000
 19.80000	 81.75547	101.44000
 20.40000	 81.79627	100.82000
 21.00000	 82.20823	101.98000
 21.60000	 82.11396	102.99000
 22.20000	 82.08762	103.95000
 22.80000	 82.11726	104.92000
 23.40000	 82.01604	105.28000
 24.00000	 82.09603	105.81000
 24.60000	 82.18920	106.68000
 25.20000	 82.19360	107.57000
 25.80000	 82.14525	108.18000
 26.40000	 82.31640	109.45000
 27.00000	 82.16492	109.99000
 27.60000	 82.24079	110.71000
 28.20000	 82.24396	111.32000
 28.80000	 81.79325	109.73000
 29.40000	 81.90778	108.29000
 30.00000	 81.86379	106.58000
 30.60000	 81.94748	105.40000
 31.20000	 81.75839	103.60000
 31.80000	 81.94938	102.82000
 32.40000	 81.86882	101.95000
 33.00000	 82.04797	102.12000
 33.60000	 82.44324	104.39000
 34.20000	 82.45110	107.09000
 34.80000	 82.34522	109.35000
 35.40000	 82.97425	114.23000
 36.00000	 82.72698	117.97000
 36.60000	 82.14827	118.57000
 37.20000	 82.23074	118.55000
 37.80000	 82.34231	118.47000
 38.40000	 82.21144	117.67000
 39.00000	 81.78954	114.82000
 39.60000	 81.91656	112.30000
 40.20000	 82.00659	110.33000
 40.80000	 81.96366	108.57000
 41.40000	 81.85100	106.64000
 42.00000	 81.92082	105.26000
 42.60000	 81.81721	103.68000
 43.20000	 82.23079	104.24000
 43.80000	 82.13520	104.82000
 44.40000	 81.89616	104.48000
 45.00000	 81.96808	104.30000
 45.60000	 81.92078	103.83000
 46.20000	 81.92526	103.37000
 46.80000	 82.10249	103.77000
 47.40000	 81.99679	103.85000
 48.00000	 81.97808	103.86000
 48.60000	 81.78196	102.90000
 49.20000	 81.91516	102.41000
 49.80000	 81.93674	102.08000
 50.40000	 81.93590	101.88000
 51.00000	 82.25851	103.28000
 51.60000	 82.08299	104.12000
 52.20000	 82.11226	105.05000
 52.80000	 81.72089	104.00000
 53.40000	 81.84530	103.14000
 54.00000	 81.89538	102.42000
 54.60000	 81.89501	101.83000
 55.20000	 81.94415	101.61000
 55.80000	 81.93701	101.50000
 56.40000	 81.84988	101.07000
 57.00000	 82.00491	101.35000
 57.60000	 81.94560	101.46000
 58.20000	 82.28153	103.17000
 58.80000	 82.15238	104.47000
 59.40000	 82.08372	105.38000
 60.00000	 82.04742	105.87000
 60.60000	 82.23392	107.00000
 61.20000	 81.65659	105.40000
 61.80000	 81.85803	104.31000
 62.40000	 82.20615	104.78000
 63.00000	 82.15382	105.39000
 63.60000	 82.31561	106.94000
 64.20000	 82.00389	107.12000
 64.80000	 82.06821	107.33000
 65.40000	 82.30912	108.48000
 66.00000	 82.14481	108.95000
 66.60000	 82.03926	108.82000
 67.20000	 82.17906	109.13000
 67.80000	 82.00858	108.63000
 68.40000	 81.70655	106.62000
 69.00000	 81.82618	104.93000
 69.60000	 82.01864	104.23000
 70.20000	 82.10315	104.30000
 70.80000	 82.25010	105.39000
 71.40000	 82.35932	107.23000
 72.00000	 82.71020	110.81000
 72.60000	 82.67782	114.35000
 73.20000	 83.09953	119.64000
 73.80000	 82.32529	121.12000
 74.40000	 82.33228	121.67000
 75.00000	 82.41914	121.85000
 75.60000	 81.90855	119.36000
 76.20000	 81.84640	116.16000
 76.80000	 82.43795	115.61000
 77.40000	 82.51754	116.08000
 78.00000	 81.61250	112.87000
 78.60000	 81.81612	110.21000
 79.20000	 82.20045	109.34000
 79.80000	 82.32792	109.66000
 80.40000	 81.88226	108.42000
 81.00000	 82.30193	109.06000
 81.60000	 82.75733	112.04000
 82.20000	 82.99339	116.58000
 82.80000	 82.72763	120.05000
 83.40000	 83.11917	124.86000
 84.00000	 81.96974	123.91000
 84.60000	 82.19555	122.78000
 85.20000	 82.73578	123.56000
 85.80000	 82.54292	123.76000
 86.40000	 81.97755	121.42000
 87.00000	 82.45333	120.89000
 87.60000	 82.48444	120.70000
 88.20000	 82.11126	119.08000
 88.80000	 82.22353	117.89000
 89.40000	 82.13788	116.37000
 90.00000	 82.60496	117.17000
 90.60000	 82.39629	117.47000
 91.20000	 82.23955	117.16000
 91.80000	 82.17815	116.40000
 92.40000	 81.87545	114.10000
 93.00000	 82.41040	114.12000
 93.60000	 82.29126	113.99000
 94.20000	 82.32085	114.26000
 94.80000	 82.02291	113.22000
 95.40000	 82.11033	112.41000
 96.00000	 82.10143	111.55000
 96.60000	 82.25603	111.52000
 97.20000	 82.19104	111.41000
 97.80000	 82.30253	111.92000
 98.40000	 81.98300	111.03000
 99.00000	 82.10144	110.51000
 99.60000	 82.24319	110.64000
100.20000	 82.21047	110.80000
100.80000	 82.16926	110.85000
101.40000	 82.11261	110.61000
102.00000	 82.12023	110.34000
102.60000	 82.33697	111.07000
103.20000	 82.24606	111.54000
103.80000	 81.81367	109.99000
104.40000	 82.81338	112.76000
105.00000	 81.82416	111.42000
105.60000	 81.94955	110.29000
106.20000	 81.71529	107.79000
106.80000	 82.30256	107.95000
107.40000	 82.05658	107.48000
108.00000	 81.88244	106.42000
108.60000	 81.46176	103.32000
109.20000	 82.24601	103.64000
109.80000	 82.01000	103.44000
110.40000	 81.82435	102.68000
111.00000	 81.50222	100.34000
111.60000	 81.79978	 99.17000
112.20000	 82.02469	 99.29000
112.80000	 82.23843	100.87000
113.40000	 81.93857	101.42000
114.00000	 81.99722	102.10000
114.60000	 81.70866	101.25000
115.20000	 82.38607	103.27000
115.80000	 82.13767	104.44000
116.40000	 81.90733	104.52000
117.00000	 81.87604	104.09000
117.60000	 81.93231	103.68000
118.20000	 81.97479	103.45000
118.80000	 81.88436	102.88000
119.40000	 81.83933	102.11000
120.00000	 81.88395	101.55000
120.60000	 81.86844	101.01000
121.20000	 82.05271	101.43000
121.80000	 81.95556	101.60000
122.40000	 81.70892	100.65000
123.00000	 81.90109	100.40000
123.60000	 81.97348	100.55000
124.20000	 82.02603	101.11000
124.80000	 82.11489	102.19000
125.40000	 82.12636	103.38000
126.00000	 82.00068	103.93000
126.60000	 82.40207	106.14000
127.20000	 82.27003	107.81000
127.80000	 82.24457	109.22000
128.40000	 82.00479	109.22000
129.00000	 82.10824	109.29000
129.60000	 82.18939	109.57000
130.20000	 82.29816	110.38000
130.80000	 82.24728	111.03000
131.40000	 81.85611	109.80000
132.00000	 82.00911	108.93000
132.60000	 82.10400	108.46000
133.20000	 82.15308	108.41000
133.80000	 82.24846	108.99000
134.40000	 81.67780	107.05000
135.00000	 82.58143	109.00000
135.60000	 82.66136	111.78000
136.20000	 83.54773	119.05000
136.80000	 82.67854	122.69000
137.40000	 82.62185	125.23000
138.00000	 82.98474	128.44000
138.60000	 82.07282	126.96000
139.20000	 82.26799	125.45000
139.80000	 82.18078	123.14000
140.40000	 82.25819	121.22000
141.00000	 82.08998	118.78000
141.60000	 82.21935	117.16000
142.20000	 82.47080	117.07000
142.80000	 82.26258	116.51000
143.40000	 82.25438	116.06000
144.00000	 82.35662	116.12000
144.60000	 82.32008	116.13000
145.20000	 82.29852	116.09000
145.80000	 82.30272	116.06000
146.40000	 82.33784	116.19000
147.00000	 82.37294	116.51000
147.60000	 82.39831	116.98000
148.20000	 82.30915	117.04000
148.80000	 82.20114	116.50000
149.40000	 82.15465	115.60000
150.00000	 82.32446	115.43000
150.60000	 59.33000	115.97000
151.20000	 89.16000	117.23000
