  0.00000	 37.08009	 63.38000
  0.60000	 37.29041	 65.42000
  1.20000	 36.97911	 65.58000
  1.80000	 35.94573	 58.27000
  2.40000	 37.48068	 60.88000
  3.00000	 37.33205	 63.01000
  3.60000	 37.41190	 66.30000
  4.20000	 36.65668	 64.92000
  4.80000	 36.51025	 62.32000
  5.40000	 37.68417	 65.93000
  6.00000	 37.36898	 67.83000
  6.60000	 36.83471	 67.25000
  7.20000	 36.76710	 66.15000
  7.80000	 37.66139	 69.18000
  8.40000	 37.20539	 69.81000
  9.00000	 37.07326	 70.10000
  9.60000	 36.87931	 69.33000
 10.20000	 36.71920	 67.75000
 10.80000	 35.55083	 61.10000
 11.40000	 37.49060	 63.01000
 12.00000	 37.34033	 63.56000
 12.60000	 36.87178	 63.00000
 13.20000	 36.03728	 59.51000
 13.80000	 36.90923	 59.61000
 14.40000	 37.84351	 62.66000
 15.00000	 36.65693	 61.21000
 15.60000	 36.38875	 59.68000
 16.20000	 36.12960	 57.09000
 16.80000	 37.19371	 58.20000
 17.40000	 38.30782	 62.53000
 18.00000	 36.90723	 61.92000
 18.60000	 35.87673	 59.06000
 19.20000	 36.41159	 58.16000
 19.80000	 37.56665	 60.22000
 20.40000	 38.21224	 63.68000
 21.00000	 37.83193	 65.93000
 21.60000	 35.49976	 61.58000
 22.20000	 36.00919	 60.12000
 22.80000	 37.49641	 62.00000
 23.40000	 38.27125	 65.07000
 24.00000	 38.85875	 69.70000
 24.60000	 33.60806	 59.43000
 25.20000	 36.82824	 62.00000
 25.80000	 38.05501	 64.33000
 26.40000	 38.61585	 67.68000
 27.00000	 39.02262	 72.19000
 27.60000	 34.30287	 64.18000
 28.20000	 36.29724	 65.08000
 28.80000	 37.51949	 66.43000
 29.40000	 38.22063	 68.67000
 30.00000	 38.24473	 70.77000
 30.60000	 37.30377	 70.80000
 31.20000	 33.45648	 62.16000
 31.80000	 37.46171	 66.24000
 32.40000	 38.63312	 68.86000
 33.00000	 38.83341	 71.55000
 33.60000	 37.15826	 70.62000
 34.20000	 34.24879	 64.51000
 34.80000	 37.11332	 67.26000
 35.40000	 38.06509	 68.92000
 36.00000	 38.29664	 70.59000
 36.60000	 37.04892	 69.59000
 37.20000	 33.92061	 62.87000
 37.80000	 37.14776	 65.97000
 38.40000	 38.22967	 67.79000
 39.00000	 38.28579	 69.12000
 39.60000	 37.41912	 68.93000
 40.20000	 33.32529	 60.90000
 40.80000	 36.50188	 63.41000
 41.40000	 38.03391	 65.32000
 42.00000	 38.64011	 67.32000
 42.60000	 38.69946	 69.32000
 43.20000	 33.52352	 60.82000
 43.80000	 35.86258	 62.32000
 44.40000	 37.54901	 64.08000
 45.00000	 39.20632	 67.58000
 45.60000	 38.25018	 67.85000
 46.20000	 34.70328	 62.40000
 46.80000	 37.60688	 66.34000
 47.40000	 38.52771	 68.56000
 48.00000	 38.54067	 70.07000
 48.60000	 35.07657	 65.01000
 49.20000	 35.89841	 65.20000
 49.80000	 38.80405	 69.64000
 50.40000	 37.27325	 67.99000
 51.00000	 36.38532	 66.64000
 51.60000	 34.97502	 63.48000
 52.20000	 36.40579	 64.35000
 52.80000	 39.09980	 68.51000
 53.40000	 37.01794	 66.00000
 54.00000	 35.99505	 64.26000
 54.60000	 35.14344	 61.95000
 55.20000	 36.88108	 63.58000
 55.80000	 39.37641	 67.73000
 56.40000	 36.62175	 64.29000
 57.00000	 35.44307	 62.13000
 57.60000	 35.05273	 60.38000
 58.20000	 36.77097	 61.92000
 58.80000	 40.06746	 67.35000
 59.40000	 36.08151	 62.16000
 60.00000	 34.66340	 59.37000
 60.60000	 35.20244	 58.86000
 61.20000	 36.99692	 60.62000
 61.80000	 39.94762	 65.51000
 62.40000	 36.70758	 61.60000
 63.00000	 35.46427	 59.63000
 63.60000	 35.52757	 59.02000
 64.20000	 38.14687	 62.66000
 64.80000	 38.73027	 64.23000
 65.40000	 36.55234	 61.63000
 66.00000	 36.14379	 61.01000
 66.60000	 37.39421	 62.85000
 67.20000	 37.44443	 63.21000
 67.80000	 36.48790	 61.95000
 68.40000	 38.08930	 64.55000
 69.00000	 36.16740	 61.96000
 69.60000	 35.40920	 60.44000
 70.20000	 34.90723	 58.82000
 70.80000	 37.09713	 61.31000
 71.40000	 39.72102	 65.51000
 72.00000	 37.82287	 63.64000
 72.60000	 36.01445	 61.34000
 73.20000	 35.66933	 60.59000
 73.80000	 37.10666	 62.44000
 74.40000	 39.00516	 65.59000
 75.00000	 38.02196	 64.94000
 75.60000	 35.58203	 61.66000
 76.20000	 34.95005	 60.26000
 76.80000	 36.60614	 62.10000
 77.40000	 38.72241	 65.24000
 78.00000	 34.65174	 59.30000
 78.60000	 35.28658	 59.48000
 79.20000	 36.27227	 60.27000
 79.80000	 38.43847	 63.31000
 80.40000	 39.38893	 65.33000
 81.00000	 34.50910	 58.58000
 81.60000	 35.81987	 60.01000
 82.20000	 36.80926	 61.15000
 82.80000	 38.03737	 63.00000
 83.40000	 39.69415	 66.05000
 84.00000	 35.49858	 60.54000
 84.60000	 34.08692	 58.08000
 85.20000	 34.96166	 58.51000
 85.80000	 37.25508	 61.28000
 86.40000	 40.01776	 65.56000
 87.00000	 36.54657	 61.14000
 87.60000	 35.34038	 59.35000
 88.20000	 36.61266	 60.94000
 88.80000	 39.38208	 65.17000
 89.40000	 35.89900	 60.56000
 90.00000	 36.07935	 60.71000
 90.60000	 36.45259	 61.09000
 91.20000	 37.66644	 62.84000
 91.80000	 38.10122	 63.76000
 92.40000	 34.23137	 58.21000
 93.00000	 36.07940	 60.38000
 93.60000	 36.94839	 61.40000
 94.20000	 37.20137	 61.74000
 94.80000	 34.06119	 56.98000
 95.40000	 35.35673	 58.17000
 96.00000	 36.25737	 58.98000
 96.60000	 37.74727	 60.96000
 97.20000	 36.79335	 59.68000
 97.80000	 35.64330	 57.95000
 98.40000	 35.72169	 57.79000
 99.00000	 37.27923	 59.86000
 99.60000	 39.18247	 62.87000
100.20000	 34.89420	 57.03000
100.80000	 36.14358	 58.61000
101.40000	 37.07059	 59.88000
102.00000	 39.42251	 63.55000
102.60000	 37.72467	 61.73000
103.20000	 36.85073	 60.86000
103.80000	 37.00107	 61.30000
104.40000	 38.35963	 63.55000
105.00000	 40.08870	 66.68000
105.60000	 36.23989	 61.86000
106.20000	 37.32809	 63.64000
106.80000	 38.09355	 65.06000
107.40000	 39.42282	 67.49000
108.00000	 38.24282	 66.48000
108.60000	 34.70603	 61.70000
109.20000	 37.03888	 64.87000
109.80000	 38.31662	 66.82000
110.40000	 39.84090	 69.45000
111.00000	 36.14218	 64.66000
111.60000	 35.51935	 63.72000
112.20000	 37.67695	 66.68000
112.80000	 38.58023	 68.16000
113.40000	 37.10382	 66.33000
114.00000	 36.40341	 65.39000
114.60000	 36.34687	 65.22000
115.20000	 36.40041	 65.15000
115.80000	 36.44615	 65.05000
116.40000	 37.76696	 66.85000
117.00000	 34.75716	 62.48000
117.60000	 35.36248	 62.90000
118.20000	 36.03145	 63.45000
118.80000	 36.94714	 64.49000
119.40000	 37.00347	 64.47000
120.00000	 39.32847	 67.89000
120.60000	 36.48174	 64.15000
121.20000	 35.27183	 62.36000
121.80000	 35.53618	 62.45000
122.40000	 38.10928	 65.94000
123.00000	 38.88934	 67.27000
123.60000	 36.77589	 64.56000
124.20000	 35.99309	 63.47000
124.80000	 37.42029	 65.45000
125.40000	 38.04980	 66.48000
126.00000	 34.73728	 61.83000
126.60000	 35.98935	 63.31000
127.20000	 36.54375	 63.90000
127.80000	 36.26361	 63.36000
128.40000	 35.19311	 61.62000
129.00000	 37.32903	 64.41000
129.60000	 37.08712	 64.07000
130.20000	 36.71136	 63.55000
130.80000	 35.09732	 61.16000
131.40000	 36.69526	 63.20000
132.00000	 40.22356	 68.33000
132.60000	 36.64160	 63.68000
133.20000	 35.16600	 61.60000
133.80000	 35.90448	 62.45000
134.40000	 38.77986	 66.50000
135.00000	 35.63452	 62.21000
135.60000	 35.29470	 61.56000
136.20000	 35.55933	 61.68000
136.80000	 37.30101	 63.98000
137.40000	 37.05684	 63.67000
138.00000	 33.33600	 58.27000
138.60000	 35.55516	 60.95000
139.20000	 36.70899	 62.36000
139.80000	 37.98055	 64.17000
140.40000	 34.34357	 59.06000
141.00000	 32.65968	 56.25000
141.60000	 36.24570	 60.80000
142.20000	 37.88579	 63.04000
142.80000	 36.48973	 61.19000
143.40000	 33.77354	 57.26000
144.00000	 35.80235	 59.82000
144.60000	 37.36495	 61.97000
145.20000	 37.91679	 62.93000
145.80000	 34.78767	 58.66000
146.40000	 34.78148	 58.48000
147.00000	 37.47456	 62.18000
147.60000	 37.96092	 63.07000
148.20000	 37.99797	 63.44000
148.80000	 35.14082	 59.63000
149.40000	 35.51430	 60.09000
150.00000	 40.36436	 67.07000
150.60000	 37.40529	 63.41000
151.20000	 35.90400	 61.51000
151.80000	 35.48318	 60.92000
152.40000	 37.65614	 63.99000
153.00000	 41.22458	 69.39000
153.60000	 37.34792	 64.53000
154.20000	 35.21518	 61.70000
154.80000	 34.00162	 59.83000
155.40000	 36.53913	 63.16000
156.00000	 40.84307	 69.38000
156.60000	 36.40002	 63.56000
157.20000	 33.93049	 60.05000
157.80000	 34.30514	 60.26000
158.40000	 38.34016	 65.77000
159.00000	 35.85640	 62.39000
159.60000	 34.65546	 60.59000
160.20000	 34.26892	 59.79000
160.80000	 36.27270	 62.38000
161.40000	 39.42874	 66.91000
162.00000	 35.54566	 61.72000
162.60000	 33.73925	 59.07000
163.20000	 34.85787	 60.37000
163.80000	 38.76819	 65.82000
164.40000	 35.76685	 61.81000
165.00000	 34.74015	 60.32000
165.60000	 35.30854	 60.98000
166.20000	 37.59068	 64.17000
166.80000	 41.51000	 70.02000
167.40000	 37.02950	 64.28000
168.00000	 35.03037	 61.60000
168.60000	 35.48129	 62.15000
169.20000	 37.64604	 65.18000
169.80000	 37.37595	 64.96000
170.40000	 37.19799	 64.86000
171.00000	 36.62555	 64.17000
171.60000	 35.73685	 62.95000
172.20000	 33.73214	 60.01000
172.80000	 35.40355	 62.11000
173.40000	 40.40923	 69.18000
174.00000	 36.68277	 64.30000
174.60000	 34.73108	 61.59000
175.20000	 34.17635	 60.64000
175.80000	 36.20289	 63.31000
176.40000	 38.28455	 66.28000
177.00000	 36.34279	 63.73000
177.60000	 34.89015	 61.69000
178.20000	 32.08718	 57.55000
178.80000	 33.05115	 58.50000
179.40000	 36.47685	 63.07000
180.00000	 35.51382	 61.74000
180.60000	 34.67800	 60.53000
181.20000	 30.59332	 54.60000
181.80000	 34.79666	 60.11000
182.40000	 35.95795	 61.69000
183.00000	 37.16180	 63.48000
183.60000	 37.85175	 64.67000
184.20000	 37.84118	 64.93000
184.80000	 38.93813	 66.76000
185.40000	 37.44957	 64.99000
186.00000	 35.33947	 62.18000
186.60000	 34.72809	 61.29000
187.20000	 36.03389	 63.06000
187.80000	 36.02209	 63.07000
188.40000	 35.82408	 62.82000
189.00000	 34.83568	 61.43000
189.60000	 33.55493	 59.54000
190.20000	 31.13852	 55.93000
190.80000	 32.18756	 57.05000
191.40000	 33.36643	 58.46000
192.00000	 34.35946	 59.73000
192.60000	 34.90697	 60.47000
193.20000	 36.27440	 62.43000
193.80000	 32.88608	 57.76000
194.40000	 32.49886	 57.08000
195.00000	 35.68814	 61.44000
195.60000	 37.41321	 63.98000
196.20000	 39.41733	 67.05000
196.80000	 34.96395	 61.12000
197.40000	 35.20747	 61.49000
198.00000	 35.85761	 62.44000
198.60000	 37.57310	 64.94000
199.20000	 40.04052	 68.62000
199.80000	 36.87979	 64.51000
200.40000	 35.21139	 62.27000
201.00000	 34.38413	 61.09000
201.60000	 36.54556	 64.07000
202.20000	 40.04202	 69.08000
202.80000	 36.51404	 64.41000
203.40000	 34.57740	 61.74000
204.00000	 33.47203	 60.11000
204.60000	 35.64328	 63.03000
205.20000	 36.64659	 64.45000
205.80000	 36.35355	 64.11000
206.40000	 33.85758	 60.65000
207.00000	 33.55882	 60.13000
207.60000	 36.77376	 64.54000
208.20000	 36.00065	 63.54000
208.80000	 35.31034	 62.61000
209.40000	 32.91888	 59.25000
210.00000	 34.59512	 61.47000
210.60000	 38.17216	 66.46000
211.20000	 35.35011	 62.67000
211.80000	 33.76857	 60.46000
212.40000	 34.51487	 61.43000
213.00000	 37.86178	 66.09000
213.60000	 35.19481	 62.50000
214.20000	 34.20095	 61.11000
214.80000	 34.91365	 62.06000
215.40000	 37.90602	 66.24000
216.00000	 34.77444	 62.00000
216.60000	 34.61648	 61.76000
217.20000	 34.98455	 62.25000
217.80000	 36.35412	 64.16000
218.40000	 36.70400	 64.71000
219.00000	 36.33615	 64.27000
219.60000	 36.61406	 64.71000
220.20000	 36.63492	 64.80000
220.80000	 35.89811	 63.83000
221.40000	 36.97247	 65.35000
222.00000	 38.91224	 68.12000
222.60000	 38.94636	 68.31000
223.20000	 38.67924	 68.07000
223.80000	 37.72411	 66.85000
224.40000	 35.41613	 63.70000
225.00000	 34.49180	 62.38000
225.60000	 36.68960	 65.37000
226.20000	 34.16879	 61.89000
226.80000	 32.63001	 59.68000
227.40000	 32.11974	 58.85000
228.00000	 33.78843	 61.04000
228.60000	 35.37599	 63.19000
229.20000	 31.07416	 57.23000
229.80000	 31.81649	 58.12000
230.40000	 32.71740	 59.27000
231.00000	 34.09320	 61.12000
231.60000	 35.58968	 63.19000
232.20000	 30.72496	 56.50000
232.80000	 30.09000	 55.51000
233.40000	 33.31797	 59.86000
234.00000	 35.04023	 62.24000
234.60000	 34.43071	 61.45000
235.20000	 31.96279	 58.07000
235.80000	 33.53408	 60.20000
236.40000	 35.89309	 63.47000
237.00000	 36.73312	 64.71000
237.60000	 35.85827	 63.60000
238.20000	 32.61497	 59.19000
238.80000	 34.89575	 62.31000
239.40000	 36.32488	 64.32000
240.00000	 36.35053	 64.43000
240.60000	 34.39154	 61.80000
241.20000	 34.38782	 61.81000
241.80000	 36.68592	 64.99000
242.40000	 37.28083	 65.88000
243.00000	 36.19855	 64.47000
