  0.00000	 52.36507	 76.81000
  0.60000	 47.74759	 70.33000
  1.20000	 43.16435	 63.77000
  1.80000	 44.36942	 65.23000
  2.40000	 45.25586	 66.28000
  3.00000	 45.50393	 66.46000
  3.60000	 45.83702	 66.77000
  4.20000	 46.15403	 67.07000
  4.80000	 46.97238	 68.09000
  5.40000	 44.96041	 65.14000
  6.00000	 46.37109	 66.96000
  6.60000	 47.04544	 67.79000
  7.20000	 46.45848	 66.86000
  7.80000	 45.62550	 65.56000
  8.40000	 45.10391	 64.67000
  9.00000	 43.82015	 62.68000
  9.60000	 44.22806	 63.04000
 10.20000	 45.10907	 64.09000
 10.80000	 43.14000	 61.13000
 11.40000	 46.29584	 65.37000
 12.00000	 48.41884	 68.28000
 12.60000	 49.66095	 70.03000
 13.20000	 49.41162	 69.71000
 13.80000	 49.14541	 69.35000
 14.40000	 49.67683	 70.11000
 15.00000	 48.35585	 68.25000
 15.60000	 47.85439	 67.49000
 16.20000	 49.41099	 69.64000
 16.80000	 49.40823	 69.64000
 17.40000	 49.35897	 69.57000
 18.00000	 49.39113	 69.61000
 18.60000	 49.04035	 69.10000
 19.20000	 48.74080	 68.64000
 19.80000	 48.00894	 67.54000
 20.40000	 46.82778	 65.75000
 21.00000	 51.18384	 71.83000
 21.60000	 53.29406	 74.95000
 22.20000	 52.80754	 74.47000
 22.80000	 53.17412	 75.18000
 23.40000	 51.24077	 72.60000
 24.00000	 50.01924	 70.91000
 24.60000	 50.63107	 71.77000
 25.20000	 50.80043	 72.03000
 25.80000	 50.32494	 71.37000
 26.40000	 48.77944	 69.13000
 27.00000	 47.86927	 67.69000
 27.60000	 47.34873	 66.74000
 28.20000	 47.25227	 66.36000
 28.80000	 44.16658	 61.65000
 29.40000	 48.66920	 67.67000
 30.00000	 51.61187	 71.79000
 30.60000	 53.22610	 74.24000
 31.20000	 52.42884	 73.34000
 31.80000	 52.45640	 73.57000
 32.40000	 52.64580	 74.03000
 33.00000	 48.97673	 68.90000
 33.60000	 51.06887	 71.80000
 34.20000	 52.14103	 73.39000
 34.80000	 51.90400	 73.18000
 35.40000	 50.60793	 71.41000
 36.00000	 49.71706	 70.10000
 36.60000	 49.32734	 69.42000
 37.20000	 48.61551	 68.22000
 37.80000	 48.50041	 67.81000
 38.40000	 50.82452	 70.94000
 39.00000	 51.06465	 71.27000
 39.60000	 51.02874	 71.24000
 40.20000	 50.51967	 70.52000
 40.80000	 50.34394	 70.23000
 41.40000	 50.15981	 69.90000
 42.00000	 48.80029	 67.82000
 42.60000	 51.88538	 72.09000
 43.20000	 51.05868	 70.97000
 43.80000	 50.41710	 70.05000
 44.40000	 50.34813	 69.89000
 45.00000	 50.01403	 69.32000
 45.60000	 50.21704	 69.49000
 46.20000	 47.98293	 66.09000
 46.80000	 50.38957	 69.23000
 47.40000	 52.06954	 71.58000
 48.00000	 53.84636	 74.32000
 48.60000	 51.91092	 71.86000
 49.20000	 50.98041	 70.66000
 49.80000	 50.25956	 69.62000
 50.40000	 49.30244	 68.10000
 51.00000	 48.74138	 67.00000
 51.60000	 47.94008	 65.43000
 52.20000	 48.96554	 66.42000
 52.80000	 50.33387	 68.04000
 53.40000	 52.45571	 70.99000
 54.00000	 52.26167	 70.86000
 54.60000	 53.41353	 72.76000
 55.20000	 53.89148	 73.86000
 55.80000	 52.46462	 72.24000
 56.40000	 52.14817	 72.07000
 57.00000	 54.07614	 75.16000
 57.60000	 54.66939	 76.55000
 58.20000	 52.03723	 73.27000
 58.80000	 51.76302	 73.10000
 59.40000	 51.54004	 72.90000
 60.00000	 48.51973	 68.45000
 60.60000	 50.11072	 70.34000
 61.20000	 51.14100	 71.56000
 61.80000	 50.82455	 70.94000
 62.40000	 53.00833	 74.03000
 63.00000	 51.90271	 72.59000
 63.60000	 51.80920	 72.54000
 64.20000	 53.31620	 74.87000
 64.80000	 55.70567	 78.79000
 65.40000	 54.97003	 78.51000
 66.00000	 54.09349	 77.99000
 66.60000	 53.31896	 77.49000
 67.20000	 52.01325	 76.03000
 67.80000	 51.24456	 75.09000
 68.40000	 50.66114	 74.21000
 69.00000	 51.17623	 74.80000
 69.60000	 49.99099	 72.87000
 70.20000	 49.46740	 71.69000
 70.80000	 51.73012	 74.55000
 71.40000	 47.24706	 67.64000
 72.00000	 51.32673	 72.81000
 72.60000	 54.08137	 76.66000
 73.20000	 56.53600	 80.71000
 73.80000	 54.21044	 78.21000
 74.40000	 54.62998	 79.58000
 75.00000	 54.87663	 80.79000
 75.60000	 52.86839	 78.66000
 76.20000	 54.83517	 82.15000
 76.80000	 54.72786	 82.84000
 77.40000	 54.33069	 83.11000
 78.00000	 52.15118	 80.60000
 78.60000	 51.92925	 80.57000
 79.20000	 51.82776	 80.56000
 79.80000	 48.27958	 75.19000
 80.40000	 50.42780	 77.64000
 81.00000	 51.59090	 78.88000
 81.60000	 51.52218	 78.50000
 82.20000	 52.93566	 80.43000
 82.80000	 47.85404	 72.77000
 83.40000	 51.53847	 77.41000
 84.00000	 53.28878	 79.78000
 84.60000	 51.50065	 77.22000
 85.20000	 50.63849	 75.77000
 85.80000	 49.94009	 74.33000
 86.40000	 49.85343	 73.59000
 87.00000	 48.66421	 71.04000
 87.60000	 49.05223	 70.56000
 88.20000	 51.19363	 72.81000
 88.80000	 52.37346	 74.13000
 89.40000	 51.48777	 72.68000
 90.00000	 52.42117	 73.96000
 90.60000	 52.79508	 74.67000
 91.20000	 50.46504	 71.33000
 91.80000	 52.81680	 74.71000
 92.40000	 52.46719	 74.45000
 93.00000	 51.84917	 73.75000
 93.60000	 51.70989	 73.64000
 94.20000	 48.18620	 68.09000
 94.80000	 49.86278	 69.60000
 95.40000	 50.90839	 70.39000
 96.00000	 51.52964	 70.82000
 96.60000	 50.60027	 69.04000
 97.20000	 50.77547	 68.78000
 97.80000	 51.20758	 68.97000
 98.40000	 49.69702	 66.18000
 99.00000	 51.90018	 68.86000
 99.60000	 53.26696	 70.93000
100.20000	 53.72918	 72.20000
100.80000	 53.26010	 72.34000
101.40000	 52.61813	 72.17000
102.00000	 51.86935	 71.61000
102.60000	 51.49118	 71.31000
103.20000	 49.13047	 67.46000
103.80000	 51.90617	 70.99000
104.40000	 52.03343	 71.08000
105.00000	 52.04752	 71.15000
105.60000	 51.90858	 71.05000
106.20000	 51.90438	 71.16000
106.80000	 51.85696	 71.21000
107.40000	 51.84800	 71.31000
108.00000	 50.70102	 69.45000
108.60000	 53.28335	 73.39000
109.20000	 57.42000	 81.35000
109.80000	 54.65930	 79.95000
110.40000	 52.61654	 78.88000
111.00000	 52.03109	 79.19000
111.60000	 48.48130	 73.62000
112.20000	 54.73996	 83.01000
112.80000	 51.86366	 79.48000
113.40000	 50.02314	 76.40000
114.00000	 51.08828	 77.19000
114.60000	 49.72144	 73.92000
115.20000	 49.60708	 71.89000
115.80000	 50.40075	 71.19000
116.40000	 52.69255	 73.73000
117.00000	 52.53220	 73.53000
117.60000	 52.21677	 73.35000
118.20000	 52.22766	 73.77000
118.80000	 49.79390	 69.57000
119.40000	 52.46338	 73.16000
120.00000	 53.17460	 74.92000
120.60000	 52.08384	 74.07000
121.20000	 50.85902	 72.20000
121.80000	 50.59024	 70.97000
122.40000	 51.47787	 71.51000
123.00000	 49.39135	 66.64000
123.60000	 52.37775	 70.08000
124.20000	 53.30999	 72.15000
124.80000	 52.77398	 72.67000
125.40000	 52.08678	 72.73000
126.00000	 51.13879	 71.52000
126.60000	 51.11785	 71.03000
127.20000	 50.88423	 69.72000
127.80000	 53.66202	 74.70000
128.40000	 51.94398	 73.16000
129.00000	 51.09943	 71.84000
129.60000	 51.34918	 71.70000
130.20000	 50.83903	 69.81000
130.80000	 51.16457	 69.02000
131.40000	 51.61023	 68.86000
132.00000	 52.95344	 71.72000
132.60000	 52.20077	 71.81000
133.20000	 51.69764	 71.69000
133.80000	 51.68840	 71.92000
134.40000	 50.99891	 70.12000
135.00000	 51.55526	 70.20000
135.60000	 51.87024	 70.49000
136.20000	 52.63222	 72.82000
136.80000	 51.39024	 71.23000
137.40000	 51.78412	 71.90000
138.00000	 51.90389	 72.39000
138.60000	 50.90945	 69.70000
139.20000	 51.39554	 69.09000
139.80000	 52.67252	 72.06000
140.40000	 52.51006	 74.00000
141.00000	 51.42930	 72.85000
141.60000	 52.61502	 76.50000
142.20000	 51.27936	 74.38000
142.80000	 51.39070	 73.36000
143.40000	 52.01272	 74.22000
144.00000	 51.99656	 74.75000
144.60000	 51.66722	 74.16000
145.20000	 51.64927	 73.60000
145.80000	 52.04107	 74.69000
146.40000	 50.51363	 68.37000
147.00000	 52.61005	 72.51000
147.60000	 52.35920	 75.11000
148.20000	 51.96225	 76.60000
148.80000	 51.32048	 74.32000
149.40000	 51.93733	 75.11000
150.00000	 51.85270	 75.16000
150.60000	 51.54662	 73.24000
151.20000	 52.06272	 74.89000
151.80000	 51.83019	 75.16000
