  0.00000	 49.69949	 82.43000
  0.60000	 49.57738	 82.24000
  1.20000	 49.77471	 82.67000
  1.80000	 56.60000	 96.09000
  2.40000	 50.96152	 85.36000
  3.00000	 46.79745	 77.28000
  3.60000	 46.27771	 76.17000
  4.20000	 45.72278	 74.97000
  4.80000	 45.35238	 74.11000
  5.40000	 44.58221	 72.45000
  6.00000	 43.99688	 71.12000
  6.60000	 42.99739	 68.95000
  7.20000	 42.24475	 67.22000
  7.80000	 41.68191	 65.83000
  8.40000	 41.38000	 64.93000
  9.00000	 41.50943	 64.87000
  9.60000	 41.50586	 64.56000
 10.20000	 41.82912	 64.90000
 10.80000	 44.37763	 69.66000
 11.40000	 44.28909	 69.36000
 12.00000	 44.36992	 69.39000
 12.60000	 45.19607	 70.90000
 13.20000	 45.16818	 70.77000
 13.80000	 45.09156	 70.54000
 14.40000	 45.65383	 71.57000
 15.00000	 44.94300	 70.11000
 15.60000	 44.48466	 69.10000
 16.20000	 44.34050	 68.68000
 16.80000	 44.38334	 68.62000
 17.40000	 45.01856	 69.74000
 18.00000	 44.80645	 69.22000
 18.60000	 44.80440	 69.10000
 19.20000	 45.49633	 70.36000
 19.80000	 45.23380	 69.77000
 20.40000	 45.31429	 69.84000
 21.00000	 45.16259	 69.45000
 21.60000	 46.59140	 72.20000
 22.20000	 47.58473	 74.20000
 22.80000	 48.16576	 75.46000
 23.40000	 48.27311	 75.82000
 24.00000	 48.17359	 75.77000
 24.60000	 49.49012	 78.54000
 25.20000	 48.48137	 76.77000
 25.80000	 47.66884	 75.29000
 26.40000	 47.11992	 74.25000
 27.00000	 46.63713	 73.28000
 27.60000	 47.82004	 75.60000
 28.20000	 46.35552	 72.72000
 28.80000	 45.05923	 70.02000
 29.40000	 45.76061	 71.19000
 30.00000	 46.36166	 72.23000
 30.60000	 45.87097	 71.14000
 31.20000	 46.94606	 73.15000
 31.80000	 47.98438	 75.21000
 32.40000	 47.40821	 74.14000
 33.00000	 46.99449	 73.33000
 33.60000	 47.04499	 73.40000
 34.20000	 47.04627	 73.37000
 34.80000	 45.35388	 69.91000
 35.40000	 47.30163	 73.59000
 36.00000	 49.09760	 77.21000
 36.60000	 47.02634	 73.25000
 37.20000	 45.86449	 70.86000
 37.80000	 46.42470	 71.78000
 38.40000	 46.02374	 70.81000
 39.00000	 45.79535	 70.13000
 39.60000	 44.97703	 68.21000
 40.20000	 45.98786	 69.88000
 40.80000	 46.24538	 70.16000
 41.40000	 45.26121	 67.96000
 42.00000	 44.71492	 66.50000
 42.60000	 44.64103	 65.90000
 43.20000	 44.63925	 65.42000
 43.80000	 45.75300	 67.21000
 44.40000	 44.53411	 64.42000
 45.00000	 44.98467	 64.85000
 45.60000	 45.68896	 65.86000
 46.20000	 46.22945	 66.66000
 46.80000	 48.26404	 70.63000
 47.40000	 48.77854	 71.87000
 48.00000	 49.03866	 72.73000
 48.60000	 48.82886	 72.70000
 49.20000	 49.45160	 74.35000
 49.80000	 49.14821	 74.21000
 50.40000	 48.89496	 74.12000
 51.00000	 48.58423	 73.85000
 51.60000	 48.50681	 73.98000
 52.20000	 48.36035	 73.93000
 52.80000	 48.88214	 75.21000
 53.40000	 47.96259	 73.61000
 54.00000	 47.43009	 72.62000
 54.60000	 47.62590	 72.99000
 55.20000	 47.58085	 72.87000
 55.80000	 47.83684	 73.35000
 56.40000	 48.12835	 73.95000
 57.00000	 50.30649	 78.52000
 57.60000	 49.35094	 77.10000
 58.20000	 48.59542	 75.96000
 58.80000	 49.37490	 77.83000
 59.40000	 48.84330	 77.13000
 60.00000	 48.42343	 76.55000
 60.60000	 46.87923	 73.52000
 61.20000	 47.06114	 73.68000
 61.80000	 47.30900	 73.94000
 62.40000	 46.98679	 73.04000
 63.00000	 47.56664	 73.93000
 63.60000	 48.13494	 74.92000
 64.20000	 47.78730	 74.16000
 64.80000	 48.76579	 76.11000
 65.40000	 49.42360	 77.64000
 66.00000	 49.59998	 78.38000
 66.60000	 49.88609	 79.45000
 67.20000	 50.13318	 80.55000
 67.80000	 50.16613	 81.30000
 68.40000	 49.65032	 80.94000
 69.00000	 49.45591	 81.13000
 69.60000	 49.20575	 81.13000
 70.20000	 48.35006	 79.77000
 70.80000	 47.69142	 78.56000
 71.40000	 46.64017	 76.28000
 72.00000	 47.35105	 77.33000
 72.60000	 47.98683	 78.32000
 73.20000	 48.67299	 79.58000
 73.80000	 47.39243	 76.93000
 74.40000	 49.65357	 81.42000
 75.00000	 51.04703	 84.70000
 75.60000	 49.15913	 81.59000
 76.20000	 49.68928	 83.17000
 76.80000	 49.82262	 84.04000
 77.40000	 50.55923	 86.24000
 78.00000	 49.19032	 84.23000
 78.60000	 48.21318	 82.68000
 79.20000	 47.54660	 81.42000
 79.80000	 47.66052	 81.50000
 80.40000	 47.63820	 81.22000
 81.00000	 48.43074	 82.61000
 81.60000	 47.47624	 80.51000
 82.20000	 46.57406	 78.24000
 82.80000	 47.10773	 78.68000
 83.40000	 47.20226	 78.27000
 84.00000	 46.36759	 75.89000
 84.60000	 46.30128	 74.86000
 85.20000	 46.37455	 74.04000
 85.80000	 48.20179	 76.97000
 86.40000	 47.33610	 74.76000
 87.00000	 46.88999	 73.27000
 87.60000	 46.30836	 71.33000
 88.20000	 47.56591	 73.11000
 88.80000	 48.48095	 74.57000
 89.40000	 47.08056	 71.44000
 90.00000	 47.36538	 71.53000
 90.60000	 47.69492	 71.78000
 91.20000	 48.82700	 73.91000
 91.80000	 48.84948	 74.12000
 92.40000	 49.02132	 74.79000
 93.00000	 50.08135	 77.56000
 93.60000	 49.83409	 77.99000
 94.20000	 49.64439	 78.58000
 94.80000	 51.60282	 83.89000
 95.40000	 49.50593	 81.16000
 96.00000	 48.09412	 79.17000
 96.60000	 47.41042	 78.02000
 97.20000	 47.26119	 77.51000
 97.80000	 47.22958	 76.98000
 98.40000	 45.92809	 73.44000
 99.00000	 46.69341	 73.77000
 99.60000	 47.37236	 74.10000
100.20000	 46.57489	 71.42000
100.80000	 47.50341	 72.27000
101.40000	 48.27290	 73.22000
102.00000	 47.81406	 71.89000
102.60000	 48.39475	 72.82000
103.20000	 48.71782	 73.54000
103.80000	 49.04906	 74.58000
104.40000	 48.96218	 74.97000
105.00000	 48.74679	 75.12000
105.60000	 48.32844	 74.71000
106.20000	 47.98413	 74.19000
106.80000	 47.64278	 73.37000
107.40000	 48.94348	 76.10000
108.00000	 47.42883	 72.97000
108.60000	 46.57366	 70.42000
109.20000	 47.67299	 71.73000
109.80000	 47.61778	 70.86000
110.40000	 47.63945	 70.17000
111.00000	 48.64301	 71.91000
111.60000	 48.69987	 72.20000
112.20000	 48.66787	 72.53000
112.80000	 48.16825	 71.81000
113.40000	 48.58565	 73.00000
114.00000	 48.76376	 73.93000
114.60000	 48.39997	 73.72000
115.20000	 48.60486	 74.67000
115.80000	 48.73766	 75.61000
116.40000	 49.25774	 77.72000
117.00000	 48.59250	 77.36000
117.60000	 48.20927	 77.15000
118.20000	 48.22303	 77.47000
118.80000	 48.03937	 77.13000
119.40000	 48.12493	 77.20000
120.00000	 48.04001	 76.81000
120.60000	 48.84694	 78.71000
121.20000	 49.05249	 79.98000
121.80000	 48.78962	 80.44000
122.40000	 48.41441	 80.40000
123.00000	 48.15218	 80.16000
123.60000	 48.25690	 80.47000
124.20000	 47.78596	 79.12000
124.80000	 47.64507	 77.93000
125.40000	 47.52298	 76.37000
126.00000	 47.97361	 76.16000
126.60000	 48.25359	 76.09000
127.20000	 47.08858	 72.19000
127.80000	 48.30049	 73.68000
128.40000	 48.87676	 75.15000
129.00000	 47.98796	 73.38000
129.60000	 49.17324	 76.90000
130.20000	 49.21810	 79.04000
130.80000	 48.36427	 78.70000
131.40000	 49.06819	 81.93000
132.00000	 48.12161	 80.87000
132.60000	 47.82096	 79.93000
133.20000	 47.82223	 78.94000
133.80000	 47.96783	 78.13000
134.40000	 48.29148	 78.19000
135.00000	 47.93106	 76.58000
135.60000	 47.90329	 75.37000
136.20000	 47.77066	 73.58000
136.80000	 48.45177	 74.57000
137.40000	 48.45681	 74.94000
138.00000	 47.65420	 72.32000
138.60000	 48.36271	 73.50000
139.20000	 48.60756	 74.87000
139.80000	 49.05497	 78.33000
140.40000	 48.24780	 78.07000
141.00000	 48.08778	 77.89000
141.60000	 48.03699	 77.16000
142.20000	 48.37520	 77.84000
142.80000	 48.42148	 78.45000
143.40000	 48.06958	 77.33000
144.00000	 48.12537	 76.71000
144.60000	 48.37249	 77.27000
145.20000	 48.17401	 76.58000
145.80000	 48.28104	 76.74000
146.40000	 48.33765	 77.19000
147.00000	 48.62611	 79.66000
147.60000	 48.48969	 81.35000
148.20000	 48.23618	 81.39000
148.80000	 47.60803	 76.28000
149.40000	 48.54433	 77.99000
150.00000	 48.49663	 79.41000
150.60000	 48.07216	 77.73000
151.20000	 48.29342	 77.87000
151.80000	 48.25878	 77.52000
152.40000	 48.76666	 83.15000
