  0.00000	 48.60572	 82.43000
  0.60000	 48.64664	 82.24000
  1.20000	 48.84862	 82.67000
  1.80000	 51.92094	 96.09000
  2.40000	 45.88223	 85.36000
  3.00000	 46.65824	 77.28000
  3.60000	 48.87364	 76.17000
  4.20000	 48.66600	 74.97000
  4.80000	 48.43787	 74.11000
  5.40000	 48.04371	 72.45000
  6.00000	 48.08295	 71.12000
  6.60000	 47.75792	 68.95000
  7.20000	 47.83167	 67.22000
  7.80000	 47.91470	 65.83000
  8.40000	 48.03769	 64.93000
  9.00000	 48.31818	 64.87000
  9.60000	 48.18013	 64.56000
 10.20000	 48.38395	 64.90000
 10.80000	 50.40199	 69.66000
 11.40000	 48.38189	 69.36000
 12.00000	 48.05693	 69.39000
 12.60000	 48.90022	 70.90000
 13.20000	 48.36077	 70.77000
 13.80000	 48.17468	 70.54000
 14.40000	 48.85026	 71.57000
 15.00000	 47.70562	 70.11000
 15.60000	 47.61898	 69.10000
 16.20000	 48.00701	 68.68000
 16.80000	 48.34019	 68.62000
 17.40000	 49.08054	 69.74000
 18.00000	 48.25917	 69.22000
 18.60000	 48.15210	 69.10000
 19.20000	 49.01575	 70.36000
 19.80000	 48.16887	 69.77000
 20.40000	 48.23496	 69.84000
 21.00000	 48.01517	 69.45000
 21.60000	 50.03068	 72.20000
 22.20000	 50.32531	 74.20000
 22.80000	 49.77781	 75.46000
 23.40000	 48.86967	 75.82000
 24.00000	 48.26664	 75.77000
 24.60000	 50.15349	 78.54000
 25.20000	 47.85581	 76.77000
 25.80000	 46.95720	 75.29000
 26.40000	 47.04831	 74.25000
 27.00000	 47.29904	 73.28000
 27.60000	 49.93746	 75.60000
 28.20000	 47.23797	 72.72000
 28.80000	 45.78301	 70.02000
 29.40000	 48.14758	 71.19000
 30.00000	 49.40719	 72.23000
 30.60000	 48.22788	 71.14000
 31.20000	 49.88167	 73.15000
 31.80000	 50.81428	 75.21000
 32.40000	 48.65398	 74.14000
 33.00000	 47.53923	 73.33000
 33.60000	 47.76467	 73.40000
 34.20000	 47.97402	 73.37000
 34.80000	 45.28248	 69.91000
 35.40000	 49.73686	 73.59000
 36.00000	 52.54778	 77.21000
 36.60000	 47.51014	 73.25000
 37.20000	 45.44486	 70.86000
 37.80000	 47.24346	 71.78000
 38.40000	 46.97188	 70.81000
 39.00000	 47.04299	 70.13000
 39.60000	 45.98397	 68.21000
 40.20000	 48.46543	 69.88000
 40.80000	 48.88608	 70.16000
 41.40000	 46.76785	 67.96000
 42.00000	 45.89307	 66.50000
 42.60000	 46.14160	 65.90000
 43.20000	 46.49008	 65.42000
 43.80000	 48.82133	 67.21000
 44.40000	 46.16802	 64.42000
 45.00000	 47.12421	 64.85000
 45.60000	 48.39124	 65.86000
 46.20000	 49.05881	 66.66000
 46.80000	 52.42669	 70.63000
 47.40000	 52.19884	 71.87000
 48.00000	 51.46098	 72.73000
 48.60000	 49.99625	 72.70000
 49.20000	 50.54938	 74.35000
 49.80000	 49.36031	 74.21000
 50.40000	 48.57854	 74.12000
 51.00000	 47.92621	 73.85000
 51.60000	 47.93092	 73.98000
 52.20000	 47.85750	 73.93000
 52.80000	 49.15587	 75.21000
 53.40000	 47.36956	 73.61000
 54.00000	 46.54645	 72.62000
 54.60000	 47.30244	 72.99000
 55.20000	 47.47106	 72.87000
 55.80000	 48.19211	 73.35000
 56.40000	 48.86363	 73.95000
 57.00000	 53.30445	 78.52000
 57.60000	 50.80890	 77.10000
 58.20000	 48.89831	 75.96000
 58.80000	 50.38886	 77.83000
 59.40000	 49.09533	 77.13000
 60.00000	 48.17296	 76.55000
 60.60000	 45.01264	 73.52000
 61.20000	 45.73872	 73.68000
 61.80000	 46.58505	 73.94000
 62.40000	 46.14927	 73.04000
 63.00000	 47.59718	 73.93000
 63.60000	 48.88814	 74.92000
 64.20000	 48.10801	 74.16000
 64.80000	 50.14741	 76.11000
 65.40000	 51.38830	 77.64000
 66.00000	 51.53126	 78.38000
 66.60000	 51.90987	 79.45000
 67.20000	 52.21892	 80.55000
 67.80000	 52.09708	 81.30000
 68.40000	 50.84458	 80.94000
 69.00000	 50.37399	 81.13000
 69.60000	 49.84353	 81.13000
 70.20000	 48.04986	 79.77000
 70.80000	 46.74571	 78.56000
 71.40000	 44.62231	 76.28000
 72.00000	 46.36267	 77.33000
 72.60000	 47.88815	 78.32000
 73.20000	 49.46842	 79.58000
 73.80000	 46.69625	 76.93000
 74.40000	 51.68497	 81.42000
 75.00000	 54.73274	 84.70000
 75.60000	 50.55967	 81.59000
 76.20000	 51.73084	 83.17000
 76.80000	 52.04677	 84.04000
 77.40000	 53.71849	 86.24000
 78.00000	 50.76239	 84.23000
 78.60000	 48.66365	 82.68000
 79.20000	 47.22690	 81.42000
 79.80000	 47.49000	 81.50000
 80.40000	 47.43364	 81.22000
 81.00000	 49.18136	 82.61000
 81.60000	 47.05260	 80.51000
 82.20000	 44.98315	 78.24000
 82.80000	 46.05774	 78.68000
 83.40000	 46.15449	 78.27000
 84.00000	 44.15372	 75.89000
 84.60000	 43.80599	 74.86000
 85.20000	 43.74155	 74.04000
 85.80000	 47.64420	 76.97000
 86.40000	 45.62471	 74.76000
 87.00000	 44.50156	 73.27000
 87.60000	 43.00960	 71.33000
 88.20000	 45.62458	 73.11000
 88.80000	 47.60280	 74.57000
 89.40000	 44.42430	 71.44000
 90.00000	 44.94298	 71.53000
 90.60000	 45.57879	 71.78000
 91.20000	 48.11751	 73.91000
 91.80000	 48.29995	 74.12000
 92.40000	 48.88334	 74.79000
 93.00000	 51.59775	 77.56000
 93.60000	 51.50363	 77.99000
 94.20000	 51.54377	 78.58000
 94.80000	 56.60000	 83.89000
 95.40000	 52.57400	 81.16000
 96.00000	 49.71683	 79.17000
 96.60000	 48.11894	 78.02000
 97.20000	 47.45627	 77.51000
 97.80000	 46.90894	 76.98000
 98.40000	 43.24144	 73.44000
 99.00000	 44.09299	 73.77000
 99.60000	 44.90060	 74.10000
100.20000	 42.39517	 71.42000
100.80000	 43.87315	 72.27000
101.40000	 45.30806	 73.22000
102.00000	 44.12050	 71.89000
102.60000	 45.41443	 72.82000
103.20000	 46.33892	 73.54000
103.80000	 47.48671	 74.58000
104.40000	 47.80235	 74.97000
105.00000	 47.80694	 75.12000
105.60000	 47.19756	 74.71000
106.20000	 46.52027	 74.19000
106.80000	 45.58257	 73.37000
107.40000	 48.55536	 76.10000
108.00000	 44.97032	 72.97000
108.60000	 42.28133	 70.42000
109.20000	 43.98555	 71.73000
109.80000	 43.20474	 70.86000
110.40000	 42.65210	 70.17000
111.00000	 44.74855	 71.91000
111.60000	 45.09668	 72.20000
112.20000	 45.43322	 72.53000
112.80000	 44.58982	 71.81000
113.40000	 45.86723	 73.00000
114.00000	 46.76934	 73.93000
114.60000	 46.36484	 73.72000
115.20000	 47.24722	 74.67000
115.80000	 48.06654	 75.61000
116.40000	 50.11278	 77.72000
117.00000	 49.35130	 77.36000
117.60000	 48.81828	 77.15000
118.20000	 48.92070	 77.47000
118.80000	 48.31970	 77.13000
119.40000	 48.22081	 77.20000
120.00000	 47.64162	 76.81000
120.60000	 49.61060	 78.71000
121.20000	 50.79114	 79.98000
121.80000	 51.03329	 80.44000
122.40000	 50.73421	 80.40000
123.00000	 50.25412	 80.16000
123.60000	 50.42276	 80.47000
124.20000	 48.78017	 79.12000
124.80000	 47.40981	 77.93000
125.40000	 45.70855	 76.37000
126.00000	 45.57194	 76.16000
126.60000	 45.58793	 76.09000
127.20000	 41.38000	 72.19000
127.80000	 43.28092	 73.68000
128.40000	 45.05282	 75.15000
129.00000	 43.15889	 73.38000
129.60000	 47.16519	 76.90000
130.20000	 49.47049	 79.04000
130.80000	 48.94553	 78.70000
131.40000	 52.39457	 81.93000
132.00000	 50.98064	 80.87000
132.60000	 49.77388	 79.93000
133.20000	 48.57280	 78.94000
133.80000	 47.62467	 78.13000
134.40000	 47.67833	 78.19000
135.00000	 45.87986	 76.58000
135.60000	 44.58583	 75.37000
136.20000	 42.68505	 73.58000
136.80000	 43.92162	 74.57000
137.40000	 44.41423	 74.94000
138.00000	 41.55695	 72.32000
138.60000	 43.00351	 73.50000
139.20000	 44.60188	 74.87000
139.80000	 48.46976	 78.33000
140.40000	 48.07895	 78.07000
141.00000	 47.79556	 77.89000
141.60000	 46.91257	 77.16000
142.20000	 47.63127	 77.84000
142.80000	 48.25519	 78.45000
143.40000	 46.93424	 77.33000
144.00000	 46.20987	 76.71000
144.60000	 46.82390	 77.27000
145.20000	 46.02349	 76.58000
145.80000	 46.19382	 76.74000
146.40000	 46.68383	 77.19000
147.00000	 49.42732	 79.66000
147.60000	 51.23905	 81.35000
148.20000	 51.16968	 81.39000
148.80000	 45.32925	 76.28000
149.40000	 47.27620	 77.99000
150.00000	 48.85610	 79.41000
150.60000	 46.91981	 77.73000
151.20000	 47.07046	 77.87000
151.80000	 46.66579	 77.52000
152.40000	 53.00762	 83.15000
