  0.00000	 51.67000	 81.59000
  0.60000	 50.85853	 80.33000
  1.20000	 48.34643	 76.20000
  1.80000	 48.99579	 77.27000
  2.40000	 49.68720	 78.43000
  3.00000	 47.86303	 75.41000
  3.60000	 48.35991	 76.21000
  4.20000	 48.87679	 77.06000
  4.80000	 48.38974	 76.25000
  5.40000	 49.36085	 77.86000
  6.00000	 49.93718	 78.84000
  6.60000	 50.63605	 80.04000
  7.20000	 50.32993	 79.58000
  7.80000	 49.92963	 78.95000
  8.40000	 48.96304	 77.36000
  9.00000	 48.09824	 75.91000
  9.60000	 47.10449	 74.22000
 10.20000	 47.70799	 75.17000
 10.80000	 48.16660	 75.90000
 11.40000	 47.34570	 74.51000
 12.00000	 47.93982	 75.46000
 12.60000	 48.28810	 76.02000
 13.20000	 49.03063	 77.25000
 13.80000	 48.23234	 75.93000
 14.40000	 47.35268	 74.45000
 15.00000	 47.67983	 74.96000
 15.60000	 47.68818	 74.95000
 16.20000	 46.83272	 73.50000
 16.80000	 46.39848	 72.73000
 17.40000	 46.10153	 72.18000
 18.00000	 45.34605	 70.86000
 18.60000	 44.84064	 69.94000
 19.20000	 44.58015	 69.42000
 19.80000	 44.61381	 69.39000
 20.40000	 44.74476	 69.53000
 21.00000	 45.13936	 70.12000
 21.60000	 45.57185	 70.79000
 22.20000	 45.85663	 71.23000
 22.80000	 46.59004	 72.43000
 23.40000	 46.55483	 72.37000
 24.00000	 46.44227	 72.18000
 24.60000	 46.38549	 72.08000
 25.20000	 46.22164	 71.80000
 25.80000	 46.74919	 72.67000
 26.40000	 45.38624	 70.40000
 27.00000	 44.49649	 68.88000
 27.60000	 46.71748	 72.53000
 28.20000	 46.00404	 71.35000
 28.80000	 45.80062	 71.00000
 29.40000	 45.11510	 69.84000
 30.00000	 46.69901	 72.45000
 30.60000	 47.88840	 74.45000
 31.20000	 50.66297	 79.13000
 31.80000	 49.46801	 77.26000
 32.40000	 48.58102	 75.86000
 33.00000	 49.53415	 77.50000
 33.60000	 48.03507	 75.07000
 34.20000	 46.71516	 72.89000
 34.80000	 46.86292	 73.12000
 35.40000	 46.61206	 72.69000
 36.00000	 45.53246	 70.87000
 36.60000	 45.06984	 70.05000
 37.20000	 44.91262	 69.73000
 37.80000	 44.15653	 68.41000
 38.40000	 44.03390	 68.13000
 39.00000	 45.23375	 70.06000
 39.60000	 45.10954	 69.82000
 40.20000	 44.93803	 69.50000
 40.80000	 45.64249	 70.64000
 41.40000	 44.91343	 69.41000
 42.00000	 44.19645	 68.18000
 42.60000	 44.28112	 68.27000
 43.20000	 44.25417	 68.18000
 43.80000	 45.50147	 70.22000
 44.40000	 43.87990	 67.51000
 45.00000	 42.63980	 65.39000
 45.60000	 43.77909	 67.21000
 46.20000	 44.76304	 68.81000
 46.80000	 47.34512	 73.11000
 47.40000	 46.80890	 72.28000
 48.00000	 46.29091	 71.46000
 48.60000	 46.77234	 72.29000
 49.20000	 46.91118	 72.56000
 49.80000	 46.87564	 72.54000
 50.40000	 46.05185	 71.20000
 51.00000	 45.36982	 70.07000
 51.60000	 44.57430	 68.73000
 52.20000	 43.94186	 67.64000
 52.80000	 43.42671	 66.73000
 53.40000	 43.30760	 66.47000
 54.00000	 43.36148	 66.50000
 54.60000	 42.56111	 65.11000
 55.20000	 42.00581	 64.11000
 55.80000	 42.52305	 64.89000
 56.40000	 42.12300	 64.16000
 57.00000	 41.81689	 63.58000
 57.60000	 42.03408	 63.87000
 58.20000	 42.21421	 64.11000
 58.80000	 42.87359	 65.16000
 59.40000	 42.58473	 64.65000
 60.00000	 42.35350	 64.23000
 60.60000	 42.45419	 64.36000
 61.20000	 42.49149	 64.39000
 61.80000	 41.73000	 63.09000
 62.40000	 42.76544	 64.77000
 63.00000	 43.57698	 66.11000
 63.60000	 43.80463	 66.50000
 64.20000	 44.59778	 67.84000
 64.80000	 45.25805	 68.98000
 65.40000	 44.13551	 67.16000
 66.00000	 43.37041	 65.90000
 66.60000	 43.58384	 66.25000
 67.20000	 42.96669	 65.22000
 67.80000	 43.01918	 65.29000
 68.40000	 42.12956	 63.79000
 69.00000	 42.14125	 63.77000
 69.60000	 43.58852	 66.15000
 70.20000	 45.00295	 68.52000
 70.80000	 46.17745	 70.53000
 71.40000	 47.13006	 72.20000
 72.00000	 47.87202	 73.54000
 72.60000	 48.26426	 74.31000
 73.20000	 48.83463	 75.38000
 73.80000	 47.98685	 74.09000
 74.40000	 47.17155	 72.82000
 75.00000	 46.56634	 71.87000
 75.60000	 46.34585	 71.54000
 76.20000	 45.20852	 69.67000
 76.80000	 44.70330	 68.82000
 77.40000	 45.66216	 70.40000
 78.00000	 45.76480	 70.58000
 78.60000	 45.77617	 70.61000
 79.20000	 46.14125	 71.23000
 79.80000	 46.32075	 71.55000
 80.40000	 44.75500	 68.96000
 81.00000	 46.29041	 71.50000
 81.60000	 47.44467	 73.45000
 82.20000	 48.32227	 74.97000
 82.80000	 48.54615	 75.42000
 83.40000	 48.63183	 75.64000
 84.00000	 48.77945	 75.96000
 84.60000	 48.41872	 75.43000
 85.20000	 47.98973	 74.77000
 85.80000	 47.77445	 74.45000
 86.40000	 47.54678	 74.10000
 87.00000	 46.88122	 73.01000
 87.60000	 46.55167	 72.46000
 88.20000	 46.06018	 71.63000
 88.80000	 46.42141	 72.21000
 89.40000	 46.49377	 72.32000
 90.00000	 45.35441	 70.41000
 90.60000	 45.56428	 70.72000
 91.20000	 45.84056	 71.15000
 91.80000	 46.12256	 71.60000
 92.40000	 46.47057	 72.17000
 93.00000	 46.79404	 72.71000
 93.60000	 47.57907	 74.03000
 94.20000	 48.38679	 75.41000
 94.80000	 49.02613	 76.53000
 95.40000	 48.60250	 75.89000
 96.00000	 48.33906	 75.50000
 96.60000	 48.90313	 76.48000
 97.20000	 48.22522	 75.40000
 97.80000	 47.80707	 74.73000
 98.40000	 49.33823	 77.30000
 99.00000	 48.45341	 75.88000
 99.60000	 47.70039	 74.65000
100.20000	 48.37536	 75.78000
100.80000	 47.46941	 74.29000
101.40000	 46.62216	 72.87000
102.00000	 46.62205	 72.84000
102.60000	 46.51277	 72.63000
103.20000	 46.72759	 72.96000
103.80000	 46.15868	 71.99000
104.40000	 45.71853	 71.22000
105.00000	 45.15267	 70.23000
105.60000	 44.80424	 69.59000
106.20000	 43.57871	 67.48000
106.80000	 44.62379	 69.13000
107.40000	 45.70627	 70.88000
108.00000	 45.12600	 69.89000
108.60000	 45.02802	 69.69000
109.20000	 45.07984	 69.74000
109.80000	 46.30910	 71.76000
110.40000	 46.97038	 72.87000
111.00000	 46.00311	 71.28000
111.60000	 46.35960	 71.87000
112.20000	 46.55394	 72.20000
112.80000	 47.03865	 73.02000
113.40000	 46.52108	 72.18000
114.00000	 46.03757	 71.38000
114.60000	 45.97613	 71.27000
115.20000	 45.20264	 69.97000
115.80000	 44.59796	 68.93000
116.40000	 45.56580	 70.50000
117.00000	 44.65185	 68.96000
117.60000	 43.94480	 67.74000
118.20000	 46.58465	 72.09000
118.80000	 45.64189	 70.54000
119.40000	 44.93219	 69.35000
120.00000	 45.60034	 70.44000
120.60000	 44.93793	 69.33000
121.20000	 44.28086	 68.21000
121.80000	 44.83816	 69.10000
122.40000	 44.98859	 69.33000
123.00000	 44.43460	 68.39000
123.60000	 44.48255	 68.44000
124.20000	 44.85774	 69.04000
124.80000	 45.14733	 69.51000
125.40000	 46.40160	 71.60000
126.00000	 48.62816	 75.35000
126.60000	 50.24238	 78.14000
127.20000	 51.51531	 80.40000
127.80000	 51.42449	 80.41000
128.40000	 51.48040	 80.65000
129.00000	 51.39832	 80.65000
129.60000	 50.54527	 79.35000
130.20000	 49.76669	 78.14000
130.80000	 49.69467	 78.08000
131.40000	 48.44668	 76.05000
132.00000	 47.43254	 74.37000
132.60000	 47.25132	 74.05000
133.20000	 46.28782	 72.42000
133.80000	 45.48388	 71.03000
134.40000	 45.88976	 71.64000
135.00000	 46.30345	 72.28000
135.60000	 45.89298	 71.56000
136.20000	 47.12329	 73.57000
136.80000	 47.82103	 74.73000
137.40000	 47.33233	 73.93000
138.00000	 47.73335	 74.60000
138.60000	 47.94774	 74.97000
139.20000	 47.90137	 74.91000
139.80000	 48.53945	 75.99000
140.40000	 47.50789	 74.30000
141.00000	 46.41789	 72.48000
141.60000	 46.42506	 72.46000
142.20000	 46.30490	 72.23000
142.80000	 45.75421	 71.28000
143.40000	 44.98408	 69.95000
144.00000	 44.34516	 68.82000
144.60000	 44.73275	 69.39000
145.20000	 45.05617	 69.87000
145.80000	 45.15556	 69.99000
146.40000	 45.43678	 70.42000
147.00000	 45.65738	 70.76000
147.60000	 45.75302	 70.90000
148.20000	 46.07371	 71.42000
148.80000	 46.25033	 71.71000
149.40000	 45.95643	 71.22000
150.00000	 45.64970	 70.70000
150.60000	 45.01852	 69.63000
151.20000	 44.59526	 68.89000
151.80000	 44.38151	 68.49000
152.40000	 44.36718	 68.42000
