  0.00000	 42.79725	 93.74000
  0.60000	 42.33438	 92.67000
  1.20000	 43.47019	 94.25000
  1.80000	 43.90488	 94.74000
  2.40000	 43.68324	 94.23000
  3.00000	 43.27792	 93.44000
  3.60000	 41.62931	 90.46000
  4.20000	 44.57511	 95.14000
  4.80000	 47.08950	 99.39000
  5.40000	 47.61443	100.76000
  6.00000	 48.29001	102.76000
  6.60000	 46.88677	101.46000
  7.20000	 46.02513	101.02000
  7.80000	 45.83143	101.55000
  8.40000	 45.43246	101.59000
  9.00000	 44.54166	100.64000
  9.60000	 43.19809	 98.69000
 10.20000	 42.50674	 97.54000
 10.80000	 40.81365	 94.38000
 11.40000	 40.14942	 92.59000
 12.00000	 41.70868	 94.33000
 12.60000	 42.67306	 95.13000
 13.20000	 42.86505	 94.80000
 13.80000	 42.96218	 94.45000
 14.40000	 42.67959	 93.54000
 15.00000	 41.49920	 91.09000
 15.60000	 42.45676	 92.16000
 16.20000	 44.11297	 94.50000
 16.80000	 44.52154	 94.98000
 17.40000	 45.38109	 96.46000
 18.00000	 45.59251	 97.07000
 18.60000	 44.96354	 96.39000
 19.20000	 43.74784	 94.68000
 19.80000	 44.95830	 96.96000
 20.40000	 44.78522	 96.93000
 21.00000	 44.46013	 96.65000
 21.60000	 43.44419	 95.13000
 22.20000	 42.72602	 93.94000
 22.80000	 41.91458	 92.38000
 23.40000	 41.88127	 91.93000
 24.00000	 43.58145	 94.35000
 24.60000	 44.42879	 95.50000
 25.20000	 44.77165	 96.02000
 25.80000	 43.84618	 94.53000
 26.40000	 43.46447	 93.93000
 27.00000	 43.29449	 93.61000
 27.60000	 44.86768	 96.23000
 28.20000	 44.93725	 96.46000
 28.80000	 45.02485	 96.84000
 29.40000	 43.92350	 95.24000
 30.00000	 42.84813	 93.55000
 30.60000	 42.83179	 93.45000
 31.20000	 43.98934	 95.25000
 31.80000	 44.56557	 96.16000
 32.40000	 44.76536	 96.57000
 33.00000	 43.94083	 95.32000
 33.60000	 41.90757	 91.91000
 34.20000	 44.15472	 95.54000
 34.80000	 45.29357	 97.42000
 35.40000	 45.52702	 98.00000
 36.00000	 44.75123	 97.01000
 36.60000	 44.02321	 96.07000
 37.20000	 41.85556	 92.51000
 37.80000	 42.44228	 93.30000
 38.40000	 43.38881	 94.59000
 39.00000	 44.78905	 96.75000
 39.60000	 44.33971	 95.98000
 40.20000	 44.34203	 96.06000
 40.80000	 44.93116	 97.19000
 41.40000	 45.13860	 97.77000
 42.00000	 47.51255	102.18000
 42.60000	 48.60077	104.78000
 43.20000	 48.23142	105.24000
 43.80000	 47.38699	105.01000
 44.40000	 45.35838	102.66000
 45.00000	 41.08089	 96.06000
 45.60000	 42.51315	 98.46000
 46.20000	 43.07218	 99.12000
 46.80000	 42.54413	 97.87000
 47.40000	 41.57347	 95.76000
 48.00000	 40.95385	 94.06000
 48.60000	 39.32878	 90.43000
 49.20000	 39.11354	 88.89000
 49.80000	 41.58061	 91.78000
 50.40000	 43.49827	 94.01000
 51.00000	 44.07855	 94.39000
 51.60000	 44.18506	 94.29000
 52.20000	 43.57522	 93.15000
 52.80000	 43.54413	 93.02000
 53.40000	 44.63533	 94.83000
 54.00000	 45.40198	 96.25000
 54.60000	 45.31899	 96.41000
 55.20000	 42.94160	 92.70000
 55.80000	 42.42440	 91.88000
 56.40000	 42.72409	 92.22000
 57.00000	 44.13753	 94.40000
 57.60000	 44.72455	 95.33000
 58.20000	 44.94959	 95.82000
 58.80000	 44.56598	 95.39000
 59.40000	 43.76708	 94.25000
 60.00000	 45.99717	 98.22000
 60.60000	 47.79878	101.73000
 61.20000	 46.93586	101.06000
 61.80000	 45.72528	 99.87000
 62.40000	 44.28561	 98.13000
 63.00000	 43.01490	 96.37000
 63.60000	 43.92399	 98.01000
 64.20000	 43.51443	 97.32000
 64.80000	 44.19961	 98.43000
 65.40000	 42.89396	 96.16000
 66.00000	 41.23590	 93.11000
 66.60000	 44.46099	 98.15000
 67.20000	 44.80113	 98.53000
 67.80000	 44.69836	 98.37000
 68.40000	 44.13110	 97.51000
 69.00000	 44.05317	 97.46000
 69.60000	 42.99198	 95.68000
 70.20000	 45.02301	 99.06000
 70.80000	 46.00013	100.84000
 71.40000	 46.43502	101.95000
 72.00000	 45.07292	100.16000
 72.60000	 43.99407	 98.75000
 73.20000	 41.71653	 95.04000
 73.80000	 43.24002	 97.42000
 74.40000	 44.04096	 98.54000
 75.00000	 44.06006	 98.43000
 75.60000	 43.44941	 97.30000
 76.20000	 42.74511	 95.95000
 76.80000	 42.03994	 94.46000
 77.40000	 43.17537	 95.97000
 78.00000	 44.49833	 97.89000
 78.60000	 45.52950	 99.56000
 79.20000	 45.63172	 99.92000
 79.80000	 44.55352	 98.41000
 80.40000	 42.28376	 94.76000
 81.00000	 45.02003	 99.36000
 81.60000	 45.12451	 99.63000
 82.20000	 44.54641	 98.85000
 82.80000	 43.33956	 96.96000
 83.40000	 42.08732	 94.79000
 84.00000	 40.66151	 92.02000
 84.60000	 42.12785	 93.87000
 85.20000	 42.90168	 94.56000
 85.80000	 43.10501	 94.41000
 86.40000	 42.23558	 92.52000
 87.00000	 40.97911	 89.89000
 87.60000	 42.67371	 92.13000
 88.20000	 44.71004	 95.11000
 88.80000	 45.25870	 95.92000
 89.40000	 44.29246	 94.41000
 90.00000	 43.10342	 92.52000
 90.60000	 41.88743	 90.40000
 91.20000	 43.55134	 92.97000
 91.80000	 45.13938	 95.52000
 92.40000	 45.47898	 96.22000
 93.00000	 44.94857	 95.63000
 93.60000	 42.21458	 91.26000
 94.20000	 44.61734	 95.35000
 94.80000	 45.89962	 97.66000
 95.40000	 45.96061	 98.14000
 96.00000	 45.29628	 97.52000
 96.60000	 43.87231	 95.56000
 97.20000	 43.39215	 94.99000
 97.80000	 45.22381	 98.21000
 98.40000	 44.95624	 97.98000
 99.00000	 44.90923	 98.18000
 99.60000	 43.49275	 96.03000
100.20000	 42.99920	 95.26000
100.80000	 43.60563	 96.20000
101.40000	 44.45228	 97.55000
102.00000	 44.29180	 97.29000
102.60000	 42.92534	 94.99000
103.20000	 41.66870	 92.69000
103.80000	 41.03922	 91.18000
104.40000	 41.46204	 91.24000
105.00000	 43.00107	 93.17000
105.60000	 43.85396	 94.13000
106.20000	 44.60807	 95.17000
106.80000	 43.36416	 93.01000
107.40000	 41.76736	 90.18000
108.00000	 44.54620	 94.63000
108.60000	 44.64032	 94.73000
109.20000	 44.50485	 94.60000
109.80000	 44.29663	 94.41000
110.40000	 43.81021	 93.74000
111.00000	 42.96303	 92.37000
111.60000	 45.54446	 96.75000
112.20000	 45.86813	 97.54000
112.80000	 47.20424	100.29000
113.40000	 46.83617	100.41000
114.00000	 45.57049	 99.08000
114.60000	 45.37102	 99.44000
115.20000	 46.18339	101.43000
115.80000	 47.43683	104.24000
116.40000	 47.24972	104.78000
117.00000	 45.44324	102.60000
117.60000	 44.34806	101.40000
118.20000	 40.93593	 95.89000
118.80000	 42.24452	 97.84000
119.40000	 42.67880	 98.12000
120.00000	 42.68586	 97.65000
120.60000	 41.25752	 94.70000
121.20000	 40.56255	 92.80000
121.80000	 40.40300	 91.61000
122.40000	 42.21674	 93.70000
123.00000	 44.75186	 97.26000
123.60000	 46.22818	 99.51000
124.20000	 46.47431	100.14000
124.80000	 45.23737	 98.51000
125.40000	 43.86028	 96.60000
126.00000	 43.92355	 96.94000
126.60000	 43.63244	 96.55000
127.20000	 43.01614	 95.49000
127.80000	 42.35503	 94.20000
128.40000	 40.90740	 91.37000
129.00000	 39.92091	 89.02000
129.60000	 41.72069	 91.17000
130.20000	 43.06675	 92.66000
130.80000	 44.01790	 93.75000
131.40000	 44.47613	 94.29000
132.00000	 43.28322	 92.21000
132.60000	 41.92969	 89.79000
133.20000	 44.14904	 93.30000
133.80000	 45.15852	 94.94000
134.40000	 44.85779	 94.59000
135.00000	 44.38018	 94.03000
135.60000	 42.51115	 91.04000
136.20000	 41.31714	 88.91000
136.80000	 42.54031	 90.61000
137.40000	 43.79132	 92.37000
138.00000	 44.36258	 93.16000
138.60000	 44.28664	 93.03000
139.20000	 43.86195	 92.39000
139.80000	 43.08884	 91.13000
140.40000	 44.82243	 94.07000
141.00000	 45.17199	 94.82000
141.60000	 46.29239	 97.06000
142.20000	 45.61588	 96.45000
142.80000	 43.96494	 94.18000
143.40000	 43.75517	 94.15000
144.00000	 45.08361	 96.61000
144.60000	 46.56468	 99.45000
145.20000	 46.54756	 99.99000
145.80000	 46.55749	100.72000
146.40000	 43.51676	 96.25000
147.00000	 42.84513	 95.43000
147.60000	 44.45457	 98.21000
148.20000	 45.86119	100.71000
148.80000	 44.83969	 99.27000
149.40000	 43.93843	 98.01000
150.00000	 43.21505	 96.90000
150.60000	 42.57637	 95.74000
151.20000	 44.05747	 98.04000
151.80000	 44.55676	 98.77000
152.40000	 44.35846	 98.44000
153.00000	 43.92544	 97.75000
153.60000	 44.18348	 98.21000
154.20000	 42.54460	 95.41000
154.80000	 44.45175	 98.49000
155.40000	 45.66505	100.54000
156.00000	 46.09262	101.51000
156.60000	 45.85450	101.54000
157.20000	 44.73695	100.12000
157.80000	 43.39476	 98.17000
158.40000	 41.92897	 95.72000
159.00000	 42.74334	 96.83000
159.60000	 43.08891	 97.06000
160.20000	 42.79174	 96.20000
160.80000	 42.45517	 95.24000
161.40000	 42.29527	 94.52000
162.00000	 42.19020	 93.84000
162.60000	 43.12718	 94.92000
163.20000	 44.60281	 97.06000
163.80000	 44.58430	 96.92000
164.40000	 45.04820	 97.77000
165.00000	 43.68635	 95.62000
165.60000	 43.40829	 95.21000
166.20000	 45.66772	 99.07000
166.80000	 47.02347	101.66000
167.40000	 46.20785	100.86000
168.00000	 44.25330	 98.15000
168.60000	 43.01047	 96.39000
169.20000	 42.22127	 95.07000
169.80000	 43.26927	 96.62000
170.40000	 42.93646	 95.79000
171.00000	 42.00524	 93.88000
171.60000	 41.38415	 92.34000
172.20000	 39.52357	 88.48000
172.80000	 41.05308	 90.10000
173.40000	 42.51928	 91.66000
174.00000	 43.82166	 93.20000
174.60000	 44.66822	 94.30000
175.20000	 45.14561	 95.08000
175.80000	 45.27469	 95.50000
176.40000	 44.73501	 94.91000
177.00000	 46.67336	 98.59000
177.60000	 46.96093	 99.71000
178.20000	 45.73073	 98.40000
178.80000	 44.93348	 97.74000
179.40000	 40.28791	 90.25000
180.00000	 41.69264	 92.39000
180.60000	 42.97680	 94.11000
181.20000	 43.92947	 95.35000
181.80000	 44.80660	 96.66000
182.40000	 44.84807	 96.77000
183.00000	 44.37765	 96.13000
183.60000	 44.58107	 96.65000
184.20000	 46.49931	100.16000
184.80000	 47.13239	101.76000
185.40000	 46.73139	101.83000
186.00000	 46.02642	101.44000
186.60000	 44.40290	 99.38000
187.20000	 44.39622	 99.81000
187.80000	 43.73243	 98.94000
188.40000	 42.64747	 97.15000
189.00000	 41.71323	 95.35000
189.60000	 40.95570	 93.57000
190.20000	 40.05512	 91.28000
190.80000	 41.01318	 91.93000
191.40000	 43.00391	 94.38000
192.00000	 44.00649	 95.45000
192.60000	 44.44516	 95.88000
193.20000	 44.46289	 95.83000
193.80000	 43.81279	 94.76000
194.40000	 43.44114	 94.14000
195.00000	 45.09222	 96.94000
195.60000	 46.03272	 98.73000
196.20000	 46.20410	 99.45000
196.80000	 45.85536	 99.43000
197.40000	 44.83886	 98.28000
198.00000	 44.49460	 98.14000
198.60000	 44.98829	 99.31000
199.20000	 44.20206	 98.27000
199.80000	 43.44740	 97.16000
200.40000	 41.32914	 93.51000
201.00000	 40.16352	 91.08000
201.60000	 39.46712	 89.06000
202.20000	 40.50777	 89.73000
202.80000	 42.19151	 91.52000
203.40000	 43.52388	 92.98000
204.00000	 44.62427	 94.40000
204.60000	 44.32647	 93.77000
205.20000	 44.40656	 93.94000
205.80000	 45.10052	 95.26000
206.40000	 45.56087	 96.33000
207.00000	 45.59317	 96.81000
207.60000	 42.92816	 92.71000
208.20000	 42.24666	 91.66000
208.80000	 42.88217	 92.58000
209.40000	 42.99681	 92.54000
210.00000	 42.73607	 91.84000
210.60000	 40.92044	 88.41000
211.20000	 40.74407	 87.51000
211.80000	 41.96875	 88.85000
212.40000	 43.27288	 90.43000
