  0.00000	 42.22778	 91.19000
  0.60000	 42.19330	 91.05000
  1.20000	 41.47453	 89.76000
  1.80000	 42.53673	 91.46000
  2.40000	 43.67695	 93.33000
  3.00000	 44.55644	 94.80000
  3.60000	 43.33901	 92.76000
  4.20000	 43.21577	 92.53000
  4.80000	 44.06631	 93.94000
  5.40000	 46.49424	 98.04000
  6.00000	 47.28419	 99.45000
  6.60000	 46.96539	 99.01000
  7.20000	 45.03267	 95.83000
  7.80000	 44.13987	 94.34000
  8.40000	 45.11387	 95.97000
  9.00000	 45.34768	 96.38000
  9.60000	 44.77743	 95.44000
 10.20000	 43.89831	 93.96000
 10.80000	 42.73939	 91.98000
 11.40000	 41.48841	 89.81000
 12.00000	 42.88876	 92.08000
 12.60000	 43.32467	 92.77000
 13.20000	 43.58376	 93.18000
 13.80000	 43.71810	 93.39000
 14.40000	 43.62984	 93.23000
 15.00000	 43.51294	 93.02000
 15.60000	 45.96889	 97.15000
 16.20000	 47.15367	 99.21000
 16.80000	 46.96710	 98.99000
 17.40000	 45.66738	 96.88000
 18.00000	 44.65557	 95.21000
 18.60000	 43.20849	 92.77000
 19.20000	 43.60723	 93.40000
 19.80000	 43.67219	 93.48000
 20.40000	 44.72379	 95.23000
 21.00000	 43.66393	 93.45000
 21.60000	 43.31589	 92.84000
 22.20000	 43.51896	 93.15000
 22.80000	 45.02062	 95.66000
 23.40000	 45.77121	 96.95000
 24.00000	 45.71426	 96.90000
 24.60000	 46.77356	 98.73000
 25.20000	 45.59991	 96.82000
 25.80000	 45.35026	 96.43000
 26.40000	 46.10862	 97.73000
 27.00000	 46.53454	 98.49000
 27.60000	 46.87109	 99.11000
 28.20000	 46.35634	 98.30000
 28.80000	 44.75716	 95.64000
 29.40000	 45.64166	 97.12000
 30.00000	 46.17915	 98.04000
 30.60000	 46.39882	 98.44000
 31.20000	 46.31917	 98.34000
 31.80000	 45.34770	 96.73000
 32.40000	 43.44124	 93.51000
 33.00000	 44.56758	 95.35000
 33.60000	 44.93779	 95.95000
 34.20000	 45.22832	 96.43000
 34.80000	 45.46545	 96.83000
 35.40000	 45.74544	 97.31000
 36.00000	 45.07261	 96.19000
 36.60000	 45.74538	 97.32000
 37.20000	 47.40163	100.13000
 37.80000	 47.52338	100.40000
 38.40000	 47.27718	100.05000
 39.00000	 46.57606	 98.92000
 39.60000	 45.86644	 97.75000
 40.20000	 46.75323	 99.25000
 40.80000	 47.35225	100.29000
 41.40000	 47.30126	100.25000
 42.00000	 45.14362	 96.65000
 42.60000	 43.89760	 94.52000
 43.20000	 43.46246	 93.72000
 43.80000	 44.23003	 94.94000
 44.40000	 44.70234	 95.69000
 45.00000	 44.77837	 95.79000
 45.60000	 44.40703	 95.14000
 46.20000	 44.75222	 95.69000
 46.80000	 45.55213	 97.02000
 47.40000	 47.05336	 99.56000
 48.00000	 47.34230	100.10000
 48.60000	 46.69701	 99.07000
 49.20000	 44.93412	 96.13000
 49.80000	 43.98116	 94.50000
 50.40000	 45.75329	 97.44000
 51.00000	 46.53227	 98.76000
 51.60000	 46.33042	 98.45000
 52.20000	 45.86630	 97.69000
 52.80000	 45.10362	 96.41000
 53.40000	 44.27243	 94.99000
 54.00000	 45.06160	 96.28000
 54.60000	 46.88993	 99.35000
 55.20000	 47.57023	100.54000
 55.80000	 48.58233	102.31000
 56.40000	 48.06761	101.53000
 57.00000	 46.51665	 98.98000
 57.60000	 48.00075	101.50000
 58.20000	 48.92089	103.11000
 58.80000	 47.94782	101.55000
 59.40000	 46.57454	 99.28000
 60.00000	 44.67193	 96.07000
 60.60000	 42.27153	 91.96000
 61.20000	 42.37194	 92.00000
 61.80000	 42.73331	 92.49000
 62.40000	 43.20725	 93.19000
 63.00000	 42.44154	 91.82000
 63.60000	 41.94052	 90.88000
 64.20000	 42.48762	 91.70000
 64.80000	 44.58475	 95.16000
 65.40000	 45.14719	 96.10000
 66.00000	 45.15831	 96.13000
 66.60000	 43.16672	 92.78000
 67.20000	 43.97230	 94.09000
 67.80000	 45.02339	 95.84000
 68.40000	 44.85717	 95.57000
 69.00000	 44.70542	 95.32000
 69.60000	 42.86827	 92.22000
 70.20000	 40.74443	 88.58000
 70.80000	 43.99581	 93.95000
 71.40000	 44.15175	 94.20000
 72.00000	 44.12410	 94.15000
 72.60000	 43.93661	 93.83000
 73.20000	 43.56869	 93.20000
 73.80000	 42.76872	 91.83000
 74.40000	 43.81917	 93.56000
 75.00000	 44.47618	 94.66000
 75.60000	 44.34406	 94.45000
 76.20000	 43.92998	 93.76000
 76.80000	 41.87088	 90.28000
 77.40000	 41.28863	 89.23000
 78.00000	 42.16108	 90.62000
 78.60000	 44.00998	 93.69000
 79.20000	 45.25985	 95.81000
 79.80000	 45.91153	 96.96000
 80.40000	 46.33347	 97.74000
 81.00000	 45.67795	 96.71000
 81.60000	 47.48411	 99.81000
 82.20000	 48.57331	101.75000
 82.80000	 48.70404	102.10000
 83.40000	 47.02437	 99.39000
 84.00000	 43.68002	 93.81000
 84.60000	 45.20487	 96.34000
 85.20000	 46.02166	 97.72000
 85.80000	 46.14141	 97.95000
 86.40000	 45.89818	 97.57000
 87.00000	 45.10957	 96.26000
 87.60000	 44.04599	 94.46000
 88.20000	 45.80426	 97.39000
 88.80000	 47.02647	 99.47000
 89.40000	 47.27225	 99.94000
 90.00000	 47.18329	 99.85000
 90.60000	 45.33879	 96.79000
 91.20000	 47.14389	 99.83000
 91.80000	 49.49824	103.85000
 92.40000	 49.29892	103.63000
 93.00000	 48.99393	103.22000
 93.60000	 47.62090	100.99000
 94.20000	 47.02915	100.03000
 94.80000	 47.16180	100.27000
 95.40000	 47.99238	101.69000
 96.00000	 47.73048	101.29000
 96.60000	 46.79319	 99.74000
 97.20000	 45.43003	 97.44000
 97.80000	 43.03170	 93.35000
 98.40000	 44.15939	 95.14000
 99.00000	 44.40458	 95.48000
 99.60000	 45.60697	 97.45000
100.20000	 45.91394	 97.95000
100.80000	 43.02029	 93.06000
101.40000	 44.60383	 95.64000
102.00000	 45.68892	 97.43000
102.60000	 46.34270	 98.53000
103.20000	 45.68618	 97.44000
103.80000	 45.07137	 96.40000
104.40000	 43.95258	 94.49000
105.00000	 42.86531	 92.60000
105.60000	 44.39693	 95.10000
106.20000	 44.89683	 95.91000
106.80000	 46.06046	 97.86000
107.40000	 46.91770	 99.33000
108.00000	 46.19553	 98.16000
108.60000	 46.53649	 98.76000
109.20000	 49.54489	103.87000
109.80000	 49.33664	103.64000
110.40000	 48.65530	102.60000
111.00000	 47.54686	100.81000
111.60000	 46.18406	 98.55000
112.20000	 45.47055	 97.34000
112.80000	 46.82654	 99.60000
113.40000	 47.10880	100.09000
114.00000	 46.83457	 99.65000
114.60000	 44.79460	 96.22000
115.20000	 42.41297	 92.15000
115.80000	 44.46366	 95.49000
116.40000	 44.83877	 96.07000
117.00000	 44.61080	 95.65000
117.60000	 44.31983	 95.12000
118.20000	 43.73630	 94.09000
118.80000	 43.96724	 94.42000
119.40000	 45.89808	 97.63000
120.00000	 46.87945	 99.30000
120.60000	 46.95356	 99.47000
121.20000	 46.01441	 97.93000
121.80000	 44.25281	 94.97000
122.40000	 43.60843	 93.84000
123.00000	 44.53332	 95.34000
123.60000	 44.46777	 95.20000
124.20000	 44.68578	 95.54000
124.80000	 43.62486	 93.73000
125.40000	 43.01450	 92.65000
126.00000	 42.68033	 92.02000
126.60000	 43.35099	 93.08000
127.20000	 45.09676	 95.98000
127.80000	 45.89615	 97.34000
128.40000	 46.66246	 98.67000
129.00000	 45.58525	 96.91000
129.60000	 45.36476	 96.56000
130.20000	 47.88717	100.83000
130.80000	 48.56388	102.06000
131.40000	 47.25750	 99.96000
132.00000	 46.05572	 97.99000
132.60000	 44.84363	 95.96000
133.20000	 43.69651	 94.00000
133.80000	 45.29525	 96.64000
134.40000	 45.68456	 97.29000
135.00000	 46.28455	 98.31000
135.60000	 44.42687	 95.20000
136.20000	 43.59861	 93.77000
136.80000	 45.51648	 96.95000
137.40000	 47.04843	 99.54000
138.00000	 46.60828	 98.85000
138.60000	 46.24233	 98.27000
139.20000	 45.79014	 97.53000
139.80000	 45.24079	 96.61000
140.40000	 47.62280	100.62000
141.00000	 47.50916	100.49000
141.60000	 46.60459	 99.02000
142.20000	 45.58258	 97.32000
142.80000	 44.14238	 94.88000
143.40000	 44.41108	 95.28000
144.00000	 45.01735	 96.26000
144.60000	 44.81672	 95.90000
145.20000	 43.24378	 93.22000
145.80000	 42.69942	 92.23000
146.40000	 43.09307	 92.81000
147.00000	 44.59015	 95.27000
147.60000	 45.76672	 97.24000
148.20000	 45.91305	 97.51000
148.80000	 44.71786	 95.52000
149.40000	 44.51687	 95.17000
150.00000	 45.31526	 96.50000
150.60000	 45.48847	 96.80000
151.20000	 45.18433	 96.30000
151.80000	 44.20477	 94.65000
152.40000	 41.89836	 90.73000
153.00000	 43.05148	 92.58000
153.60000	 43.39342	 93.10000
154.20000	 43.48294	 93.21000
154.80000	 43.34950	 92.95000
155.40000	 43.12796	 92.54000
156.00000	 42.77856	 91.91000
156.60000	 44.78587	 95.25000
157.20000	 45.78949	 96.96000
157.80000	 47.36665	 99.67000
158.40000	 46.31585	 97.99000
159.00000	 45.91487	 97.37000
159.60000	 45.76731	 97.16000
160.20000	 47.44332	100.02000
160.80000	 48.01242	101.06000
161.40000	 47.20495	 99.79000
162.00000	 46.27346	 98.28000
162.60000	 42.79088	 92.43000
163.20000	 44.07115	 94.51000
163.80000	 45.13793	 96.27000
164.40000	 45.93398	 97.61000
165.00000	 47.10569	 99.61000
165.60000	 46.39635	 98.47000
166.20000	 45.70731	 97.34000
166.80000	 47.24251	 99.94000
167.40000	 47.69645	100.76000
168.00000	 47.64580	100.74000
168.60000	 47.14830	 99.96000
169.20000	 45.48939	 97.20000
169.80000	 44.95855	 96.29000
170.40000	 46.75444	 99.29000
171.00000	 46.18874	 98.36000
171.60000	 45.42560	 97.08000
172.20000	 43.62236	 94.02000
172.80000	 42.98306	 92.87000
173.40000	 44.70556	 95.69000
174.00000	 45.52282	 97.04000
174.60000	 45.55255	 97.09000
175.20000	 43.89848	 94.30000
175.80000	 43.44134	 93.48000
176.40000	 44.08168	 94.50000
177.00000	 45.66204	 97.13000
177.60000	 46.25202	 98.14000
178.20000	 45.85914	 97.51000
178.80000	 44.75743	 95.67000
179.40000	 42.29037	 91.49000
180.00000	 44.23426	 94.68000
180.60000	 44.25112	 94.68000
181.20000	 43.93322	 94.12000
181.80000	 43.39478	 93.18000
182.40000	 42.16580	 91.06000
183.00000	 41.38390	 89.66000
183.60000	 42.66928	 91.73000
184.20000	 43.61967	 93.28000
184.80000	 43.37650	 92.85000
185.40000	 42.99387	 92.18000
186.00000	 41.78184	 90.10000
186.60000	 41.57388	 89.68000
187.20000	 42.50506	 91.18000
187.80000	 43.07878	 92.11000
188.40000	 42.32450	 90.82000
189.00000	 41.84325	 89.97000
189.60000	 40.93705	 88.39000
190.20000	 41.43759	 89.16000
190.80000	 43.30099	 92.25000
191.40000	 43.54025	 92.66000
192.00000	 43.06307	 91.87000
192.60000	 42.69564	 91.25000
193.20000	 41.49982	 89.22000
193.80000	 42.48778	 90.84000
194.40000	 43.40938	 92.38000
195.00000	 43.53685	 92.61000
195.60000	 41.71869	 89.56000
196.20000	 40.80488	 87.98000
196.80000	 40.44638	 87.31000
197.40000	 41.91697	 89.72000
198.00000	 42.83090	 91.24000
198.60000	 43.93952	 93.12000
199.20000	 43.39857	 92.25000
199.80000	 43.40752	 92.29000
200.40000	 43.67847	 92.77000
201.00000	 45.18972	 95.35000
201.60000	 46.81705	 98.17000
202.20000	 46.58648	 97.90000
202.80000	 48.03478	100.45000
203.40000	 47.24013	 99.25000
204.00000	 46.78488	 98.59000
204.60000	 46.47358	 98.15000
205.20000	 47.22663	 99.49000
205.80000	 48.36048	101.49000
206.40000	 48.10862	101.18000
207.00000	 47.48042	100.22000
207.60000	 45.53514	 97.01000
208.20000	 44.51733	 95.30000
208.80000	 44.33138	 94.96000
209.40000	 45.07863	 96.19000
210.00000	 45.24247	 96.46000
210.60000	 44.80411	 95.72000
211.20000	 44.94223	 95.94000
211.80000	 43.88087	 94.14000
212.40000	 43.95787	 94.23000
