  0.00000	 42.43112	 91.19000
  0.60000	 42.71105	 91.05000
  1.20000	 42.33801	 89.76000
  1.80000	 43.78092	 91.46000
  2.40000	 45.21413	 93.33000
  3.00000	 46.22036	 94.80000
  3.60000	 44.95543	 92.76000
  4.20000	 44.77605	 92.53000
  4.80000	 45.59179	 93.94000
  5.40000	 47.94057	 98.04000
  6.00000	 48.45372	 99.45000
  6.60000	 47.70066	 99.01000
  7.20000	 45.30721	 95.83000
  7.80000	 44.12591	 94.34000
  8.40000	 45.01308	 95.97000
  9.00000	 45.21441	 96.38000
  9.60000	 44.61771	 95.44000
 10.20000	 43.75599	 93.96000
 10.80000	 42.70412	 91.98000
 11.40000	 41.68872	 89.81000
 12.00000	 43.47068	 92.08000
 12.60000	 44.24011	 92.77000
 13.20000	 44.73075	 93.18000
 13.80000	 44.99697	 93.39000
 14.40000	 44.96293	 93.23000
 15.00000	 44.85906	 93.02000
 15.60000	 47.31439	 97.15000
 16.20000	 48.31654	 99.21000
 16.80000	 47.76077	 98.99000
 17.40000	 46.03037	 96.88000
 18.00000	 44.69185	 95.21000
 18.60000	 43.08981	 92.77000
 19.20000	 43.55336	 93.40000
 19.80000	 43.77841	 93.48000
 20.40000	 45.01688	 95.23000
 21.00000	 44.06346	 93.45000
 21.60000	 43.83486	 92.84000
 22.20000	 44.18717	 93.15000
 22.80000	 45.82844	 95.66000
 23.40000	 46.59048	 96.95000
 24.00000	 46.40793	 96.90000
 24.60000	 47.27778	 98.73000
 25.20000	 45.82360	 96.82000
 25.80000	 45.34670	 96.43000
 26.40000	 45.95670	 97.73000
 27.00000	 46.23871	 98.49000
 27.60000	 46.40989	 99.11000
 28.20000	 45.70578	 98.30000
 28.80000	 43.95628	 95.64000
 29.40000	 44.84495	 97.12000
 30.00000	 45.41955	 98.04000
 30.60000	 45.64353	 98.44000
 31.20000	 45.52891	 98.34000
 31.80000	 44.50824	 96.73000
 32.40000	 42.61995	 93.51000
 33.00000	 43.94415	 95.35000
 33.60000	 44.52551	 95.95000
 34.20000	 44.97704	 96.43000
 34.80000	 45.30805	 96.83000
 35.40000	 45.61734	 97.31000
 36.00000	 44.91431	 96.19000
 36.60000	 45.57391	 97.32000
 37.20000	 47.18531	100.13000
 37.80000	 47.12487	100.40000
 38.40000	 46.61685	100.05000
 39.00000	 45.65306	 98.92000
 39.60000	 44.75834	 97.75000
 40.20000	 45.57662	 99.25000
 40.80000	 46.11865	100.29000
 41.40000	 45.97096	100.25000
 42.00000	 43.70239	 96.65000
 42.60000	 42.50350	 94.52000
 43.20000	 42.30416	 93.72000
 43.80000	 43.42809	 94.94000
 44.40000	 44.23529	 95.69000
 45.00000	 44.56117	 95.79000
 45.60000	 44.36016	 95.14000
 46.20000	 44.84286	 95.69000
 46.80000	 45.72845	 97.02000
 47.40000	 47.21928	 99.56000
 48.00000	 47.33279	100.10000
 48.60000	 46.40675	 99.07000
 49.20000	 44.37780	 96.13000
 49.80000	 43.32503	 94.50000
 50.40000	 45.18042	 97.44000
 51.00000	 46.01399	 98.76000
 51.60000	 45.77387	 98.45000
 52.20000	 45.23243	 97.69000
 52.80000	 44.41414	 96.41000
 53.40000	 43.60338	 94.99000
 54.00000	 44.51826	 96.28000
 54.60000	 46.46729	 99.35000
 55.20000	 47.11553	100.54000
 55.80000	 47.95139	102.31000
 56.40000	 47.12147	101.53000
 57.00000	 45.23948	 98.98000
 57.60000	 46.53204	101.50000
 58.20000	 47.26135	103.11000
 58.80000	 46.03667	101.55000
 59.40000	 44.46432	 99.28000
 60.00000	 42.51685	 96.07000
 60.60000	 40.30709	 91.96000
 61.20000	 40.89468	 92.00000
 61.80000	 41.86877	 92.49000
 62.40000	 42.93612	 93.19000
 63.00000	 42.65840	 91.82000
 63.60000	 42.59257	 90.88000
 64.20000	 43.54790	 91.70000
 64.80000	 45.96554	 95.16000
 65.40000	 46.61599	 96.10000
 66.00000	 46.52366	 96.13000
 66.60000	 44.33106	 92.78000
 67.20000	 45.04668	 94.09000
 67.80000	 46.03692	 95.84000
 68.40000	 45.74935	 95.57000
 69.00000	 45.45804	 95.32000
 69.60000	 43.49760	 92.22000
 70.20000	 41.40462	 88.58000
 70.80000	 44.93548	 93.95000
 71.40000	 45.26304	 94.20000
 72.00000	 45.29223	 94.15000
 72.60000	 45.09476	 93.83000
 73.20000	 44.69633	 93.20000
 73.80000	 43.88639	 91.83000
 74.40000	 44.99988	 93.56000
 75.00000	 45.68502	 94.66000
 75.60000	 45.50321	 94.45000
 76.20000	 45.00610	 93.76000
 76.80000	 42.88527	 90.28000
 77.40000	 42.41042	 89.23000
 78.00000	 43.53090	 90.62000
 78.60000	 45.62198	 93.69000
 79.20000	 46.94683	 95.81000
 79.80000	 47.47036	 96.96000
 80.40000	 47.60997	 97.74000
 81.00000	 46.58125	 96.71000
 81.60000	 48.04534	 99.81000
 82.20000	 48.71869	101.75000
 82.80000	 48.33988	102.10000
 83.40000	 46.13004	 99.39000
 84.00000	 42.41467	 93.81000
 84.60000	 43.94417	 96.34000
 85.20000	 44.88639	 97.72000
 85.80000	 45.11098	 97.95000
 86.40000	 44.93402	 97.57000
 87.00000	 44.20035	 96.26000
 87.60000	 43.23879	 94.46000
 88.20000	 45.19763	 97.39000
 88.80000	 46.53702	 99.47000
 89.40000	 46.74029	 99.94000
 90.00000	 46.49836	 99.85000
 90.60000	 44.46075	 96.79000
 91.20000	 46.20322	 99.83000
 91.80000	 48.45792	103.85000
 92.40000	 47.96353	103.63000
 93.00000	 47.27981	103.22000
 93.60000	 45.54317	100.99000
 94.20000	 44.73229	100.03000
 94.80000	 44.79879	100.27000
 95.40000	 45.64676	101.69000
 96.00000	 45.38366	101.29000
 96.60000	 44.44583	 99.74000
 97.20000	 43.15151	 97.44000
 97.80000	 40.95841	 93.35000
 98.40000	 42.52859	 95.14000
 99.00000	 43.24089	 95.48000
 99.60000	 44.85049	 97.45000
100.20000	 45.40430	 97.95000
100.80000	 42.61521	 93.06000
101.40000	 44.42227	 95.64000
102.00000	 45.68607	 97.43000
102.60000	 46.38605	 98.53000
103.20000	 45.64364	 97.44000
103.80000	 44.92218	 96.40000
104.40000	 43.74653	 94.49000
105.00000	 42.72092	 92.60000
105.60000	 44.46001	 95.10000
106.20000	 45.12543	 95.91000
106.80000	 46.36656	 97.86000
107.40000	 47.15859	 99.33000
108.00000	 46.22956	 98.16000
108.60000	 46.35227	 98.76000
109.20000	 49.13989	103.87000
109.80000	 48.51229	103.64000
110.40000	 47.33366	102.60000
111.00000	 45.78464	100.81000
111.60000	 44.13997	 98.55000
112.20000	 43.36427	 97.34000
112.80000	 44.84451	 99.60000
113.40000	 45.24719	100.09000
114.00000	 45.04641	 99.65000
114.60000	 43.06399	 96.22000
115.20000	 40.87445	 92.15000
115.80000	 43.35986	 95.49000
116.40000	 44.13190	 96.07000
117.00000	 44.19677	 95.65000
117.60000	 44.12714	 95.12000
118.20000	 43.72861	 94.09000
118.80000	 44.15228	 94.42000
119.40000	 46.25057	 97.63000
120.00000	 47.22955	 99.30000
120.60000	 47.12318	 99.47000
121.20000	 45.91181	 97.93000
121.80000	 43.92250	 94.97000
122.40000	 43.23159	 93.84000
123.00000	 44.27382	 95.34000
123.60000	 44.34144	 95.20000
124.20000	 44.68430	 95.54000
124.80000	 43.71639	 93.73000
125.40000	 43.24734	 92.65000
126.00000	 43.12020	 92.02000
126.60000	 44.04292	 93.08000
127.20000	 45.99557	 95.98000
127.80000	 46.82658	 97.34000
128.40000	 47.45485	 98.67000
129.00000	 46.10028	 96.91000
129.60000	 45.62568	 96.56000
130.20000	 47.95695	100.83000
130.80000	 48.31608	102.06000
131.40000	 46.58376	 99.96000
132.00000	 45.02639	 97.99000
132.60000	 43.62868	 95.96000
133.20000	 42.50257	 94.00000
133.80000	 44.32359	 96.64000
134.40000	 44.91639	 97.29000
135.00000	 45.64720	 98.31000
135.60000	 43.82160	 95.20000
136.20000	 43.09732	 93.77000
136.80000	 45.22382	 96.95000
137.40000	 46.87043	 99.54000
138.00000	 46.35629	 98.85000
138.60000	 45.84004	 98.27000
139.20000	 45.24165	 97.53000
139.80000	 44.59856	 96.61000
140.40000	 46.96758	100.62000
141.00000	 46.71934	100.49000
141.60000	 45.61462	 99.02000
142.20000	 44.44217	 97.32000
142.80000	 42.97426	 94.88000
143.40000	 43.39612	 95.28000
144.00000	 44.23096	 96.26000
144.60000	 44.23094	 95.90000
145.20000	 42.83274	 93.22000
145.80000	 42.54693	 92.23000
146.40000	 43.27241	 92.81000
147.00000	 45.08549	 95.27000
147.60000	 46.42820	 97.24000
148.20000	 46.54671	 97.51000
148.80000	 45.20182	 95.52000
149.40000	 44.88542	 95.17000
150.00000	 45.62374	 96.50000
150.60000	 45.71734	 96.80000
151.20000	 45.31126	 96.30000
151.80000	 44.24785	 94.65000
152.40000	 41.94852	 90.73000
153.00000	 43.33110	 92.58000
153.60000	 43.93745	 93.10000
154.20000	 44.24966	 93.21000
154.80000	 44.28523	 92.95000
155.40000	 44.19660	 92.54000
156.00000	 43.96547	 91.91000
156.60000	 46.09929	 95.25000
157.20000	 47.08116	 96.96000
157.80000	 48.46964	 99.67000
158.40000	 47.03699	 97.99000
159.00000	 46.24935	 97.37000
159.60000	 45.78845	 97.16000
160.20000	 47.23523	100.02000
160.80000	 47.52313	101.06000
161.40000	 46.37747	 99.79000
162.00000	 45.16215	 98.28000
162.60000	 41.52603	 92.43000
163.20000	 42.99530	 94.51000
163.80000	 44.35508	 96.27000
164.40000	 45.38299	 97.61000
165.00000	 46.66362	 99.61000
165.60000	 45.89526	 98.47000
166.20000	 45.10341	 97.34000
166.80000	 46.57822	 99.94000
167.40000	 46.89665	100.76000
168.00000	 46.63692	100.74000
168.60000	 45.91034	 99.96000
169.20000	 44.06983	 97.20000
169.80000	 43.52370	 96.29000
170.40000	 45.44755	 99.29000
171.00000	 44.94971	 98.36000
171.60000	 44.23953	 97.08000
172.20000	 42.53542	 94.02000
172.80000	 42.14667	 92.87000
173.40000	 44.23866	 95.69000
174.00000	 45.33552	 97.04000
174.60000	 45.49540	 97.09000
175.20000	 43.86929	 94.30000
175.80000	 43.50154	 93.48000
176.40000	 44.30376	 94.50000
177.00000	 46.02789	 97.13000
177.60000	 46.61902	 98.14000
178.20000	 46.09439	 97.51000
178.80000	 44.82562	 95.67000
179.40000	 42.27180	 91.49000
180.00000	 44.36767	 94.68000
180.60000	 44.53255	 94.68000
181.20000	 44.32761	 94.12000
181.80000	 43.89463	 93.18000
182.40000	 42.79866	 91.06000
183.00000	 42.24503	 89.66000
183.60000	 43.85507	 91.73000
184.20000	 45.06549	 93.28000
184.80000	 44.94311	 92.85000
185.40000	 44.60413	 92.18000
186.00000	 43.42048	 90.10000
186.60000	 43.32115	 89.68000
187.20000	 44.41983	 91.18000
187.80000	 45.11195	 92.11000
188.40000	 44.38905	 90.82000
189.00000	 43.93880	 89.97000
189.60000	 43.10222	 88.39000
190.20000	 43.75631	 89.16000
190.80000	 45.77599	 92.25000
191.40000	 46.02007	 92.66000
192.00000	 45.43242	 91.87000
192.60000	 44.93586	 91.25000
193.20000	 43.64472	 89.22000
193.80000	 44.65427	 90.84000
194.40000	 45.59807	 92.38000
195.00000	 45.67108	 92.61000
195.60000	 43.74509	 89.56000
196.20000	 42.83470	 87.98000
196.80000	 42.62106	 87.31000
197.40000	 44.33248	 89.72000
198.00000	 45.41297	 91.24000
198.60000	 46.55343	 93.12000
199.20000	 45.88132	 92.25000
199.80000	 45.71375	 92.29000
200.40000	 45.80560	 92.77000
201.00000	 47.13461	 95.35000
201.60000	 48.48485	 98.17000
202.20000	 47.82274	 97.90000
202.80000	 48.80018	100.45000
203.40000	 47.45710	 99.25000
204.00000	 46.50879	 98.59000
204.60000	 45.82087	 98.15000
205.20000	 46.32197	 99.49000
205.80000	 47.24280	101.49000
206.40000	 46.73017	101.18000
207.00000	 45.84757	100.22000
207.60000	 43.72225	 97.01000
208.20000	 42.72613	 95.30000
208.80000	 42.75748	 94.96000
209.40000	 43.82744	 96.19000
210.00000	 44.28629	 96.46000
210.60000	 44.08031	 95.72000
211.20000	 44.42428	 95.94000
211.80000	 43.52859	 94.14000
212.40000	 43.80874	 94.23000
